{
"metadata": {
    "version": {
        "essentia": "2.1-beta6-dev",
        "essentia_git_sha": "v2.1_beta5-778-gc9eadba6",
        "extractor": "music 2.0"
    },
    "audio_properties": {
        "analysis": {
            "equal_loudness": 0,
            "length": 11.9999771118,
            "sample_rate": 44100,
            "start_time": 0,
            "downmix": "mix"
        },
        "bit_rate": 128000,
        "length": 12,
        "lossless": 0,
        "number_channels": 2,
        "replay_gain": 2.08324623108,
        "sample_rate": 48000,
        "codec": "mp3",
        "md5_encoded": "1dc0e12e2faa30c95854dfa6281d4329"
    },
    "tags": {
        "file_name": "abhimujhmeinkahin-sonunigam.mp3",
        "encoding": ["Lavf59.16.100"]
    }
},
"lowlevel": {
    "average_loudness": 0.967472672462,
    "barkbands_crest": {
        "dmean": 3.00197553635,
        "dmean2": 4.89319562912,
        "dvar": 6.52114105225,
        "dvar2": 15.1701059341,
        "max": 24.0444507599,
        "mean": 11.8066177368,
        "median": 10.727976799,
        "min": 3.76991939545,
        "stdev": 4.83188390732,
        "var": 23.3471012115
    },
    "barkbands_flatness_db": {
        "dmean": 0.0234238132834,
        "dmean2": 0.036621876061,
        "dvar": 0.000398886884796,
        "dvar2": 0.00084561703261,
        "max": 0.399907678366,
        "mean": 0.209311962128,
        "median": 0.195718362927,
        "min": 0.0766805186868,
        "stdev": 0.0570931173861,
        "var": 0.00325962412171
    },
    "barkbands_kurtosis": {
        "dmean": 2.26176166534,
        "dmean2": 3.67730641365,
        "dvar": 9.72999572754,
        "dvar2": 25.1868438721,
        "max": 46.0604553223,
        "mean": 2.58278298378,
        "median": 1.11386704445,
        "min": -1.76875519753,
        "stdev": 4.98213338852,
        "var": 24.8216552734
    },
    "barkbands_skewness": {
        "dmean": 0.568194150925,
        "dmean2": 0.919362902641,
        "dvar": 0.243886366487,
        "dvar2": 0.596537053585,
        "max": 5.46165943146,
        "mean": 1.06598389149,
        "median": 0.925165891647,
        "min": -1.65034484863,
        "stdev": 0.969011485577,
        "var": 0.938983261585
    },
    "barkbands_spread": {
        "dmean": 3.1003036499,
        "dmean2": 4.91714048386,
        "dvar": 8.4172296524,
        "dvar2": 20.3674488068,
        "max": 34.2739219666,
        "mean": 11.4421825409,
        "median": 11.0709047318,
        "min": 0.924255430698,
        "stdev": 5.43909692764,
        "var": 29.583776474
    },
    "dissonance": {
        "dmean": 0.0348069816828,
        "dmean2": 0.0585316382349,
        "dvar": 0.000971856410615,
        "dvar2": 0.00246752030216,
        "max": 0.499387025833,
        "mean": 0.41765922308,
        "median": 0.426211297512,
        "min": 0.240140035748,
        "stdev": 0.0484058447182,
        "var": 0.00234312564135
    },
    "dynamic_complexity": 3.40184259415,
    "erbbands_crest": {
        "dmean": 3.49554347992,
        "dmean2": 5.65392780304,
        "dvar": 8.65182113647,
        "dvar2": 20.9715518951,
        "max": 29.0680618286,
        "mean": 13.330037117,
        "median": 12.8450756073,
        "min": 3.12527275085,
        "stdev": 4.75714349747,
        "var": 22.6304130554
    },
    "erbbands_flatness_db": {
        "dmean": 0.0196905266494,
        "dmean2": 0.0304547585547,
        "dvar": 0.000283791567199,
        "dvar2": 0.000602453423198,
        "max": 0.443606227636,
        "mean": 0.2546415627,
        "median": 0.246801674366,
        "min": 0.105073012412,
        "stdev": 0.0454679243267,
        "var": 0.002067332156
    },
    "erbbands_kurtosis": {
        "dmean": 1.39101874828,
        "dmean2": 2.23938751221,
        "dvar": 2.42208552361,
        "dvar2": 5.47828483582,
        "max": 21.3550376892,
        "mean": 1.12010610104,
        "median": 0.306334614754,
        "min": -1.78127157688,
        "stdev": 2.68602871895,
        "var": 7.21474981308
    },
    "erbbands_skewness": {
        "dmean": 0.491386592388,
        "dmean2": 0.782542169094,
        "dvar": 0.160145998001,
        "dvar2": 0.397671699524,
        "max": 3.70658493042,
        "mean": 0.514348745346,
        "median": 0.496821343899,
        "min": -3.93727469444,
        "stdev": 0.867977499962,
        "var": 0.753384947777
    },
    "erbbands_spread": {
        "dmean": 4.37809944153,
        "dmean2": 7.12352466583,
        "dvar": 14.0551052094,
        "dvar2": 35.2500457764,
        "max": 46.9551582336,
        "mean": 17.6662445068,
        "median": 17.6125183105,
        "min": 2.69997859001,
        "stdev": 6.35232973099,
        "var": 40.3520927429
    },
    "hfc": {
        "dmean": 4.54802513123,
        "dmean2": 7.11264848709,
        "dvar": 34.7419013977,
        "dvar2": 76.6824111938,
        "max": 77.3832244873,
        "mean": 14.6825771332,
        "median": 10.1488513947,
        "min": 1.18266909086e-16,
        "stdev": 13.369427681,
        "var": 178.741607666
    },
    "loudness_ebu128": {
        "integrated": -24.0480270386,
        "loudness_range": 3.57426834106,
        "momentary": {
            "dmean": 0.874603509903,
            "dmean2": 0.650550484657,
            "dvar": 0.559664964676,
            "dvar2": 0.271942794323,
            "max": -19.6754360199,
            "mean": -25.399810791,
            "median": -24.6862506866,
            "min": -39.8786621094,
            "stdev": 3.7266330719,
            "var": 13.887793541
        },
        "short_term": {
            "dmean": 0.140509441495,
            "dmean2": 0.0828710645437,
            "dvar": 0.00874956976622,
            "dvar2": 0.00639251666144,
            "max": -22.3030834198,
            "mean": -24.2311573029,
            "median": -23.9185390472,
            "min": -26.9708595276,
            "stdev": 1.32505881786,
            "var": 1.75578093529
        }
    },
    "melbands_crest": {
        "dmean": 3.40544962883,
        "dmean2": 5.44257354736,
        "dvar": 8.61940097809,
        "dvar2": 22.34126091,
        "max": 28.8468360901,
        "mean": 14.9810647964,
        "median": 14.2761421204,
        "min": 2.36105418205,
        "stdev": 5.32879304886,
        "var": 28.3960342407
    },
    "melbands_flatness_db": {
        "dmean": 0.0255685467273,
        "dmean2": 0.0389858521521,
        "dvar": 0.000593468372244,
        "dvar2": 0.00108481408097,
        "max": 0.497540324926,
        "mean": 0.263091802597,
        "median": 0.247323647141,
        "min": 0.0105968266726,
        "stdev": 0.0718122124672,
        "var": 0.00515699386597
    },
    "melbands_kurtosis": {
        "dmean": 3.30629134178,
        "dmean2": 5.38223981857,
        "dvar": 16.7623195648,
        "dvar2": 41.9105644226,
        "max": 50.5925521851,
        "mean": 4.57869768143,
        "median": 2.58561444283,
        "min": -1.86734378338,
        "stdev": 6.437292099,
        "var": 41.4387321472
    },
    "melbands_skewness": {
        "dmean": 0.593128323555,
        "dmean2": 0.966484189034,
        "dvar": 0.292489975691,
        "dvar2": 0.764442980289,
        "max": 5.15148973465,
        "mean": 1.4370405674,
        "median": 1.21784687042,
        "min": -0.658733248711,
        "stdev": 0.967133164406,
        "var": 0.935346603394
    },
    "melbands_spread": {
        "dmean": 5.39243030548,
        "dmean2": 8.65060997009,
        "dvar": 46.6917076111,
        "dvar2": 81.2957611084,
        "max": 127.756134033,
        "mean": 16.6630191803,
        "median": 15.2095375061,
        "min": 1.13168597221,
        "stdev": 10.1295909882,
        "var": 102.60861969
    },
    "pitch_salience": {
        "dmean": 0.0759604647756,
        "dmean2": 0.129910588264,
        "dvar": 0.00453824969009,
        "dvar2": 0.0119548076764,
        "max": 0.799584448338,
        "mean": 0.492663055658,
        "median": 0.493954837322,
        "min": 0.173334658146,
        "stdev": 0.10586797446,
        "var": 0.0112080276012
    },
    "silence_rate_20dB": {
        "dmean": 0,
        "dmean2": 0,
        "dvar": 0,
        "dvar2": 0,
        "max": 1,
        "mean": 1,
        "median": 1,
        "min": 1,
        "stdev": 0,
        "var": 0
    },
    "silence_rate_30dB": {
        "dmean": 0,
        "dmean2": 0,
        "dvar": 0,
        "dvar2": 0,
        "max": 1,
        "mean": 1,
        "median": 1,
        "min": 1,
        "stdev": 0,
        "var": 0
    },
    "silence_rate_60dB": {
        "dmean": 0.0154738882557,
        "dmean2": 0.0310077518225,
        "dvar": 0.0152344293892,
        "dvar2": 0.0339221693575,
        "max": 1,
        "mean": 0.0810810774565,
        "median": 0,
        "min": 0,
        "stdev": 0.272960454226,
        "var": 0.0745074078441
    },
    "spectral_centroid": {
        "dmean": 180.023468018,
        "dmean2": 274.255554199,
        "dvar": 218543.921875,
        "dvar2": 247864.71875,
        "max": 10900.1816406,
        "mean": 938.427734375,
        "median": 874.704956055,
        "min": 319.123474121,
        "stdev": 562.012023926,
        "var": 315857.53125
    },
    "spectral_complexity": {
        "dmean": 1.69825923443,
        "dmean2": 2.82945728302,
        "dvar": 2.11398005486,
        "dvar2": 5.66858386993,
        "max": 22,
        "mean": 11.0173749924,
        "median": 11,
        "min": 0,
        "stdev": 4.23007154465,
        "var": 17.8935050964
    },
    "spectral_decrease": {
        "dmean": 1.74493308691e-09,
        "dmean2": 2.69557554056e-09,
        "dvar": 5.17512811662e-18,
        "dvar2": 1.0557118388e-17,
        "max": -6.07179086326e-29,
        "mean": -5.17986409321e-09,
        "median": -3.96713195627e-09,
        "min": -2.58213574966e-08,
        "stdev": 4.58295890127e-09,
        "var": 2.10035103792e-17
    },
    "spectral_energy": {
        "dmean": 0.00695737684146,
        "dmean2": 0.0107557084411,
        "dvar": 8.2102160377e-05,
        "dvar2": 0.00016750744544,
        "max": 0.104474641383,
        "mean": 0.020881773904,
        "median": 0.0157038327307,
        "min": 1.09563270995e-20,
        "stdev": 0.0183937959373,
        "var": 0.000338331738021
    },
    "spectral_energyband_high": {
        "dmean": 1.43642409967e-05,
        "dmean2": 2.2954745873e-05,
        "dvar": 4.69610683673e-10,
        "dvar2": 1.27731258903e-09,
        "max": 0.000292022741633,
        "mean": 6.32272349321e-05,
        "median": 3.90221539419e-05,
        "min": 7.69612961667e-21,
        "stdev": 6.56166957924e-05,
        "var": 4.30555102682e-09
    },
    "spectral_energyband_low": {
        "dmean": 0.000738694565371,
        "dmean2": 0.00122592877597,
        "dvar": 8.06072603154e-06,
        "dvar2": 2.19016656047e-05,
        "max": 0.0583657808602,
        "mean": 0.00306543149054,
        "median": 0.00071029632818,
        "min": 1.85536708583e-23,
        "stdev": 0.00602679001167,
        "var": 3.63221988664e-05
    },
    "spectral_energyband_middle_high": {
        "dmean": 0.00277390610427,
        "dmean2": 0.00455340882763,
        "dvar": 1.38188570418e-05,
        "dvar2": 3.72352078557e-05,
        "max": 0.0364491306245,
        "mean": 0.00606104498729,
        "median": 0.00394427217543,
        "min": 1.80564157315e-21,
        "stdev": 0.00656186183915,
        "var": 4.30580294051e-05
    },
    "spectral_energyband_middle_low": {
        "dmean": 0.00569510366768,
        "dmean2": 0.00868768710643,
        "dvar": 5.58303727303e-05,
        "dvar2": 0.000106448707811,
        "max": 0.0859695374966,
        "mean": 0.0120127405971,
        "median": 0.00753057515249,
        "min": 4.03765239339e-22,
        "stdev": 0.0129788359627,
        "var": 0.000168450176716
    },
    "spectral_entropy": {
        "dmean": 0.187707826495,
        "dmean2": 0.277122348547,
        "dvar": 0.0346414633095,
        "dvar2": 0.0567043796182,
        "max": 9.81824493408,
        "mean": 6.81730413437,
        "median": 6.92885780334,
        "min": 5.33614253998,
        "stdev": 0.47147244215,
        "var": 0.222286254168
    },
    "spectral_flux": {
        "dmean": 0.019413029775,
        "dmean2": 0.0335485264659,
        "dvar": 0.000399978773203,
        "dvar2": 0.00114920234773,
        "max": 0.197604909539,
        "mean": 0.0609355196357,
        "median": 0.0565145611763,
        "min": 1.04672472079e-10,
        "stdev": 0.0330764614046,
        "var": 0.00109405221883
    },
    "spectral_kurtosis": {
        "dmean": 4.26286363602,
        "dmean2": 7.29889059067,
        "dvar": 39.8345794678,
        "dvar2": 112.208709717,
        "max": 105.001808167,
        "mean": 13.6051826477,
        "median": 8.80592536926,
        "min": -1.20650434494,
        "stdev": 14.1128492355,
        "var": 199.172515869
    },
    "spectral_rms": {
        "dmean": 0.000703692843672,
        "dmean2": 0.00107166823,
        "dvar": 5.2399246897e-07,
        "dvar2": 1.05389096916e-06,
        "max": 0.0100958645344,
        "mean": 0.00409105233848,
        "median": 0.00391414295882,
        "min": 3.26941880686e-12,
        "stdev": 0.00190675875638,
        "var": 3.63572894457e-06
    },
    "spectral_rolloff": {
        "dmean": 318.582946777,
        "dmean2": 531.06854248,
        "dvar": 686391.625,
        "dvar2": 818201.6875,
        "max": 18647.7539062,
        "mean": 1144.4609375,
        "median": 990.52734375,
        "min": 193.798828125,
        "stdev": 920.373535156,
        "var": 847087.4375
    },
    "spectral_skewness": {
        "dmean": 0.351543754339,
        "dmean2": 0.589678108692,
        "dvar": 0.166503965855,
        "dvar2": 0.443302601576,
        "max": 7.87462282181,
        "mean": 2.52385258675,
        "median": 2.14651823044,
        "min": 0.00208963337354,
        "stdev": 1.02458226681,
        "var": 1.04976892471
    },
    "spectral_spread": {
        "dmean": 305067.46875,
        "dmean2": 416698.03125,
        "dvar": 1.63840196608e+12,
        "dvar2": 692897841152,
        "max": 41293112,
        "mean": 2824203.5,
        "median": 2883423,
        "min": 762285.875,
        "stdev": 1898876.375,
        "var": 3.60573147546e+12
    },
    "spectral_strongpeak": {
        "dmean": 0.688739478588,
        "dmean2": 1.11554861069,
        "dvar": 0.590318799019,
        "dvar2": 1.43438065052,
        "max": 7.39641237259,
        "mean": 1.57474768162,
        "median": 1.21277070045,
        "min": 2.58110782747e-10,
        "stdev": 1.34146642685,
        "var": 1.79953205585
    },
    "zerocrossingrate": {
        "dmean": 0.00587165309116,
        "dmean2": 0.0071321236901,
        "dvar": 0.000170303188497,
        "dvar2": 0.00014772565919,
        "max": 0.50146484375,
        "mean": 0.0412173457444,
        "median": 0.0380859375,
        "min": 0.01318359375,
        "stdev": 0.0314378887415,
        "var": 0.000988340936601
    },
    "barkbands": {
        "dmean": [1.04295240817e-05, 0.000275227910606, 0.000476506626001, 0.000205038290005, 0.000166555444594, 0.000705517129973, 0.0033898006659, 0.00189949281048, 0.00016170089657, 0.000137730297865, 0.00219854200259, 0.000461425166577, 0.000229449520702, 0.000298172119074, 0.000558356696274, 0.000256829283899, 0.000150962965563, 7.18108203728e-05, 4.43893441116e-05, 1.70937273651e-05, 8.6746940724e-06, 4.79352911498e-06, 2.62989033217e-06, 1.52908160089e-06, 9.71774284153e-07, 3.49185825144e-07, 7.44226957838e-10],
        "dmean2": [1.82385138032e-05, 0.000450368708698, 0.000784244271927, 0.000335633929353, 0.00024021200079, 0.00117052753922, 0.00508235860616, 0.00290389661677, 0.000270887976512, 0.000230227713473, 0.00369838858023, 0.000686193001457, 0.000391623325413, 0.000504864146933, 0.000936887809075, 0.000434295652667, 0.000257714593317, 0.000122710160213, 7.64337164583e-05, 2.96774505841e-05, 1.45264502862e-05, 8.07656851975e-06, 4.29855663242e-06, 2.54826636592e-06, 1.53479982146e-06, 5.61041133551e-07, 1.35717548311e-09],
        "dvar": [4.60609328456e-10, 3.79453865662e-07, 4.1488287934e-06, 5.46149976799e-07, 8.27890929145e-08, 4.36866503151e-06, 3.421393194e-05, 2.52039899351e-05, 1.9084487235e-07, 8.78666668314e-08, 1.29323607325e-05, 2.36144592236e-06, 2.03677544164e-07, 3.88824105357e-07, 8.6570332769e-07, 6.23590608484e-07, 6.01288903113e-08, 1.455862364e-08, 5.6063447218e-09, 9.54300527489e-10, 1.92024465773e-10, 6.15841128093e-11, 1.43583417725e-11, 5.03695392687e-12, 2.12297258766e-12, 2.71468801214e-13, 1.94249449544e-18],
        "dvar2": [1.34225219828e-09, 1.09020652417e-06, 1.07131609184e-05, 1.60236345437e-06, 1.54637106675e-07, 1.11705339805e-05, 5.98765873292e-05, 5.28255186509e-05, 4.07878957276e-07, 2.32108234854e-07, 3.68330875062e-05, 4.60455157736e-06, 5.57667021894e-07, 1.10393114028e-06, 2.54328051597e-06, 1.71210876942e-06, 1.68018274849e-07, 4.0810373747e-08, 1.57424100422e-08, 2.73336708823e-09, 5.27193733113e-10, 1.58986393495e-10, 3.79304122833e-11, 1.48658411969e-11, 5.4430366464e-12, 7.00171528829e-13, 6.3637126242e-18],
        "max": [0.000227942771744, 0.00755593506619, 0.0425289347768, 0.0128453727812, 0.00522109027952, 0.0414505004883, 0.0620573908091, 0.0854542851448, 0.00784346275032, 0.00411100313067, 0.0303096361458, 0.0289960801601, 0.00464587798342, 0.0068037295714, 0.00710804620758, 0.0132968118414, 0.00199436536059, 0.00134276575409, 0.000668600667268, 0.000320118444506, 0.000163205419085, 8.88327194843e-05, 4.04285783588e-05, 3.04395452986e-05, 2.11831411434e-05, 6.33563968222e-06, 1.59991859761e-08],
        "mean": [1.4346151147e-05, 0.000988942338154, 0.0017609911738, 0.000513283419423, 0.000469589955173, 0.00133557058871, 0.00574499368668, 0.00336577440612, 0.000515167543199, 0.000210751997656, 0.00284630898386, 0.00074723130092, 0.000317345838994, 0.000420782045694, 0.000771865481511, 0.000351874536136, 0.000225608193432, 0.000116521776363, 7.69841280999e-05, 3.55661795766e-05, 2.11038459383e-05, 1.27962966872e-05, 7.81709422881e-06, 5.47561876374e-06, 4.01944771511e-06, 1.06789468646e-06, 8.9068774578e-10],
        "median": [5.46428418602e-06, 0.000290967931505, 0.000310802599415, 0.000116585681099, 0.00020764299552, 0.000189785641851, 0.00164594454691, 0.00094473909121, 0.0001134543636, 9.08264628379e-05, 0.0008134591626, 0.000101558369352, 9.79579417617e-05, 0.00011287448433, 0.000302741216728, 7.50365943532e-05, 9.55966243055e-05, 6.33720992482e-05, 4.2133309762e-05, 1.93489158846e-05, 1.13174601211e-05, 7.79893980507e-06, 4.98002191307e-06, 3.43286819771e-06, 2.50614243669e-06, 5.17682337886e-07, 5.19660092735e-10],
        "min": [1.39553993106e-25, 1.55237097639e-24, 1.57511541401e-23, 9.43799261235e-24, 5.95244083712e-23, 5.97999227755e-23, 1.10024790723e-22, 4.77890958195e-23, 5.62852823855e-23, 2.43716140666e-22, 4.32060285304e-23, 7.45928949057e-23, 6.66182747713e-23, 1.07863072029e-22, 1.48574037646e-22, 2.29794626333e-22, 2.09724136881e-22, 1.08666094565e-22, 3.82875293801e-22, 3.29950022447e-22, 5.3758823439e-22, 4.66859394768e-22, 5.08859106669e-22, 1.11781282299e-21, 1.19316633126e-21, 1.70240313191e-21, 2.27759738802e-21],
        "stdev": [2.43561225943e-05, 0.00141007499769, 0.00441389670596, 0.00107714976184, 0.000692297820933, 0.00382512970828, 0.00982072204351, 0.00866619776934, 0.0010648133466, 0.000377420074074, 0.00466611701995, 0.00252645625733, 0.000532931240741, 0.000758136215154, 0.00112046161667, 0.00107975304127, 0.000315153243719, 0.000153840635903, 0.000102520010842, 4.38678216597e-05, 2.55982777162e-05, 1.47754535647e-05, 8.43336056278e-06, 5.95673554926e-06, 4.22025823354e-06, 1.19985861602e-06, 1.17056031534e-09],
        "var": [5.932207503e-10, 1.98831139642e-06, 1.94824824575e-05, 1.160251486e-06, 4.79276252463e-07, 1.46316178871e-05, 9.64465798461e-05, 7.51029801904e-05, 1.13382736799e-06, 1.42445912843e-07, 2.17726465053e-05, 6.38298115518e-06, 2.84015698071e-07, 5.74770524508e-07, 1.25543419927e-06, 1.16586670629e-06, 9.93215607537e-08, 2.36669421838e-08, 1.05103525883e-08, 1.92438576185e-09, 6.55271836791e-10, 2.1831401964e-10, 7.11215669691e-11, 3.54827001114e-11, 1.78105794002e-11, 1.43966067366e-12, 1.3702115532e-18]
    },
    "erbbands": {
        "dmean": [0.0046193250455, 0.0805182382464, 0.477779269218, 0.673349916935, 0.634632885456, 0.46452909708, 0.497373074293, 7.29662513733, 19.3157596588, 76.2382354736, 32.0833702087, 3.2766327858, 5.20259189606, 44.4377326965, 57.3340950012, 14.610162735, 8.27969837189, 14.9330186844, 11.3685493469, 33.3811035156, 14.8933839798, 7.70994472504, 3.85053610802, 2.06290268898, 1.70410943031, 0.856489181519, 0.47896578908, 0.238768428564, 0.179010033607, 0.10306686908, 0.071286469698, 0.0365697592497, 0.0252156667411, 0.0134845701978, 0.00812775734812, 0.00255682319403, 0.000392740184907, 7.62106765251e-06, 3.43048100149e-06, 7.92597802501e-06],
        "dmean2": [0.00779107026756, 0.132409662008, 0.804206669331, 1.12843203545, 0.858342707157, 0.720502734184, 0.821945548058, 12.1707201004, 28.9861373901, 115.755882263, 47.9843215942, 5.19307994843, 8.66806983948, 74.9459533691, 94.100692749, 22.3802947998, 13.8900289536, 25.261472702, 19.6080284119, 57.3366203308, 24.324634552, 12.9467248917, 6.53924608231, 3.57851409912, 2.89879631996, 1.47915685177, 0.830079376698, 0.38647043705, 0.305104017258, 0.169346913695, 0.116940528154, 0.0600123293698, 0.0418978184462, 0.0221185535192, 0.0133426794782, 0.00406159134582, 0.000637247751001, 1.2188130313e-05, 5.26922030986e-06, 1.22625770018e-05],
        "dvar": [9.91493361653e-05, 0.0380806475878, 3.06022763252, 9.00934123993, 2.45028758049, 0.622995018959, 0.576289713383, 438.703277588, 1228.71374512, 13941.7480469, 9211.984375, 52.4651794434, 123.148025513, 8010.79003906, 8033.6953125, 2225.00097656, 301.864624023, 704.905761719, 721.178955078, 3423.19091797, 2732.59033203, 162.92338562, 42.8715362549, 12.5889482498, 9.18222904205, 2.35327959061, 0.661968171597, 0.142469972372, 0.091216146946, 0.020624127239, 0.0105857364833, 0.00259164185263, 0.00139090407174, 0.000382723053917, 0.00014285944053, 1.29052432385e-05, 3.84187330837e-07, 1.36710309739e-10, 1.96517923462e-11, 1.06286382473e-10],
        "dvar2": [0.000237929605646, 0.114389270544, 8.50002765656, 25.0097084045, 4.42098474503, 1.39054238796, 1.42683410645, 1149.76843262, 2045.39868164, 27671.0644531, 19175.1445312, 125.918914795, 281.7081604, 23056.9667969, 21427.8105469, 4871.28125, 835.806762695, 1892.8951416, 2137.24926758, 10436.7958984, 7308.46875, 421.816864014, 123.087005615, 36.4775047302, 25.6413288116, 6.6700758934, 1.95783030987, 0.378996968269, 0.251259684563, 0.0546467527747, 0.0282040685415, 0.0070323208347, 0.00409454619512, 0.000997361494228, 0.000394180067815, 3.24474749505e-05, 9.63824277278e-07, 3.37442546128e-10, 3.9474604141e-11, 2.16610396286e-10],
        "max": [0.199186354876, 2.38750624657, 34.4058418274, 60.3916168213, 31.8748989105, 8.8049621582, 8.46297264099, 386.057312012, 448.629241943, 935.766540527, 1594.27270508, 89.740562439, 188.415924072, 1135.17712402, 824.501159668, 754.23626709, 187.428848267, 397.937011719, 343.32421875, 434.308410645, 911.715332031, 130.572463989, 81.5643081665, 34.6018028259, 29.2108249664, 16.5764770508, 8.09635353088, 3.91106104851, 3.66420888901, 1.61200833321, 1.23745262623, 0.662288546562, 0.460018664598, 0.268424212933, 0.147911995649, 0.0467100925744, 0.00788683444262, 0.000156951035024, 5.79129336984e-05, 0.000121906596178],
        "mean": [0.0184122286737, 0.273515254259, 1.587667346, 2.25826954842, 1.93964755535, 1.27307355404, 1.05633032322, 13.8523654938, 37.1344947815, 128.922012329, 57.2665252686, 9.37709236145, 14.4891824722, 57.2254486084, 81.304107666, 25.2402019501, 12.6487340927, 24.1360263824, 17.1887397766, 46.6827583313, 23.7325210571, 12.7044668198, 6.84654378891, 4.02477502823, 3.18429160118, 1.80160093307, 1.07698476315, 0.630666971207, 0.46850246191, 0.312133163214, 0.204990640283, 0.118971146643, 0.08725656569, 0.0528368204832, 0.0255225058645, 0.00891753472388, 0.000995718524791, 2.43472695729e-05, 1.19800588436e-05, 2.43961640081e-05],
        "median": [0.00760458782315, 0.0694409161806, 0.289145112038, 0.496049761772, 0.548215150833, 0.483634591103, 0.672264814377, 2.4987244606, 12.8396835327, 45.357749939, 19.0626182556, 4.33310127258, 4.48946857452, 15.6434659958, 28.6270141602, 6.43850135803, 5.65471601486, 10.8846340179, 7.18775177002, 20.0940971375, 6.37966156006, 6.63632059097, 3.87055468559, 2.57450246811, 1.85474705696, 1.1064620018, 0.581148386002, 0.357493817806, 0.272390246391, 0.193617582321, 0.121265128255, 0.0689500272274, 0.0574285835028, 0.0328376628458, 0.015325050801, 0.00441670743749, 0.000485958560603, 1.32325203595e-05, 9.04809166968e-06, 1.79260150617e-05],
        "min": [3.67960982242e-23, 6.87936994502e-22, 1.30541152941e-20, 2.53141872833e-20, 1.61875937154e-19, 1.55878024683e-19, 2.92965478529e-19, 6.09556786317e-19, 9.80965482546e-19, 2.30384172859e-18, 7.27509432945e-19, 1.45801522426e-18, 4.98505772829e-18, 5.32230960379e-18, 2.03312557323e-18, 3.92430199027e-18, 3.51382312387e-18, 3.20874030239e-18, 9.52848786344e-18, 9.93785623987e-18, 1.11756327649e-17, 1.14918242084e-17, 7.19684273331e-18, 1.80100363866e-17, 1.8034196678e-17, 1.39775457897e-17, 1.52006034629e-17, 2.25594701987e-17, 1.63368948529e-17, 1.59596955305e-17, 1.63745894734e-17, 1.71773219358e-17, 2.20134267696e-17, 1.71914220565e-17, 6.36160662236e-18, 4.90957873817e-18, 3.75022679344e-18, 1.49843199277e-18, 3.02838654622e-19, 3.04147881199e-20],
        "stdev": [0.0267661213875, 0.417036294937, 3.51357841492, 5.2980761528, 4.05647945404, 1.67187893391, 1.28036427498, 36.3030700684, 65.8983383179, 187.329238892, 159.224884033, 14.0159835815, 25.2324295044, 110.492698669, 125.885772705, 72.4831542969, 20.1037826538, 35.2956733704, 31.0757541656, 69.4524459839, 72.2051086426, 16.9278430939, 8.98510360718, 4.8569278717, 4.04341888428, 2.1844933033, 1.29750823975, 0.740579366684, 0.545584022999, 0.336475044489, 0.22361561656, 0.129755571485, 0.0946605876088, 0.0555328316987, 0.0277565289289, 0.00955792702734, 0.0012284234399, 2.71225962933e-05, 1.01906680356e-05, 2.13170515053e-05],
        "var": [0.000716425303835, 0.173919260502, 12.3452329636, 28.0696086884, 16.4550266266, 2.79517936707, 1.63933265209, 1317.91296387, 4342.59082031, 35092.2421875, 25352.5625, 196.447799683, 636.675537109, 12208.6357422, 15847.2275391, 5253.80810547, 404.162109375, 1245.7845459, 965.702453613, 4823.64208984, 5213.578125, 286.551849365, 80.7320861816, 23.5897464752, 16.349237442, 4.77201080322, 1.68352770805, 0.548457801342, 0.297661930323, 0.113215446472, 0.0500039458275, 0.0168365091085, 0.00896062701941, 0.00308389519341, 0.000770424900111, 9.13539624889e-05, 1.50902405949e-06, 7.35635219407e-10, 1.03849706612e-10, 4.54416698714e-10]
    },
    "gfcc": {
        "mean": [-80.5964508057, 130.570678711, -150.199905396, 3.85387706757, -56.8980827332, 11.6036882401, -36.2391815186, 17.7260227203, -8.05878925323, 2.9849126339, -5.28760719299, -5.31262397766, -7.72708368301],
        "cov": [[9536.33691406, -1014.6484375, -1450.45959473, 573.932189941, -134.474212646, 472.424713135, 106.847099304, 521.812927246, 347.660125732, 956.722839355, 142.358215332, 10.6778011322, -19.079788208], [-1014.6484375, 2032.97485352, 1133.96154785, -108.030685425, 316.180053711, -73.0185317993, 80.1497116089, -325.973236084, -234.214080811, -613.606994629, -92.0120697021, -191.122680664, 24.7368030548], [-1450.45959473, 1133.96154785, 927.083862305, -9.0597410202, 198.696487427, -52.6521034241, 54.1354866028, -188.349212646, -157.306289673, -447.523956299, -98.3029174805, -104.284362793, -30.5110034943], [573.932189941, -108.030685425, -9.0597410202, 342.946411133, 65.0593490601, 131.047042847, 19.22706604, 51.5430221558, 13.0133533478, 12.8252735138, -70.632484436, -42.1361618042, -40.832736969], [-134.474212646, 316.180053711, 198.696487427, 65.0593490601, 187.247360229, 91.6646270752, 67.177116394, -47.3877449036, -41.4728736877, -52.4924049377, -13.0071611404, -50.8345413208, -14.4532527924], [472.424713135, -73.0185317993, -52.6521034241, 131.047042847, 91.6646270752, 186.892593384, 91.7158355713, 40.2259521484, 8.18419933319, 29.709318161, -12.9299287796, -23.0514659882, -40.9650382996], [106.847099304, 80.1497116089, 54.1354866028, 19.22706604, 67.177116394, 91.7158355713, 126.93711853, 30.4280891418, 6.64076089859, -23.3204059601, 2.33835506439, -24.5494842529, -28.4201850891], [521.812927246, -325.973236084, -188.349212646, 51.5430221558, -47.3877449036, 40.2259521484, 30.4280891418, 126.173736572, 73.6591110229, 101.064903259, 2.03747081757, 11.631231308, -26.4510135651], [347.660125732, -234.214080811, -157.306289673, 13.0133533478, -41.4728736877, 8.18419933319, 6.64076089859, 73.6591110229, 117.983642578, 93.603263855, 23.5844841003, -1.01074755192, -26.5364665985], [956.722839355, -613.606994629, -447.523956299, 12.8252735138, -52.4924049377, 29.709318161, -23.3204059601, 101.064903259, 93.603263855, 428.599884033, 103.878051758, 53.3679542542, 35.1478157043], [142.358215332, -92.0120697021, -98.3029174805, -70.632484436, -13.0071611404, -12.9299287796, 2.33835506439, 2.03747081757, 23.5844841003, 103.878051758, 93.4324874878, 36.4984359741, 11.9151353836], [10.6778011322, -191.122680664, -104.284362793, -42.1361618042, -50.8345413208, -23.0514659882, -24.5494842529, 11.631231308, -1.01074755192, 53.3679542542, 36.4984359741, 83.4362335205, 36.6698379517], [-19.079788208, 24.7368030548, -30.5110034943, -40.832736969, -14.4532527924, -40.9650382996, -28.4201850891, -26.4510135651, -26.5364665985, 35.1478157043, 11.9151353836, 36.6698379517, 95.08152771]],
        "icov": [[0.00038216606481, -0.00112732546404, 0.000856432481669, -0.000573966884986, 0.000958685239311, -0.0009360301774, 0.000376398093067, -0.00139355729334, -4.38441711594e-05, -0.000995308859274, 0.000204566560569, -0.000914525822736, 0.00054834515322], [-0.00112732546404, 0.00665037333965, -0.00458231149241, 0.00220173667185, -0.00429286248982, 0.00296193105169, -0.00137675506994, 0.00552804861218, 0.000545411370695, 0.00525533314794, -0.00375129352324, 0.00840156897902, -0.00529197044671], [0.000856432481669, -0.00458231149241, 0.00741704879329, -0.002447119914, -0.000582783541176, 0.00207883422263, -0.00156612368301, -0.00200319685973, 0.000866265210789, -0.00111059367191, 0.00284630595706, -0.00514827901497, 0.00475598778576], [-0.000573966884986, 0.00220173667185, -0.002447119914, 0.00689058424905, -0.00234422157519, -0.00355227594264, 0.00335547490977, -0.000234803766944, -0.000199465517653, 0.000991567852907, 0.00277035613544, 0.00289243808948, -0.00134815927595], [0.000958685239311, -0.00429286248982, -0.000582783541176, -0.00234422157519, 0.018525313586, -0.0102915326133, -0.00088623422198, 0.000281025830191, 0.000168716447661, -0.00594202941284, -0.000413161382312, -9.37570894166e-06, 0.00060977746034], [-0.0009360301774, 0.00296193105169, 0.00207883422263, -0.00355227594264, -0.0102915326133, 0.0222159363329, -0.0124163804576, 0.00563080282882, 0.00215849839151, 0.00263681076467, 0.00215985695831, -0.00115891022142, 0.00384941441007], [0.000376398093067, -0.00137675506994, -0.00156612368301, 0.00335547490977, -0.00088623422198, -0.0124163804576, 0.0214558150619, -0.0122604463249, 0.000344834232237, 0.00134522223379, -0.00568933784962, 0.00309467199259, -0.00199118559249], [-0.00139355729334, 0.00552804861218, -0.00200319685973, -0.000234803766944, 0.000281025830191, 0.00563080282882, -0.0122604463249, 0.0306641049683, -0.00778830656782, 0.000601544161327, 0.00688643334433, -0.000165266217664, 0.00167780648917], [-4.38441711594e-05, 0.000545411370695, 0.000866265210789, -0.000199465517653, 0.000168716447661, 0.00215849839151, 0.000344834232237, -0.00778830656782, 0.0170271322131, 0.000160716692335, -0.00504799745977, 0.0054944162257, 0.00213995343074], [-0.000995308859274, 0.00525533314794, -0.00111059367191, 0.000991567852907, -0.00594202941284, 0.00263681076467, 0.00134522223379, 0.000601544161327, 0.000160716692335, 0.0117636583745, -0.00980235729367, 0.00857438519597, -0.00707746250555], [0.000204566560569, -0.00375129352324, 0.00284630595706, 0.00277035613544, -0.000413161382312, 0.00215985695831, -0.00568933784962, 0.00688643334433, -0.00504799745977, -0.00980235729367, 0.0295442305505, -0.0166887585074, 0.00915169529617], [-0.000914525822736, 0.00840156897902, -0.00514827901497, 0.00289243808948, -9.37570894166e-06, -0.00115891022142, 0.00309467199259, -0.000165266217664, 0.0054944162257, 0.00857438519597, -0.0166887585074, 0.0357839502394, -0.0157464016229], [0.00054834515322, -0.00529197044671, 0.00475598778576, -0.00134815927595, 0.00060977746034, 0.00384941441007, -0.00199118559249, 0.00167780648917, 0.00213995343074, -0.00707746250555, 0.00915169529617, -0.0157464016229, 0.0227135885507]]
    },
    "melbands": {
        "dmean": [5.37534178875e-05, 0.000190889229998, 0.000105122380774, 3.67454267689e-05, 1.54623630806e-05, 0.000156433059601, 0.000430842599599, 0.000769271864556, 0.000196207605768, 1.90272403415e-05, 2.31196954701e-05, 0.000159108065418, 0.000274859456113, 6.43383609713e-05, 9.83696918411e-06, 3.25434448314e-05, 2.55293798546e-05, 1.55448324222e-05, 4.72356841783e-05, 2.64724149019e-05, 1.81944524229e-05, 1.04971722976e-05, 2.65172388936e-06, 4.01123179472e-06, 1.53779012635e-06, 2.22427297558e-06, 7.35326352697e-07, 5.63875175885e-07, 4.12179986142e-07, 1.81557624046e-07, 1.38838174735e-07, 1.39117020126e-07, 7.64643175444e-08, 6.30139638247e-08, 5.0603325974e-08, 3.5467763837e-08, 2.27952234866e-08, 2.17704343441e-08, 1.77412413649e-08, 1.37442102144e-08],
        "dmean2": [8.69022624101e-05, 0.000318466656609, 0.00017277112056, 5.17635744472e-05, 2.52421432378e-05, 0.000259177322732, 0.000646004860755, 0.00116542202886, 0.000293597899145, 3.13744130835e-05, 3.86455540138e-05, 0.000268708536169, 0.000458953465568, 9.65142971836e-05, 1.50362675413e-05, 5.53126374143e-05, 4.29409883509e-05, 2.68299572781e-05, 7.98261389718e-05, 4.54078035546e-05, 2.9502372854e-05, 1.77663932845e-05, 4.39541190644e-06, 6.89768876327e-06, 2.65437756752e-06, 3.80109077014e-06, 1.31853175844e-06, 9.7875749816e-07, 7.16099236797e-07, 2.98100985674e-07, 2.28666507951e-07, 2.39161124682e-07, 1.31266205017e-07, 1.04548114166e-07, 8.53900488096e-08, 5.96952602905e-08, 3.79386158045e-08, 3.71976511815e-08, 2.92621678e-08, 2.24976908214e-08],
        "dvar": [1.21765157957e-08, 4.56999771359e-07, 1.96235092176e-07, 4.51437998095e-09, 7.1056927009e-10, 2.13047812281e-07, 5.87622650983e-07, 1.37456459015e-06, 4.11735328498e-07, 2.44674902561e-09, 3.05760772257e-09, 1.08140994826e-07, 1.95209693743e-07, 4.65204443856e-08, 1.41711131718e-09, 4.11960776603e-09, 2.1272441586e-09, 3.03633851395e-09, 7.02227165306e-09, 2.39487318865e-09, 4.14385281644e-09, 3.20005660859e-10, 3.55257837037e-11, 4.70601960179e-11, 8.78095773177e-12, 1.64452809009e-11, 2.41107936567e-12, 9.17974463804e-13, 5.06572648412e-13, 9.86366682234e-14, 4.83100498082e-14, 5.56836139156e-14, 1.39136147604e-14, 7.98386405137e-15, 5.98982990893e-15, 2.69168520616e-15, 1.14434151174e-15, 1.05628841347e-15, 6.64446683963e-16, 3.64553848424e-16],
        "dvar2": [3.08595424769e-08, 1.28420458623e-06, 5.29979331532e-07, 8.10244848992e-09, 1.69277458717e-09, 5.47849197119e-07, 9.74659428721e-07, 2.78546326626e-06, 8.76830597463e-07, 5.29606136723e-09, 6.86186574228e-09, 3.11125603503e-07, 5.38063318345e-07, 9.00298289253e-08, 3.31729799186e-09, 1.16589848886e-08, 5.68549785029e-09, 9.15000875068e-09, 2.02865155785e-08, 7.4835977415e-09, 1.09630615697e-08, 8.44512904052e-10, 1.0142577056e-10, 1.28957899914e-10, 2.60822162479e-11, 4.51028658865e-11, 7.06057564845e-12, 2.63774418974e-12, 1.53181081101e-12, 2.70497328963e-13, 1.20304943308e-13, 1.52588757059e-13, 3.77127020205e-14, 2.12421649959e-14, 1.61022962271e-14, 7.30586415204e-15, 3.08164710486e-15, 3.02071197815e-15, 1.80341975382e-15, 9.67343071863e-16],
        "max": [0.00170266069472, 0.0132366763428, 0.00906757917255, 0.00129037268925, 0.000372335896827, 0.00904159247875, 0.00945261027664, 0.0111464075744, 0.0103461453691, 0.00088239699835, 0.00091616838472, 0.0041945297271, 0.00392971094698, 0.00412842072546, 0.000615775526967, 0.000633777875919, 0.000659459386952, 0.000758372072596, 0.000779009889811, 0.000413491827203, 0.00112259527668, 0.000182146730367, 9.10431990633e-05, 7.02024844941e-05, 3.2930085581e-05, 3.67391730833e-05, 1.89815618796e-05, 1.01742880361e-05, 6.53256074656e-06, 3.60119997822e-06, 2.38371353589e-06, 2.74179819826e-06, 1.15898444619e-06, 1.04644152543e-06, 9.38771336223e-07, 5.85039060752e-07, 4.3457939114e-07, 3.70348232082e-07, 3.34293957849e-07, 2.15544929461e-07],
        "mean": [0.000217934328248, 0.000679171818774, 0.000387067557313, 0.000107399653643, 3.51650342054e-05, 0.000298098020721, 0.000785529671703, 0.00133685348555, 0.00033971449011, 6.19058992015e-05, 6.60528457956e-05, 0.000200597889489, 0.000369797286112, 0.000102794008853, 1.54430763359e-05, 4.86437493237e-05, 4.02626537834e-05, 2.07365956157e-05, 6.67148269713e-05, 3.61028323823e-05, 2.70388973149e-05, 1.57046597451e-05, 4.38199367636e-06, 6.21266690359e-06, 2.75322963716e-06, 3.61467209586e-06, 1.34040362809e-06, 1.01757927951e-06, 7.84886537986e-07, 4.01520679816e-07, 3.36727907779e-07, 2.94120297895e-07, 1.98674982244e-07, 1.61226083151e-07, 1.23767364357e-07, 8.64403588707e-08, 6.71968649613e-08, 6.51964171539e-08, 4.94689835762e-08, 4.29169446647e-08],
        "median": [7.27021979401e-05, 0.000137383292895, 0.000101090452517, 4.1622450226e-05, 1.83372631e-05, 4.3014446419e-05, 0.000280353880953, 0.000515176332556, 7.37725422368e-05, 1.81162067747e-05, 1.67844082171e-05, 5.30646066181e-05, 0.000129769396153, 1.38964551297e-05, 4.45449404651e-06, 1.70200346474e-05, 1.66125064425e-05, 3.45611829289e-06, 2.34580402321e-05, 1.20087270261e-05, 4.07415473092e-06, 6.9480829552e-06, 1.70361863638e-06, 3.42986459145e-06, 1.53121516178e-06, 1.77464289663e-06, 6.9743646236e-07, 5.649132504e-07, 3.97345047531e-07, 2.08248977174e-07, 1.83778936957e-07, 1.52725348812e-07, 1.19262438147e-07, 9.56589474299e-08, 7.01082853993e-08, 5.17650846632e-08, 3.80636606678e-08, 4.05241280532e-08, 3.33377059292e-08, 2.57567389639e-08],
        "min": [3.76780823844e-25, 4.62862242872e-24, 8.73719934973e-24, 1.21549999639e-23, 1.02856496874e-23, 1.26507114793e-23, 1.64525871689e-23, 2.24668721767e-23, 5.60546573221e-24, 9.04888223769e-24, 2.69030535653e-23, 2.44307587552e-23, 6.48097156939e-24, 7.77700495564e-24, 8.15428005015e-24, 7.67356162514e-24, 5.1805442279e-24, 1.6165659525e-23, 1.01025282501e-23, 1.82131685149e-23, 1.12607330422e-23, 1.23727705388e-23, 7.08994970569e-24, 6.51500697315e-24, 1.61485333548e-23, 1.18715298973e-23, 1.53937575516e-23, 7.40710255516e-24, 7.37279499439e-24, 1.32069775354e-23, 1.25523208029e-23, 7.74792123179e-24, 1.13050189046e-23, 7.79562759503e-24, 9.31298024698e-24, 9.56085375404e-24, 1.05501239834e-23, 1.53379125104e-23, 1.51400519958e-23, 1.43490138345e-23],
        "stdev": [0.000288647250272, 0.00137282838114, 0.000835762592033, 0.000169938401086, 4.57178466604e-05, 0.000835898506921, 0.0013731487561, 0.00191831728444, 0.00104721216485, 0.000120671138575, 0.000122707511764, 0.000403691112297, 0.000596019963268, 0.000351622555172, 4.61886411358e-05, 7.92749779066e-05, 6.04007800575e-05, 6.20793362032e-05, 0.000101673838799, 5.82640714129e-05, 8.92637181096e-05, 2.27948912652e-05, 7.83144059824e-06, 8.17203454062e-06, 3.84683971788e-06, 5.15624924446e-06, 1.8522944174e-06, 1.28225576645e-06, 1.00033787476e-06, 5.13159250204e-07, 4.04908405471e-07, 3.67065126738e-07, 2.2176652692e-07, 1.81077695061e-07, 1.41440850143e-07, 9.81674475042e-08, 7.55494014015e-08, 7.23487616483e-08, 5.50382566189e-08, 4.59865674429e-08],
