{
"metadata": {
    "version": {
        "essentia": "2.1-beta6-dev",
        "essentia_git_sha": "v2.1_beta5-778-gc9eadba6",
        "extractor": "music 2.0"
    },
    "audio_properties": {
        "analysis": {
            "equal_loudness": 0,
            "length": 11.9999771118,
            "sample_rate": 44100,
            "start_time": 0,
            "downmix": "mix"
        },
        "bit_rate": 128000,
        "length": 12,
        "lossless": 0,
        "number_channels": 2,
        "replay_gain": -2.29738044739,
        "sample_rate": 48000,
        "codec": "mp3",
        "md5_encoded": "68d5c35389f0d5e53b9ca46c13d50359"
    },
    "tags": {
        "file_name": "pacificaquartet-bartokstringquartetno4.mp3",
        "encoding": ["Lavf59.16.100"]
    }
},
"lowlevel": {
    "average_loudness": 0.945732295513,
    "barkbands_crest": {
        "dmean": 3.79011178017,
        "dmean2": 6.36219501495,
        "dvar": 10.3853635788,
        "dvar2": 25.4354743958,
        "max": 26.0960712433,
        "mean": 17.1722373962,
        "median": 17.4866104126,
        "min": 5.19122838974,
        "stdev": 5.13677072525,
        "var": 26.3864154816
    },
    "barkbands_flatness_db": {
        "dmean": 0.0452270768583,
        "dmean2": 0.0706744492054,
        "dvar": 0.00134267052636,
        "dvar2": 0.00314708193764,
        "max": 0.491018801928,
        "mean": 0.307689279318,
        "median": 0.308789253235,
        "min": 0.0702925175428,
        "stdev": 0.067165389657,
        "var": 0.00451118918136
    },
    "barkbands_kurtosis": {
        "dmean": 15.2777376175,
        "dmean2": 25.869682312,
        "dvar": 416.079101562,
        "dvar2": 1155.6973877,
        "max": 208.140792847,
        "mean": 18.4860973358,
        "median": 11.1841621399,
        "min": -1.18472981453,
        "stdev": 22.6728858948,
        "var": 514.059753418
    },
    "barkbands_skewness": {
        "dmean": 1.40672838688,
        "dmean2": 2.32947254181,
        "dvar": 1.68115818501,
        "dvar2": 4.33901977539,
        "max": 8.24117565155,
        "mean": 1.65510427952,
        "median": 1.38240015507,
        "min": -1.99466562271,
        "stdev": 1.76111698151,
        "var": 3.1015329361
    },
    "barkbands_spread": {
        "dmean": 1.96830451488,
        "dmean2": 3.24386072159,
        "dvar": 6.24901771545,
        "dvar2": 14.9642772675,
        "max": 27.682434082,
        "mean": 3.38040757179,
        "median": 2.3855445385,
        "min": 0.167569309473,
        "stdev": 3.09648227692,
        "var": 9.5882024765
    },
    "dissonance": {
        "dmean": 0.0557454936206,
        "dmean2": 0.0926728621125,
        "dvar": 0.00208467128687,
        "dvar2": 0.00509780878201,
        "max": 0.499033898115,
        "mean": 0.366381704807,
        "median": 0.370303034782,
        "min": 0.161715999246,
        "stdev": 0.0696768090129,
        "var": 0.00485485745594
    },
    "dynamic_complexity": 4.56495189667,
    "erbbands_crest": {
        "dmean": 4.65777921677,
        "dmean2": 7.85858011246,
        "dvar": 13.7926645279,
        "dvar2": 39.3231697083,
        "max": 29.7948608398,
        "mean": 16.9972667694,
        "median": 16.5188140869,
        "min": 3.86457562447,
        "stdev": 5.54455661774,
        "var": 30.742105484
    },
    "erbbands_flatness_db": {
        "dmean": 0.0375458076596,
        "dmean2": 0.0571790598333,
        "dvar": 0.000887765083462,
        "dvar2": 0.00196942454204,
        "max": 0.455117076635,
        "mean": 0.312839537859,
        "median": 0.314309149981,
        "min": 0.0962870568037,
        "stdev": 0.0564567558467,
        "var": 0.00318736536428
    },
    "erbbands_kurtosis": {
        "dmean": 6.7433514595,
        "dmean2": 11.2519397736,
        "dvar": 62.1964569092,
        "dvar2": 164.398361206,
        "max": 67.2764511108,
        "mean": 9.47198581696,
        "median": 6.10836553574,
        "min": -1.35123896599,
        "stdev": 10.6022310257,
        "var": 112.407302856
    },
    "erbbands_skewness": {
        "dmean": 0.93210375309,
        "dmean2": 1.51642811298,
        "dvar": 0.579868555069,
        "dvar2": 1.5847287178,
        "max": 6.02810049057,
        "mean": 2.17979168892,
        "median": 2.07471418381,
        "min": -0.861618101597,
        "stdev": 1.21106410027,
        "var": 1.46667635441
    },
    "erbbands_spread": {
        "dmean": 4.24012851715,
        "dmean2": 7.07052469254,
        "dvar": 27.8466873169,
        "dvar2": 68.9814834595,
        "max": 53.7116088867,
        "mean": 9.13652896881,
        "median": 7.56015062332,
        "min": 0.939674258232,
        "stdev": 6.43025302887,
        "var": 41.3481559753
    },
    "hfc": {
        "dmean": 4.17507886887,
        "dmean2": 6.37797832489,
        "dvar": 75.3349151611,
        "dvar2": 171.58001709,
        "max": 91.7150344849,
        "mean": 5.69469547272,
        "median": 1.99048733711,
        "min": 1.13632090382e-16,
        "stdev": 10.2242774963,
        "var": 104.535842896
    },
    "loudness_ebu128": {
        "integrated": -24.114408493,
        "loudness_range": 2.39172744751,
        "momentary": {
            "dmean": 1.1167999506,
            "dmean2": 1.50353646278,
            "dvar": 1.35469806194,
            "dvar2": 1.69600081444,
            "max": -19.5606117249,
            "mean": -25.2810630798,
            "median": -24.9324855804,
            "min": -39.4667205811,
            "stdev": 3.50005531311,
            "var": 12.2503871918
        },
        "short_term": {
            "dmean": 0.144761323929,
            "dmean2": 0.186400428414,
            "dvar": 0.0292653851211,
            "dvar2": 0.0341308936477,
            "max": -22.3868732452,
            "mean": -23.870223999,
            "median": -23.8788471222,
            "min": -26.0952701569,
            "stdev": 0.869917333126,
            "var": 0.756756126881
        }
    },
    "melbands_crest": {
        "dmean": 4.40639352798,
        "dmean2": 7.45742702484,
        "dvar": 12.209233284,
        "dvar2": 32.280670166,
        "max": 30.6036872864,
        "mean": 19.1600952148,
        "median": 19.6959877014,
        "min": 2.57673192024,
        "stdev": 5.37185382843,
        "var": 28.8568115234
    },
    "melbands_flatness_db": {
        "dmean": 0.0484544448555,
        "dmean2": 0.0743419677019,
        "dvar": 0.00164328154642,
        "dvar2": 0.00362608791329,
        "max": 0.60619699955,
        "mean": 0.396897822618,
        "median": 0.398064851761,
        "min": 0.00630847085267,
        "stdev": 0.0769184455276,
        "var": 0.00591644691303
    },
    "melbands_kurtosis": {
        "dmean": 11.7203779221,
        "dmean2": 19.135427475,
        "dvar": 162.147659302,
        "dvar2": 418.067047119,
        "max": 109.907272339,
        "mean": 17.0610790253,
        "median": 12.9296274185,
        "min": -1.32064688206,
        "stdev": 15.8371591568,
        "var": 250.815612793
    },
    "melbands_skewness": {
        "dmean": 1.05896794796,
        "dmean2": 1.69705414772,
        "dvar": 0.873192191124,
        "dvar2": 2.15349602699,
        "max": 8.81248664856,
        "mean": 2.01200890541,
        "median": 1.86258971691,
        "min": -1.07336890697,
        "stdev": 1.38648533821,
        "var": 1.92234170437
    },
    "melbands_spread": {
        "dmean": 2.40682625771,
        "dmean2": 3.82325601578,
        "dvar": 42.2511405945,
        "dvar2": 51.5400085449,
        "max": 141.491104126,
        "mean": 4.29383039474,
        "median": 2.95624685287,
        "min": 0.416799902916,
        "stdev": 6.95208930969,
        "var": 48.3315429688
    },
    "pitch_salience": {
        "dmean": 0.105392895639,
        "dmean2": 0.180551871657,
        "dvar": 0.00701756821945,
        "dvar2": 0.0178937576711,
        "max": 0.806759297848,
        "mean": 0.471858531237,
        "median": 0.474984049797,
        "min": 0.131636217237,
        "stdev": 0.121222540736,
        "var": 0.0146949049085
    },
    "silence_rate_20dB": {
        "dmean": 0,
        "dmean2": 0,
        "dvar": 0,
        "dvar2": 0,
        "max": 1,
        "mean": 1,
        "median": 1,
        "min": 1,
        "stdev": 0,
        "var": 0
    },
    "silence_rate_30dB": {
        "dmean": 0.0154738882557,
        "dmean2": 0.0310077518225,
        "dvar": 0.0152344303206,
        "dvar2": 0.0377980582416,
        "max": 1,
        "mean": 0.986486494541,
        "median": 1,
        "min": 0,
        "stdev": 0.115459553897,
        "var": 0.0133309084922
    },
    "silence_rate_60dB": {
        "dmean": 0.135396525264,
        "dmean2": 0.271317839622,
        "dvar": 0.117064751685,
        "dvar2": 0.220960855484,
        "max": 1,
        "mean": 0.312741309404,
        "median": 0,
        "min": 0,
        "stdev": 0.463611394167,
        "var": 0.214935526252
    },
    "spectral_centroid": {
        "dmean": 83.3401565552,
        "dmean2": 125.733963013,
        "dvar": 218965.78125,
        "dvar2": 228026.453125,
        "max": 10894.5283203,
        "mean": 432.707305908,
        "median": 381.611968994,
        "min": 215.026641846,
        "stdev": 478.870941162,
        "var": 229317.375
    },
    "spectral_complexity": {
        "dmean": 1.3655705452,
        "dmean2": 2.14728689194,
        "dvar": 1.8799084425,
        "dvar2": 3.85040545464,
        "max": 17,
        "mean": 5.06177616119,
        "median": 5,
        "min": 0,
        "stdev": 2.79479265213,
        "var": 7.81086587906
    },
    "spectral_decrease": {
        "dmean": 2.72038058746e-09,
        "dmean2": 4.18644408029e-09,
        "dvar": 3.07582478566e-17,
        "dvar2": 6.98730316033e-17,
        "max": -3.94622955327e-29,
        "mean": -3.8053511453e-09,
        "median": -1.44408129898e-09,
        "min": -5.83999728576e-08,
        "stdev": 6.52251896938e-09,
        "var": 4.25432554798e-17
    },
    "spectral_energy": {
        "dmean": 0.0106400838122,
        "dmean2": 0.0163744483143,
        "dvar": 0.000470310013043,
        "dvar2": 0.00106828531716,
        "max": 0.228124812245,
        "mean": 0.0148787759244,
        "median": 0.00568265095353,
        "min": 1.04556994598e-20,
        "stdev": 0.0255102161318,
        "var": 0.000650771136861
    },
    "spectral_energyband_high": {
        "dmean": 7.36084530217e-06,
        "dmean2": 1.38532486744e-05,
        "dvar": 9.66230540023e-10,
        "dvar2": 2.82083134628e-09,
        "max": 0.00029247632483,
        "mean": 4.98359440826e-06,
        "median": 8.1001644503e-07,
        "min": 7.55434084303e-21,
        "stdev": 2.33474784181e-05,
        "var": 5.45104739125e-10
    },
    "spectral_energyband_low": {
        "dmean": 0.000115323389764,
        "dmean2": 0.000196613575099,
        "dvar": 1.62012909755e-08,
        "dvar2": 4.53234321185e-08,
        "max": 0.0012222728692,
        "mean": 0.000163258780958,
        "median": 0.000122021330753,
        "min": 1.1404144326e-22,
        "stdev": 0.000144092817209,
        "var": 2.07627390836e-08
    },
    "spectral_energyband_middle_high": {
        "dmean": 0.00046830921201,
        "dmean2": 0.000742770556826,
        "dvar": 2.06284721571e-06,
        "dvar2": 5.01736121805e-06,
        "max": 0.0154904620722,
        "mean": 0.000634663330857,
        "median": 0.000107962128823,
        "min": 1.44670829617e-21,
        "stdev": 0.00159721798263,
        "var": 2.55110535363e-06
    },
    "spectral_energyband_middle_low": {
        "dmean": 0.0103239594027,
        "dmean2": 0.0159108862281,
        "dvar": 0.00045029152534,
        "dvar2": 0.00102829071693,
        "max": 0.224510759115,
        "mean": 0.0140707986429,
        "median": 0.00491622230038,
        "min": 3.58277197138e-22,
        "stdev": 0.024739773944,
        "var": 0.00061205640668
    },
    "spectral_entropy": {
        "dmean": 0.443255871534,
        "dmean2": 0.688859462738,
        "dvar": 0.143823057413,
        "dvar2": 0.322442412376,
        "max": 9.80694007874,
        "mean": 5.82481098175,
        "median": 5.78558540344,
        "min": 4.00812673569,
        "stdev": 0.664191067219,
        "var": 0.441149771214
    },
    "spectral_flux": {
        "dmean": 0.0329925268888,
        "dmean2": 0.0562318637967,
        "dvar": 0.00199708319269,
        "dvar2": 0.00496801361442,
        "max": 0.334264367819,
        "mean": 0.0601773746312,
        "median": 0.0406803973019,
        "min": 1.02253115697e-10,
        "stdev": 0.0545426160097,
        "var": 0.0029748971574
    },
    "spectral_kurtosis": {
        "dmean": 15.3316287994,
        "dmean2": 25.0327720642,
        "dvar": 222.319824219,
        "dvar2": 526.585754395,
        "max": 143.63710022,
        "mean": 36.8291549683,
        "median": 29.4874305725,
        "min": -1.21972560883,
        "stdev": 25.5476303101,
        "var": 652.68145752
    },
    "spectral_rms": {
        "dmean": 0.00112986750901,
        "dmean2": 0.00168788782321,
        "dvar": 2.24203154175e-06,
        "dvar2": 4.48421269539e-06,
        "max": 0.0149184716865,
        "mean": 0.00301767839119,
        "median": 0.00235457881354,
        "min": 3.1938507828e-12,
        "stdev": 0.00232583237812,
        "var": 5.40949622518e-06
    },
    "spectral_rolloff": {
        "dmean": 140.277862549,
        "dmean2": 228.852661133,
        "dvar": 667629.6875,
        "dvar2": 699194.75,
        "max": 18626.2207031,
        "mean": 503.16192627,
        "median": 409.130859375,
        "min": 215.33203125,
        "stdev": 822.79498291,
        "var": 676991.5625
    },
    "spectral_skewness": {
        "dmean": 1.07633054256,
        "dmean2": 1.74329304695,
        "dvar": 0.908095121384,
        "dvar2": 2.12777471542,
        "max": 9.87600326538,
        "mean": 4.51424407959,
        "median": 4.18956422806,
        "min": -0.00799983087927,
        "stdev": 1.69485831261,
        "var": 2.87254476547
    },
    "spectral_spread": {
        "dmean": 582590.4375,
        "dmean2": 911290.375,
        "dvar": 2.74137795789e+12,
        "dvar2": 2.80343740416e+12,
        "max": 40898736,
        "mean": 2075881.75,
        "median": 1913191.5,
        "min": 612823.3125,
        "stdev": 1830647.75,
        "var": 3.35127117824e+12
    },
    "spectral_strongpeak": {
        "dmean": 0.446574866772,
        "dmean2": 0.663347959518,
        "dvar": 0.327015727758,
        "dvar2": 0.697231054306,
        "max": 6.59055042267,
        "mean": 0.868273794651,
        "median": 0.608952641487,
        "min": 0,
        "stdev": 0.840130329132,
        "var": 0.705819010735
    },
    "zerocrossingrate": {
        "dmean": 0.00316107808612,
        "dmean2": 0.00428476277739,
        "dvar": 0.000283593835775,
        "dvar2": 0.000407488900237,
        "max": 0.49169921875,
        "mean": 0.0204823613167,
        "median": 0.017578125,
        "min": 0.00927734375,
        "stdev": 0.0274290796369,
        "var": 0.000752354448196
    },
    "barkbands": {
        "dmean": [0.000112358706247, 4.72770116176e-05, 2.41358102357e-05, 7.56281879148e-05, 0.00223468174227, 0.00614094594494, 0.00248231063597, 0.000802866648883, 0.000335623975843, 0.000107420608401, 0.00019554811297, 0.000101077799627, 4.07706975238e-05, 2.32259335462e-05, 1.16733035611e-05, 1.89371967281e-05, 1.37541537697e-05, 1.57238264364e-05, 1.10282962851e-05, 3.44053751178e-06, 3.76298567062e-06, 7.30075555566e-07, 2.24341448529e-07, 7.50271880179e-08, 4.43012595497e-08, 2.33867556432e-08, 6.76041445047e-10],
        "dmean2": [0.000197110013687, 8.33542217151e-05, 4.21324984927e-05, 0.000125418853713, 0.00338645488955, 0.0100848637521, 0.00376502168365, 0.00126225338317, 0.000540425535291, 0.000170271712705, 0.000337394420058, 0.000152605425683, 6.41097867629e-05, 4.1223505832e-05, 2.00061604119e-05, 3.32448362315e-05, 2.26624433708e-05, 2.90168518404e-05, 2.11062015296e-05, 6.3496158873e-06, 7.15871829016e-06, 1.31501235501e-06, 4.02125266419e-07, 1.31521701974e-07, 7.56415516889e-08, 3.80317146664e-08, 1.2844464381e-09],
        "dvar": [1.59071653627e-08, 2.59694021842e-09, 2.90796675628e-09, 3.04961247366e-08, 4.7237284889e-05, 0.00024168388336, 6.9500914833e-05, 2.50396078627e-05, 1.91614549294e-06, 2.07707998356e-07, 8.34978436615e-07, 2.01733726612e-07, 2.95751423351e-08, 6.22600593303e-09, 2.55085219614e-09, 4.42646186372e-09, 3.40651107322e-09, 4.98737318111e-09, 3.96506516509e-09, 2.56881599325e-10, 3.8379432965e-10, 7.60587946791e-12, 7.38855049191e-13, 4.93970505775e-14, 9.1906979599e-15, 1.68544331086e-15, 1.95711284482e-18],
        "dvar2": [4.55580533298e-08, 7.16961956471e-09, 7.86663445496e-09, 8.31008080127e-08, 0.000100941826531, 0.000609151960816, 0.000122827696032, 5.86675705563e-05, 4.42264672529e-06, 4.03568179763e-07, 2.0717247935e-06, 4.07358413668e-07, 7.09301417601e-08, 1.78041581478e-08, 4.95943552892e-09, 1.13401874557e-08, 8.43435188358e-09, 1.45479317482e-08, 1.17243788011e-08, 7.35822680564e-10, 1.12875819802e-09, 2.14996544873e-11, 2.14206256899e-12, 1.43957016988e-13, 2.55727158064e-14, 4.66710156443e-15, 6.29462567226e-18],
        "max": [0.00116682401858, 0.000348240631865, 0.00044051054283, 0.00247439392842, 0.0995267480612, 0.183705955744, 0.150848388672, 0.0806379020214, 0.029654186219, 0.00863463059068, 0.0124274380505, 0.00699048908427, 0.00280167278834, 0.000946024490986, 0.000916855642572, 0.000772432191297, 0.000805633433629, 0.000804980576504, 0.000774997344706, 0.000240094930632, 0.000232995080296, 3.1301206036e-05, 9.2235941338e-06, 2.2286769763e-06, 1.30004400489e-06, 6.58724388813e-07, 1.26506662923e-08],
        "mean": [0.000113238857011, 5.84733643336e-05, 2.29809847951e-05, 9.86572849797e-05, 0.00313703226857, 0.00694170733914, 0.0027884140145, 0.000668988504913, 0.000395366514567, 0.000203498755582, 0.00018518048455, 0.000138747156598, 4.311966768e-05, 1.92870029423e-05, 1.26169379655e-05, 1.61179268616e-05, 1.20221802717e-05, 1.06660936581e-05, 7.00012742527e-06, 2.37416338678e-06, 2.2831102342e-06, 5.58576857657e-07, 2.11953505413e-07, 1.08267464327e-07, 9.65024256061e-08, 6.64308856813e-08, 5.91834858898e-10],
        "median": [6.82760364725e-05, 4.16846960434e-05, 8.06747812021e-06, 2.27187629207e-05, 0.000590895593632, 0.00193580822088, 0.000344637868693, 1.89488146134e-05, 6.77675416227e-05, 2.32987003983e-05, 1.43455672514e-05, 6.23898313279e-06, 4.51564437753e-06, 3.23897165799e-06, 2.1523878786e-06, 1.90578123238e-06, 1.19649143926e-06, 7.75334001446e-07, 5.13837107974e-07, 2.37657033608e-07, 1.57353738928e-07, 1.1472330641e-07, 6.94922306366e-08, 6.04512067071e-08, 7.27046085558e-08, 6.03507928076e-08, 1.93303401064e-10],
        "min": [1.28413886264e-23, 4.48544038789e-23, 5.6985304931e-23, 1.04524148828e-23, 5.06403578308e-23, 1.86147965344e-23, 9.01228335153e-23, 8.39991587436e-23, 6.62476552962e-23, 1.33164416101e-22, 2.06035511641e-23, 8.41789432994e-23, 7.33037510362e-23, 9.91986403646e-23, 9.48784909488e-23, 7.20712032034e-23, 1.11595015199e-22, 2.54271957858e-22, 2.80905138952e-22, 5.14474483649e-22, 5.99462141905e-22, 5.19857418031e-22, 5.40366842312e-22, 8.39469273164e-22, 1.0038534465e-21, 1.74927010298e-21, 2.29988299889e-21],
        "stdev": [0.000129231411847, 5.61287488381e-05, 4.81962160848e-05, 0.000253896869253, 0.00881609506905, 0.0164174530655, 0.0105846747756, 0.00468251295388, 0.00166921818163, 0.000690183660481, 0.000908563553821, 0.000626763910986, 0.000173209176864, 6.33207237115e-05, 5.77854880248e-05, 6.11810100963e-05, 5.37584674021e-05, 5.35170038347e-05, 4.6401975851e-05, 1.26481290863e-05, 1.43569523061e-05, 2.17967954086e-06, 6.63685909785e-07, 1.83445436619e-07, 1.00736762931e-07, 5.08975404045e-08, 1.20776055823e-09],
        "var": [1.67007563334e-08, 3.15043657828e-09, 2.3228752255e-09, 6.44636202196e-08, 7.77235327405e-05, 0.000269532785751, 0.000112035333586, 2.19259272853e-05, 2.78628931483e-06, 4.76353505974e-07, 8.25487688871e-07, 3.92833015894e-07, 3.00014164623e-08, 4.0095140541e-09, 3.33916250206e-09, 3.74311559526e-09, 2.88997270559e-09, 2.86406964811e-09, 2.15314321927e-09, 1.5997515812e-10, 2.06122091617e-10, 4.75100254277e-12, 4.40479006351e-13, 3.36522259711e-14, 1.01478951652e-14, 2.59055963665e-15, 1.45868544735e-18]
    },
    "erbbands": {
        "dmean": [0.00323829893023, 0.00556627241895, 0.0257561150938, 0.176405265927, 4.25835323334, 8.32311439514, 24.4962921143, 60.1929283142, 42.4753608704, 16.7601470947, 16.5008659363, 7.55740594864, 2.46054911613, 6.63805294037, 6.93372154236, 3.03448820114, 1.85000896454, 1.05976545811, 0.922449350357, 0.637017011642, 1.05022907257, 0.734986126423, 0.928736925125, 0.878167510033, 0.202407851815, 0.179495692253, 0.203850284219, 0.0937591940165, 0.0301948506385, 0.0132029494271, 0.0063407458365, 0.00251073413529, 0.000993051449768, 0.000537848158274, 0.000334707729053, 0.000155345100211, 3.32379495376e-05, 1.08317044578e-06, 4.9750551625e-06, 1.18510324683e-05],
        "dmean2": [0.00577719416469, 0.00957418326288, 0.0433612428606, 0.270590394735, 6.3407201767, 12.8372306824, 40.6085700989, 99.0642929077, 65.3497161865, 25.3775520325, 26.059469223, 11.7660188675, 3.98725652695, 10.4448337555, 11.6483592987, 4.62776517868, 2.89642906189, 1.81720304489, 1.59813988209, 1.08571469784, 1.81392741203, 1.20896852016, 1.66436684132, 1.64976108074, 0.376059740782, 0.329839617014, 0.387176990509, 0.177942529321, 0.0548388324678, 0.0239548683167, 0.0115140397102, 0.00452007493004, 0.00167717039585, 0.000920968246646, 0.000574873934966, 0.000249770993832, 5.4538853874e-05, 1.63317974966e-06, 7.61421370044e-06, 1.82366966328e-05],
        "dvar": [1.27532439365e-05, 6.61369340378e-05, 0.00330239883624, 0.158559992909, 194.734725952, 741.67779541, 2957.63720703, 28324.296875, 17143.5507812, 3162.25292969, 9291.57128906, 601.763793945, 45.0669975281, 852.973937988, 810.196411133, 129.78263855, 49.3031692505, 12.1892814636, 10.7759628296, 3.44406580925, 15.7717189789, 7.24470424652, 18.2932987213, 24.7382164001, 0.524012029171, 1.0128313303, 0.94298607111, 0.236096382141, 0.013713542372, 0.00506881345063, 0.000590872135945, 5.91199677729e-05, 8.15175280877e-06, 1.35545269586e-06, 6.14619978023e-07, 8.38197138364e-08, 4.2484300522e-09, 3.34571736635e-12, 1.02420100179e-10, 5.82933479265e-10],
        "dvar2": [3.44768595824e-05, 0.000172743355506, 0.00881692860276, 0.324693322182, 376.369140625, 1654.06994629, 7230.04980469, 75782.75, 32286.8613281, 6469.31445312, 21361.8222656, 1317.91296387, 113.101715088, 1913.77307129, 2104.66235352, 256.831390381, 118.155189514, 34.2619018555, 22.7589797974, 9.21553897858, 38.5611076355, 18.7217178345, 52.9781227112, 72.709236145, 1.55374157429, 2.91952419281, 2.76585698128, 0.693779826164, 0.0394789353013, 0.0148268425837, 0.00171952648088, 0.000171992534888, 2.37328149524e-05, 3.75097079086e-06, 1.70118528331e-06, 2.3465382526e-07, 1.20974679163e-08, 8.39056081559e-12, 2.30647126398e-10, 1.32368960237e-09],
        "max": [0.0254932232201, 0.0723881274462, 0.488395601511, 6.38751268387, 208.308258057, 426.785888672, 632.530334473, 2059.34057617, 2201.31591797, 775.372253418, 1568.04943848, 494.135437012, 73.4428710938, 358.666412354, 320.07232666, 175.16468811, 101.788085938, 45.1986312866, 50.0907058716, 24.5286502838, 48.9899597168, 30.5529937744, 51.3183479309, 60.9910850525, 6.76084947586, 16.816526413, 10.4046916962, 6.22869205475, 1.18410885334, 1.11347448826, 0.256975382566, 0.0794392749667, 0.0389466769993, 0.0148840704933, 0.013246580027, 0.00463233096525, 0.00106628937647, 2.32654911088e-05, 0.000106596067781, 0.000253625883488],
        "mean": [0.00378598645329, 0.00668087042868, 0.027030415833, 0.274119585752, 6.22274971008, 11.1554937363, 28.1366062164, 64.3752365112, 48.8334121704, 17.7882270813, 15.5184259415, 9.05986213684, 3.87287855148, 9.65738773346, 7.27579212189, 4.16038036346, 2.07816386223, 0.964417636395, 0.971216499805, 0.570640981197, 0.932380318642, 0.624567091465, 0.671350300312, 0.569752991199, 0.145205110312, 0.127806067467, 0.123947612941, 0.0581702403724, 0.0222697928548, 0.0111982887611, 0.0058034369722, 0.00284492317587, 0.00165673997253, 0.000985924620181, 0.000781000300776, 0.000461997202365, 7.4211966421e-05, 2.501796871e-06, 7.10454651198e-06, 1.65831497725e-05],
        "median": [0.00251607177779, 0.0043884338811, 0.0105721019208, 0.0831262916327, 0.843172311783, 2.27327823639, 7.81170034409, 14.4166088104, 7.63077354431, 2.24150466919, 0.965011954308, 1.85621452332, 0.728105306625, 1.11084616184, 0.724421739578, 0.333388566971, 0.266609549522, 0.195051550865, 0.184967651963, 0.130098983645, 0.103652670979, 0.0741399973631, 0.0525159463286, 0.0404877141118, 0.0171630922705, 0.0119740311056, 0.00841166451573, 0.00560613255948, 0.00436031632125, 0.00285640871152, 0.00184323312715, 0.00133520085365, 0.000998864648864, 0.000645830063149, 0.000642677769065, 0.000424533442128, 6.11795621808e-05, 1.82051849151e-06, 2.70122700385e-06, 6.30050726613e-06],
        "min": [5.90679860732e-22, 1.30707938079e-20, 6.52294339285e-20, 5.04469215133e-20, 5.91789050157e-20, 2.47457878636e-19, 1.15443730282e-19, 2.60024820092e-19, 1.27298257265e-18, 9.93651848203e-19, 2.28012811479e-18, 1.67439926185e-18, 3.0640604162e-18, 3.37182826594e-18, 1.07718054646e-18, 3.25169972071e-18, 3.47786516905e-18, 4.43896260046e-18, 5.16839403926e-18, 5.5224414035e-18, 5.40192077466e-18, 5.79491428368e-18, 1.15041930401e-17, 1.14069951822e-17, 2.03138683959e-17, 2.65806846695e-17, 2.60630714381e-17, 1.83334094122e-17, 1.78892051515e-17, 1.97462107374e-17, 1.61851717306e-17, 1.63935765772e-17, 1.41015302373e-17, 1.08886714027e-17, 7.29923693979e-18, 5.66389838723e-18, 3.69589963876e-18, 1.06644663724e-18, 3.55159017438e-19, 3.23234492222e-20],
        "stdev": [0.00390150304884, 0.00830156356096, 0.0524950288236, 0.669288158417, 21.2474327087, 31.2836265564, 61.1146469116, 167.117584229, 164.308303833, 62.7660675049, 92.6032028198, 30.8419132233, 8.84842395782, 35.7309570312, 27.8438606262, 16.1774349213, 7.19390296936, 2.8991150856, 3.55250144005, 1.66596639156, 3.77746129036, 2.426841259, 3.28825521469, 3.70054531097, 0.578419208527, 0.800636947155, 0.714600145817, 0.356878548861, 0.0896399989724, 0.0539433918893, 0.0186417866498, 0.00612214300781, 0.00246964301914, 0.00119809701573, 0.00078874087194, 0.000351291440893, 7.26337893866e-05, 2.50193397733e-06, 1.20235563372e-05, 2.84187844954e-05],
        "var": [1.52217253344e-05, 6.89159642207e-05, 0.00275572808459, 0.447946667671, 451.453399658, 978.665283203, 3735, 27928.2871094, 26997.2207031, 3939.57910156, 8575.35351562, 951.223632812, 78.2946014404, 1276.70129395, 775.280578613, 261.709381104, 51.752243042, 8.40486812592, 12.6202659607, 2.77544403076, 14.2692146301, 5.88955879211, 10.812623024, 13.6940355301, 0.33456876874, 0.641019523144, 0.510653376579, 0.127362295985, 0.00803532917053, 0.00290988967754, 0.000347516179318, 3.7480633182e-05, 6.09913695371e-06, 1.43543638842e-06, 6.22112168003e-07, 1.23405669683e-07, 5.27566701436e-09, 6.25967376891e-12, 1.44565900917e-10, 8.07627353883e-10]
    },
    "gfcc": {
        "mean": [-206.672241211, 169.429382324, -101.236984253, -12.9222793579, -67.5032577515, -21.5596733093, -48.7223968506, -8.22890853882, -22.6257762909, -1.49991703033, -2.24275898933, 6.5992026329, 8.51882743835],
        "cov": [[8178.03466797, 596.288513184, -1221.49621582, -327.368377686, -404.910552979, -422.147613525, 13.7458896637, -125.265869141, 80.4957351685, -53.3147239685, 278.914825439, 16.1766986847, 29.7100296021], [596.288513184, 417.031860352, 172.945648193, -182.187667847, 44.6302680969, -112.336997986, -63.7213096619, -112.675636292, -10.5944719315, -84.8742904663, -16.5047874451, -78.4385452271, 33.423210144], [-1221.49621582, 172.945648193, 937.137512207, 41.9289360046, 75.6399612427, 78.9505767822, -161.20904541, -59.2301368713, -45.3989486694, -59.987865448, -139.121658325, -92.8011474609, 14.0628271103], [-327.368377686, -182.187667847, 41.9289360046, 309.749145508, 49.711139679, 64.4589157104, -4.16982364655, 35.8720855713, -27.9484958649, 27.8136558533, -57.4116210938, -2.86748576164, -27.9332790375], [-404.910552979, 44.6302680969, 75.6399612427, 49.711139679, 147.139373779, 9.31116199493, -34.5455932617, -38.5058364868, -27.5486793518, -23.024515152, -43.3481330872, -36.9396133423, -10.1549844742], [-422.147613525, -112.336997986, 78.9505767822, 64.4589157104, 9.31116199493, 221.185180664, 26.6749019623, 75.3546981812, -19.0055465698, 41.8379402161, -32.3668556213, 26.0279159546, -23.5473384857], [13.7458896637, -63.7213096619, -161.20904541, -4.16982364655, -34.5455932617, 26.6749019623, 116.595542908, 56.0675125122, 19.3975906372, 34.7019309998, 43.4578590393, 37.5634803772, 2.6336722374], [-125.265869141, -112.675636292, -59.2301368713, 35.8720855713, -38.5058364868, 75.3546981812, 56.0675125122, 145.899414062, 31.5860824585, 50.8922080994, 23.256111145, 56.6825332642, -16.8145084381], [80.4957351685, -10.5944719315, -45.3989486694, -27.9484958649, -27.5486793518, -19.0055465698, 19.3975906372, 31.5860824585, 75.9302978516, 36.5032615662, 29.7656745911, 17.8151531219, 10.399107933], [-53.3147239685, -84.8742904663, -59.987865448, 27.8136558533, -23.024515152, 41.8379402161, 34.7019309998, 50.8922080994, 36.5032615662, 97.2503356934, 42.2849769592, 35.8385353088, 5.99428081512], [278.914825439, -16.5047874451, -139.121658325, -57.4116210938, -43.3481330872, -32.3668556213, 43.4578590393, 23.256111145, 29.7656745911, 42.2849769592, 113.229034424, 62.3176498413, 26.0285625458], [16.1766986847, -78.4385452271, -92.8011474609, -2.86748576164, -36.9396133423, 26.0279159546, 37.5634803772, 56.6825332642, 17.8151531219, 35.8385353088, 62.3176498413, 105.362457275, 32.8049812317], [29.7100296021, 33.423210144, 14.0628271103, -27.9332790375, -10.1549844742, -23.5473384857, 2.6336722374, -16.8145084381, 10.399107933, 5.99428081512, 26.0285625458, 32.8049812317, 82.9298400879]],
        "icov": [[0.000346969784005, -0.00109632592648, 0.000674089009408, -0.000614990305621, 0.00125498219859, -0.000218597619096, 0.00080242427066, 5.18071792612e-05, -6.60959485685e-05, 0.000102537291241, -0.00052788638277, 0.000115876013297, 0.000193442945601], [-0.00109632592648, 0.00918427295983, -0.00294546387158, 0.00485303997993, -0.00560407666489, 0.00184235023335, -0.00251342402771, 0.000191298429854, 0.000106610736111, 0.00172708882019, 0.000588960479945, 0.002786235651, -0.00264437263831], [0.000674089009408, -0.00294546387158, 0.00318633695133, -0.0015786588192, 0.0026589082554, -0.00159164681099, 0.0037311706692, -0.000407681422075, -0.000196214517928, 0.00024433247745, -0.000151692293002, 0.00096464966191, -0.000780985632446], [-0.000614990305621, 0.00485303997993, -0.0015786588192, 0.00719346338883, -0.0043144444935, 0.00161480356473, -0.00152885715943, -0.000901125546079, 0.00231252191588, -0.00234610075131, 0.00399021944031, -0.000146575985127, -0.000563679612242], [0.00125498219859, -0.00560407666489, 0.0026589082554, -0.0043144444935, 0.0136769181117, -0.00188521365635, 0.00383857823908, 0.00175319670234, 0.000559967418667, 0.000252080848441, -0.000919300713576, 0.00081197777763, 0.00115683325566], [-0.000218597619096, 0.00184235023335, -0.00159164681099, 0.00161480356473, -0.00188521365635, 0.00892622862011, -0.00269753462635, -0.00266433600336, 0.00425696512684, -0.00465725315735, 0.00500885536894, -0.00295767583884, 0.00139947305433], [0.00080242427066, -0.00251342402771, 0.0037311706692, -0.00152885715943, 0.00383857823908, -0.00269753462635, 0.0166774503887, -0.00386657798663, -0.000236315783695, 0.000362733233487, -0.00451365159824, 0.00247882702388, -0.00159216055181], [5.18071792612e-05, 0.000191298429854, -0.000407681422075, -0.000901125546079, 0.00175319670234, -0.00266433600336, -0.00386657798663, 0.0150525253266, -0.00501492200419, -0.00132770999335, 0.00173347163945, -0.00706485239789, 0.00527832331136], [-6.60959485685e-05, 0.000106610736111, -0.000196214517928, 0.00231252191588, 0.000559967418667, 0.00425696512684, -0.000236315783695, -0.00501492200419, 0.0209845267236, -0.00835402775556, 0.00104746886063, 0.001121897134, -0.00173918355722], [0.000102537291241, 0.00172708882019, 0.00024433247745, -0.00234610075131, 0.000252080848441, -0.00465725315735, 0.000362733233487, -0.00132770999335, -0.00835402775556, 0.0212580151856, -0.00918173510581, 0.00352307641879, -0.00213755224831], [-0.00052788638277, 0.000588960479945, -0.000151692293002, 0.00399021944031, -0.000919300713576, 0.00500885536894, -0.00451365159824, 0.00173347163945, 0.00104746886063, -0.00918173510581, 0.0240308493376, -0.0119138220325, 0.000828722200822], [0.000115876013297, 0.002786235651, 0.00096464966191, -0.000146575985127, 0.00081197777763, -0.00295767583884, 0.00247882702388, -0.00706485239789, 0.001121897134, 0.00352307641879, -0.0119138220325, 0.0251730959862, -0.0102428290993], [0.000193442945601, -0.00264437263831, -0.000780985632446, -0.000563679612242, 0.00115683325566, 0.00139947305433, -0.00159216055181, 0.00527832331136, -0.00173918355722, -0.00213755224831, 0.000828722200822, -0.0102428290993, 0.0188215151429]]
    },
    "melbands": {
        "dmean": [2.51550027315e-05, 1.01006144178e-05, 0.000118764233775, 0.000536473817192, 0.000733058026526, 0.00127351365518, 0.000605244538747, 0.000184881311725, 0.000122841389384, 4.23443671025e-05, 1.12333946163e-05, 2.59307780652e-05, 2.44403581746e-05, 1.42924518514e-05, 5.82240090807e-06, 2.7868682082e-06, 2.07260472962e-06, 1.6462511212e-06, 7.85095323863e-07, 1.18108653169e-06, 1.21534060327e-06, 6.41264193746e-07, 1.18020182072e-06, 5.16303884979e-07, 8.08630716165e-07, 1.75296634097e-07, 7.30924512027e-08, 1.24873878349e-07, 1.60696941975e-07, 7.52385247438e-08, 4.20812256152e-08, 1.69102083447e-08, 1.01489261439e-08, 6.01005423206e-09, 3.91216747886e-09, 2.62762345216e-09, 1.08438702462e-09, 7.34865557295e-10, 5.56610868507e-10, 4.64536575873e-10],
        "dmean2": [4.39203649876e-05, 1.70380335476e-05, 0.000175616209162, 0.000820074928924, 0.00121307501104, 0.0020677014254, 0.000924877414946, 0.000280510197626, 0.000194642911083, 6.67612475809e-05, 1.82563671842e-05, 4.08190680901e-05, 4.23816491093e-05, 2.18850582314e-05, 9.29764519242e-06, 4.38583128926e-06, 3.68036603504e-06, 2.86390786641e-06, 1.31940578285e-06, 2.07348512049e-06, 2.11866677091e-06, 1.06343031803e-06, 2.04937578019e-06, 9.4645002946e-07, 1.52671680098e-06, 3.28946725858e-07, 1.32000522512e-07, 2.29907229254e-07, 3.06036184838e-07, 1.43750824577e-07, 7.92682897099e-08, 3.03259817258e-08, 1.83636270634e-08, 1.09021058847e-08, 7.11479186677e-09, 4.82681583591e-09, 1.94334615067e-09, 1.25232080261e-09, 9.35666544244e-10, 7.91308352177e-10],
        "dvar": [7.11937508946e-10, 4.54166287911e-10, 1.27516813109e-07, 3.25751261698e-06, 2.50798325396e-06, 1.16091414384e-05, 3.71868623006e-06, 5.49352364487e-07, 4.39956295395e-07, 1.91625026957e-08, 1.10166653577e-09, 1.32321460455e-08, 1.07178017572e-08, 4.32950830742e-09, 9.65809099363e-10, 8.90316986801e-11, 5.9895845228e-11, 3.03668791501e-11, 7.66311233219e-12, 2.15871903686e-11, 2.91345420012e-11, 8.73152591896e-12, 2.37921713581e-11, 6.02575975228e-12, 2.40163913062e-11, 4.73626563316e-13, 1.06486298728e-13, 4.78764217941e-13, 6.22698669971e-13, 1.38071832071e-13, 5.78067867012e-14, 3.82896119257e-15, 1.84663325721e-15, 1.07014587248e-15, 2.60080645891e-16, 6.99425743318e-17, 9.66075569775e-18, 4.08222524487e-18, 1.77611104434e-18, 9.96975459904e-19],
        "dvar2": [1.96868255031e-09, 1.20400778236e-09, 2.37232882228e-07, 6.96590223015e-06, 5.97538019065e-06, 3.04931254504e-05, 6.77184743836e-06, 1.2380737644e-06, 1.00749923604e-06, 4.35599503135e-08, 2.73190914335e-09, 2.92386115319e-08, 2.80817147313e-08, 8.71304628447e-09, 2.36869812653e-09, 2.17094647814e-10, 1.71475306177e-10, 7.04006783425e-11, 1.67485244423e-11, 6.07059888469e-11, 7.21788045999e-11, 2.26370259343e-11, 6.48042730589e-11, 1.75256892332e-11, 7.0789922535e-11, 1.38821820792e-12, 3.16532580312e-13, 1.38267305591e-12, 1.8307046417e-12, 4.05525385407e-13, 1.70211555354e-13, 1.07995413285e-14, 5.37150009259e-15, 3.12529958307e-15, 7.59871298218e-16, 2.02248902317e-16, 2.83562774852e-17, 1.17949296546e-17, 5.16867031758e-18, 2.72983002468e-18],
        "max": [0.000200328810024, 0.000184438758879, 0.00578568037599, 0.0266633313149, 0.0181322060525, 0.0417210757732, 0.0342696495354, 0.0103379245847, 0.0103855198249, 0.00267478497699, 0.000367481290596, 0.00153142004274, 0.00120933062863, 0.000940832891501, 0.000595953024458, 0.000124165118905, 0.00010125379049, 6.93587207934e-05, 4.79013215227e-05, 7.12055189069e-05, 6.53824608889e-05, 3.99882337661e-05, 4.57332753285e-05, 2.89797535515e-05, 6.03956577834e-05, 5.40532209925e-06, 5.35421349923e-06, 1.1326396816e-05, 8.82213407749e-06, 3.78438016924e-06, 3.32274566972e-06, 5.70647955556e-07, 5.8395664837e-07, 4.98719202824e-07, 1.86060830742e-07, 7.53843494294e-08, 3.34961178794e-08, 2.70506141931e-08, 1.75371592803e-08, 1.42646818801e-08],
        "mean": [3.10454815917e-05, 1.10669125206e-05, 0.000183540221769, 0.000729316554498, 0.000873479584698, 0.00140255887527, 0.000689028587658, 0.000178358517587, 0.000120637778309, 4.98166300531e-05, 1.76944231498e-05, 3.89544657082e-05, 2.37242202275e-05, 1.96515247808e-05, 5.91497610003e-06, 3.08670382765e-06, 1.71516069258e-06, 1.66334598362e-06, 8.19459557988e-07, 9.50317371462e-07, 1.07885966827e-06, 5.47488809843e-07, 8.9355705768e-07, 3.61064792287e-07, 5.12984172474e-07, 1.22583145412e-07, 5.76740681879e-08, 8.64911484655e-08, 9.60001358408e-08, 4.52507578075e-08, 2.68809312587e-08, 1.26069341633e-08, 8.14381984071e-09, 5.21670484588e-09, 3.45340223085e-09, 2.48693154958e-09, 1.3895754547e-09, 1.1692020685e-09, 9.43048306112e-10, 7.80681685963e-10],
        "median": [2.22228227358e-05, 4.89742888021e-06, 2.90344978566e-05, 0.0001230907219, 0.000257479201537, 0.000358834513463, 9.62784906733e-05, 1.51171443576e-05, 7.54352276999e-06, 9.9586604847e-06, 2.55479494626e-06, 3.91316461901e-06, 2.08145092984e-06, 8.90662818165e-07, 5.75719695917e-07, 3.38856494864e-07, 2.82010887531e-07, 3.27609598116e-07, 1.62886365729e-07, 1.40983644314e-07, 1.05725860067e-07, 6.02732228572e-08, 6.54525607047e-08, 2.95469249068e-08, 3.05286746993e-08, 1.31889663635e-08, 7.66767982441e-09, 7.63213670041e-09, 5.51101919655e-09, 3.1821432156e-09, 2.89207235937e-09, 2.33726105137e-09, 1.80427472962e-09, 1.35935795953e-09, 1.07260511584e-09, 9.2529250928e-10, 7.23683668546e-10, 7.19090675894e-10, 5.69197411426e-10, 5.32407840037e-10],
        "min": [9.18225495093e-24, 2.76780652284e-23, 8.49069214976e-24, 1.08072965828e-23, 6.17064552219e-24, 6.00494844449e-24, 1.87804068374e-23, 1.22163599317e-23, 1.8435668311e-23, 9.09265534046e-24, 1.55585553278e-23, 1.46851695543e-23, 2.4817055263e-24, 8.30554728417e-24, 7.09772866307e-24, 8.80559911224e-24, 8.30869168374e-24, 9.26881981351e-24, 6.22310989998e-24, 6.44657368405e-24, 7.11424977701e-24, 5.63957134459e-24, 9.30358806904e-24, 1.08310215745e-23, 8.48078247907e-24, 1.28275157185e-23, 1.55805093268e-23, 1.8279234038e-23, 1.53897659154e-23, 1.56291284021e-23, 8.57470268073e-24, 7.47391986269e-24, 1.39338915604e-23, 1.03204013769e-23, 8.62970916279e-24, 9.52414963384e-24, 9.86953187081e-24, 1.10871923206e-23, 6.99962434318e-24, 1.01326296045e-23],
