{
"metadata": {
    "version": {
        "essentia": "2.1-beta6-dev",
        "essentia_git_sha": "v2.1_beta5-778-gc9eadba6",
        "extractor": "music 2.0"
    },
    "audio_properties": {
        "analysis": {
            "equal_loudness": 0,
            "length": 11.9999771118,
            "sample_rate": 44100,
            "start_time": 0,
            "downmix": "mix"
        },
        "bit_rate": 128000,
        "length": 12,
        "lossless": 0,
        "number_channels": 2,
        "replay_gain": 3.17485618591,
        "sample_rate": 48000,
        "codec": "mp3",
        "md5_encoded": "37c766dbbdab0b387d0f6079a3fba6bb"
    },
    "tags": {
        "file_name": "agartumsaathho-yagnikandsingh.mp3",
        "encoding": ["Lavf59.16.100"]
    }
},
"lowlevel": {
    "average_loudness": 0.97511267662,
    "barkbands_crest": {
        "dmean": 2.85602259636,
        "dmean2": 4.74083137512,
        "dvar": 6.96286344528,
        "dvar2": 18.0506668091,
        "max": 25.8059406281,
        "mean": 15.3225765228,
        "median": 15.3884143829,
        "min": 5.28089284897,
        "stdev": 4.06318902969,
        "var": 16.5095043182
    },
    "barkbands_flatness_db": {
        "dmean": 0.0265169348568,
        "dmean2": 0.0410603918135,
        "dvar": 0.00064698519418,
        "dvar2": 0.00139069033321,
        "max": 0.418732464314,
        "mean": 0.247756481171,
        "median": 0.254605531693,
        "min": 0.0716699659824,
        "stdev": 0.05907920748,
        "var": 0.00349035253748
    },
    "barkbands_kurtosis": {
        "dmean": 2.35144472122,
        "dmean2": 3.85019659996,
        "dvar": 15.7012605667,
        "dvar2": 39.5330734253,
        "max": 41.0809135437,
        "mean": 2.96287250519,
        "median": 0.821992635727,
        "min": -1.47833299637,
        "stdev": 5.86210012436,
        "var": 34.3642158508
    },
    "barkbands_skewness": {
        "dmean": 0.58658015728,
        "dmean2": 0.935239195824,
        "dvar": 0.285698384047,
        "dvar2": 0.630921125412,
        "max": 5.57366466522,
        "mean": 0.972725272179,
        "median": 0.85305505991,
        "min": -2.87591481209,
        "stdev": 1.24126112461,
        "var": 1.54072928429
    },
    "barkbands_spread": {
        "dmean": 2.39706850052,
        "dmean2": 3.68969106674,
        "dvar": 5.38962841034,
        "dvar2": 11.7035903931,
        "max": 30.7508602142,
        "mean": 12.0357627869,
        "median": 11.7545795441,
        "min": 1.42663598061,
        "stdev": 4.8646402359,
        "var": 23.6647262573
    },
    "dissonance": {
        "dmean": 0.0381419062614,
        "dmean2": 0.0651291385293,
        "dvar": 0.00139879889321,
        "dvar2": 0.00352183240466,
        "max": 0.499223530293,
        "mean": 0.426051169634,
        "median": 0.436909079552,
        "min": 0.207089573145,
        "stdev": 0.0562268123031,
        "var": 0.00316145457327
    },
    "dynamic_complexity": 1.99461197853,
    "erbbands_crest": {
        "dmean": 2.90682768822,
        "dmean2": 4.20889091492,
        "dvar": 12.6294784546,
        "dvar2": 23.6344966888,
        "max": 31.7298660278,
        "mean": 20.6989498138,
        "median": 21.9618835449,
        "min": 2.91612243652,
        "stdev": 6.82922124863,
        "var": 46.6382598877
    },
    "erbbands_flatness_db": {
        "dmean": 0.0186496004462,
        "dmean2": 0.0245576836169,
        "dvar": 0.000424504542025,
        "dvar2": 0.000669583911076,
        "max": 0.3962200284,
        "mean": 0.244664773345,
        "median": 0.248902410269,
        "min": 0.102294005454,
        "stdev": 0.0514078699052,
        "var": 0.00264276890084
    },
    "erbbands_kurtosis": {
        "dmean": 4.53543186188,
        "dmean2": 6.43553495407,
        "dvar": 69.5466766357,
        "dvar2": 135.196075439,
        "max": 112.15763855,
        "mean": 10.9241886139,
        "median": 5.58297491074,
        "min": -1.21898961067,
        "stdev": 14.2598905563,
        "var": 203.344467163
    },
    "erbbands_skewness": {
        "dmean": 0.579815506935,
        "dmean2": 0.919588804245,
        "dvar": 0.455300033092,
        "dvar2": 0.880563139915,
        "max": 8.12819194794,
        "mean": 1.09086191654,
        "median": 0.701703190804,
        "min": -1.48634123802,
        "stdev": 1.35917377472,
        "var": 1.8473533392
    },
    "erbbands_spread": {
        "dmean": 3.96968841553,
        "dmean2": 5.40532207489,
        "dvar": 32.06980896,
        "dvar2": 52.0602111816,
        "max": 65.2586135864,
        "mean": 13.5285043716,
        "median": 10.8002338409,
        "min": 0.917681455612,
        "stdev": 11.0822238922,
        "var": 122.815696716
    },
    "hfc": {
        "dmean": 4.88803768158,
        "dmean2": 7.5756649971,
        "dvar": 57.6669654846,
        "dvar2": 147.004150391,
        "max": 85.7850570679,
        "mean": 24.2436065674,
        "median": 23.9862327576,
        "min": 1.20316450886e-16,
        "stdev": 13.6669063568,
        "var": 186.784332275
    },
    "loudness_ebu128": {
        "integrated": -24.2588787079,
        "loudness_range": 0.789173126221,
        "momentary": {
            "dmean": 0.546895563602,
            "dmean2": 0.494492858648,
            "dvar": 0.52115380764,
            "dvar2": 0.390006631613,
            "max": -22.836063385,
            "mean": -24.8767852783,
            "median": -23.9958133698,
            "min": -40.1209640503,
            "stdev": 2.81283831596,
            "var": 7.9120593071
        },
        "short_term": {
            "dmean": 0.0603944584727,
            "dmean2": 0.0603005066514,
            "dvar": 0.00265216710977,
            "dvar2": 0.00229773204774,
            "max": -23.4810676575,
            "mean": -24.055978775,
            "median": -24.0369548798,
            "min": -25.3891468048,
            "stdev": 0.323021739721,
            "var": 0.104343049228
        }
    },
    "melbands_crest": {
        "dmean": 3.44736671448,
        "dmean2": 5.54357433319,
        "dvar": 12.0678701401,
        "dvar2": 33.2513275146,
        "max": 34.2703018188,
        "mean": 19.3426818848,
        "median": 17.7498588562,
        "min": 2.3817243576,
        "stdev": 6.31772279739,
        "var": 39.9136199951
    },
    "melbands_flatness_db": {
        "dmean": 0.0323152393103,
        "dmean2": 0.0500132478774,
        "dvar": 0.00105195422657,
        "dvar2": 0.00218472443521,
        "max": 0.521681189537,
        "mean": 0.333930104971,
        "median": 0.344003021717,
        "min": 0.00792449060827,
        "stdev": 0.0758315548301,
        "var": 0.00575042469427
    },
    "melbands_kurtosis": {
        "dmean": 3.99827456474,
        "dmean2": 6.39992761612,
        "dvar": 49.5907897949,
        "dvar2": 118.514465332,
        "max": 84.8308792114,
        "mean": 5.54307317734,
        "median": 1.5700044632,
        "min": -1.73112022877,
        "stdev": 10.5912656784,
        "var": 112.17490387
    },
    "melbands_skewness": {
        "dmean": 0.735288619995,
        "dmean2": 1.16919648647,
        "dvar": 0.492770850658,
        "dvar2": 1.06610321999,
        "max": 7.46739721298,
        "mean": 1.51917791367,
        "median": 1.37876939774,
        "min": -3.38996243477,
        "stdev": 1.55746746063,
        "var": 2.42570495605
    },
    "melbands_spread": {
        "dmean": 3.58616161346,
        "dmean2": 5.75431680679,
        "dvar": 29.0332527161,
        "dvar2": 46.3989639282,
        "max": 114.327407837,
        "mean": 15.55560112,
        "median": 15.6713867188,
        "min": 2.27453541756,
        "stdev": 8.28632068634,
        "var": 68.6631164551
    },
    "pitch_salience": {
        "dmean": 0.0626413673162,
        "dmean2": 0.103291898966,
        "dvar": 0.00490577658638,
        "dvar2": 0.0132887233049,
        "max": 0.793637037277,
        "mean": 0.421436190605,
        "median": 0.420745372772,
        "min": 0.158485472202,
        "stdev": 0.0886322781444,
        "var": 0.00785568077117
    },
    "silence_rate_20dB": {
        "dmean": 0,
        "dmean2": 0,
        "dvar": 0,
        "dvar2": 0,
        "max": 1,
        "mean": 1,
        "median": 1,
        "min": 1,
        "stdev": 0,
        "var": 0
    },
    "silence_rate_30dB": {
        "dmean": 0.081237912178,
        "dmean2": 0.162790700793,
        "dvar": 0.0746381878853,
        "dvar2": 0.167298272252,
        "max": 1,
        "mean": 0.814671814442,
        "median": 1,
        "min": 0,
        "stdev": 0.388563841581,
        "var": 0.150981858373
    },
    "silence_rate_60dB": {
        "dmean": 0.00773694412783,
        "dmean2": 0.0155038759112,
        "dvar": 0.0076770670712,
        "dvar2": 0.0191394295543,
        "max": 1,
        "mean": 0.0540540553629,
        "median": 0,
        "min": 0,
        "stdev": 0.226124763489,
        "var": 0.0511324107647
    },
    "spectral_centroid": {
        "dmean": 110.928100586,
        "dmean2": 162.116882324,
        "dvar": 208306.15625,
        "dvar2": 220917.703125,
        "max": 10832.2275391,
        "mean": 832.234069824,
        "median": 743.741333008,
        "min": 320.878112793,
        "stdev": 500.963928223,
        "var": 250964.84375
    },
    "spectral_complexity": {
        "dmean": 2.91295933723,
        "dmean2": 4.31782960892,
        "dvar": 20.6867733002,
        "dvar2": 38.4648513794,
        "max": 48,
        "mean": 12.7316598892,
        "median": 11,
        "min": 0,
        "stdev": 8.13943386078,
        "var": 66.2503890991
    },
    "spectral_decrease": {
        "dmean": 4.74839279008e-09,
        "dmean2": 8.23404189276e-09,
        "dvar": 2.76356542791e-17,
        "dvar2": 7.36118879721e-17,
        "max": -9.45482343123e-29,
        "mean": -1.69849432297e-08,
        "median": -1.56699559994e-08,
        "min": -5.08637754137e-08,
        "stdev": 1.01529185059e-08,
        "var": 1.03081752394e-16
    },
    "spectral_energy": {
        "dmean": 0.0181935038418,
        "dmean2": 0.0315333120525,
        "dvar": 0.000405469239922,
        "dvar2": 0.00107727001887,
        "max": 0.194585591555,
        "mean": 0.0663040876389,
        "median": 0.0622367113829,
        "min": 1.1269893983e-20,
        "stdev": 0.0389649197459,
        "var": 0.00151826511137
    },
    "spectral_energyband_high": {
        "dmean": 6.97269570082e-05,
        "dmean2": 9.67144515016e-05,
        "dvar": 4.51356818587e-08,
        "dvar2": 8.5539660688e-08,
        "max": 0.00238848756999,
        "mean": 0.000147060753079,
        "median": 5.01743270434e-05,
        "min": 7.81328553327e-21,
        "stdev": 0.000312269112328,
        "var": 9.75119931468e-08
    },
    "spectral_energyband_low": {
        "dmean": 0.0165552776307,
        "dmean2": 0.0292796958238,
        "dvar": 0.000379017204978,
        "dvar2": 0.00100785761606,
        "max": 0.175604492426,
        "mean": 0.0390121005476,
        "median": 0.0267912447453,
        "min": 3.44424875373e-23,
        "stdev": 0.035197455436,
        "var": 0.00123886088841
    },
    "spectral_energyband_middle_high": {
        "dmean": 0.00228541204706,
        "dmean2": 0.00354698416777,
        "dvar": 2.10876696656e-05,
        "dvar2": 5.34368518856e-05,
        "max": 0.0614067539573,
        "mean": 0.00733710685745,
        "median": 0.00237054890022,
        "min": 2.09104937869e-21,
        "stdev": 0.0107766995206,
        "var": 0.000116137249279
    },
    "spectral_energyband_middle_low": {
        "dmean": 0.00621294695884,
        "dmean2": 0.0099019901827,
        "dvar": 0.000138730552862,
        "dvar2": 0.000373170449166,
        "max": 0.139333322644,
        "mean": 0.0224418565631,
        "median": 0.022746136412,
        "min": 3.64006725447e-22,
        "stdev": 0.0161157660186,
        "var": 0.000259717897279
    },
    "spectral_entropy": {
        "dmean": 0.206125631928,
        "dmean2": 0.277790307999,
        "dvar": 0.071162506938,
        "dvar2": 0.118490837514,
        "max": 9.81585597992,
        "mean": 6.63141965866,
        "median": 6.59591388702,
        "min": 5.38010692596,
        "stdev": 0.585127413273,
        "var": 0.34237408638
    },
    "spectral_flux": {
        "dmean": 0.0393256507814,
        "dmean2": 0.0596076473594,
        "dvar": 0.00216974318027,
        "dvar2": 0.00458290614188,
        "max": 0.423895537853,
        "mean": 0.0956320315599,
        "median": 0.0787040889263,
        "min": 1.06159754598e-10,
        "stdev": 0.0686107426882,
        "var": 0.00470743421465
    },
    "spectral_kurtosis": {
        "dmean": 2.99710941315,
        "dmean2": 5.19057798386,
        "dvar": 7.57318115234,
        "dvar2": 21.810503006,
        "max": 32.0654602051,
        "mean": 11.7520742416,
        "median": 10.7953052521,
        "min": -1.22080767155,
        "stdev": 5.34550952911,
        "var": 28.5744743347
    },
    "spectral_rms": {
        "dmean": 0.0010808975203,
        "dmean2": 0.00186742923688,
        "dvar": 1.25920109895e-06,
        "dvar2": 3.31534101861e-06,
        "max": 0.0137782292441,
        "mean": 0.0075616389513,
        "median": 0.00779222324491,
        "min": 3.31587383419e-12,
        "stdev": 0.00274016638286,
        "var": 7.50851177145e-06
    },
    "spectral_rolloff": {
        "dmean": 145.567626953,
        "dmean2": 233.776824951,
        "dvar": 631045.9375,
        "dvar2": 683030.5,
        "max": 18367.8222656,
        "mean": 740.567382812,
        "median": 710.595703125,
        "min": 64.599609375,
        "stdev": 822.854125977,
        "var": 677088.875
    },
    "spectral_skewness": {
        "dmean": 0.310414463282,
        "dmean2": 0.516137003899,
        "dvar": 0.093353793025,
        "dvar2": 0.213605031371,
        "max": 4.71188831329,
        "mean": 2.75178194046,
        "median": 2.78122282028,
        "min": 0.00967447832227,
        "stdev": 0.709789097309,
        "var": 0.503800570965
    },
    "spectral_spread": {
        "dmean": 516823.375,
        "dmean2": 794673.0625,
        "dvar": 3.10361063424e+12,
        "dvar2": 3.38753591706e+12,
        "max": 41490264,
        "mean": 3716949.25,
        "median": 3478607.5,
        "min": 2012131.125,
        "stdev": 1911538,
        "var": 3.65397750579e+12
    },
    "spectral_strongpeak": {
        "dmean": 0.889511466026,
        "dmean2": 1.63605225086,
        "dvar": 2.04113698006,
        "dvar2": 5.67609786987,
        "max": 7.8256187439,
        "mean": 1.83758163452,
        "median": 0.730334877968,
        "min": 0,
        "stdev": 1.9063655138,
        "var": 3.63422966003
    },
    "zerocrossingrate": {
        "dmean": 0.00452014338225,
        "dmean2": 0.00601551122963,
        "dvar": 0.000279873609543,
        "dvar2": 0.000462071067886,
        "max": 0.49658203125,
        "mean": 0.0295579824597,
        "median": 0.028076171875,
        "min": 0.00439453125,
        "stdev": 0.0311107710004,
        "var": 0.000967880128883
    },
    "barkbands": {
        "dmean": [0.000457059824839, 0.0144828502089, 0.00334851443768, 0.0027161736507, 0.00139701238368, 0.000421644974267, 0.000243890128331, 0.000840713386424, 0.00294487876818, 0.0010839656461, 0.000720027601346, 0.000604491913691, 0.000286663824227, 0.000121361394122, 0.00019983726088, 0.000195750792045, 0.00014365631796, 9.00629092939e-05, 6.43806051812e-05, 3.73304756067e-05, 2.73307832686e-05, 1.01206942418e-05, 8.85245844984e-06, 1.22398378153e-05, 1.11270310299e-05, 2.8992631087e-06, 4.82775739385e-08],
        "dmean2": [0.00063399906503, 0.0252485182136, 0.00578756863251, 0.00479960720986, 0.00234238849953, 0.000782308168709, 0.000420503813075, 0.00128335156478, 0.00390740623698, 0.00163172569592, 0.0010937404586, 0.000959011667874, 0.000473348802188, 0.000191171013284, 0.000302106986055, 0.000337476958521, 0.000234093444305, 0.000142948483699, 0.000102070705907, 5.91482275922e-05, 4.45581026725e-05, 1.39130715979e-05, 1.22746769193e-05, 1.51666981765e-05, 1.76360063051e-05, 4.65849097964e-06, 8.3757939251e-08],
        "dvar": [6.41700921733e-07, 0.000279136002064, 0.00010468866094, 4.05623177357e-05, 2.67911018454e-05, 3.47812033397e-06, 9.38959942687e-07, 5.75386002311e-06, 1.59602059284e-05, 1.13282612801e-05, 4.2099663915e-06, 2.23447318604e-06, 4.82993470996e-07, 9.93868951582e-08, 2.17625540699e-07, 2.25723212566e-07, 8.35850926251e-08, 8.50567829502e-08, 2.11190851473e-08, 1.17824452417e-08, 1.02334416496e-08, 8.34800895078e-10, 6.22900397929e-10, 1.38282996165e-09, 3.13830877952e-10, 3.456987821e-11, 1.27601075051e-14],
        "dvar2": [1.1959098174e-06, 0.000742918869946, 0.000289616000373, 0.000109147949843, 6.06837820669e-05, 1.02728436104e-05, 2.71337148661e-06, 1.22855672089e-05, 2.4659328119e-05, 2.46808194788e-05, 8.46446982905e-06, 6.45195450488e-06, 1.48347896811e-06, 2.10822378222e-07, 4.78576453133e-07, 6.09975359112e-07, 2.03889555905e-07, 2.18821256226e-07, 4.79122839181e-08, 2.87878307859e-08, 2.59411461201e-08, 1.38652933579e-09, 1.19169796253e-09, 2.35390618109e-09, 6.83047007843e-10, 7.57146706443e-11, 3.10600171613e-14],
        "max": [0.0115813389421, 0.125395745039, 0.107549518347, 0.0571165382862, 0.0718878060579, 0.02140490897, 0.013005615212, 0.0366185382009, 0.0568021461368, 0.0601232275367, 0.0399716049433, 0.0143130691722, 0.00702993944287, 0.0026600479614, 0.00629745796323, 0.00395358959213, 0.00259727006778, 0.00330442935228, 0.00135559157934, 0.00103254558053, 0.00116914557293, 0.000369300949387, 0.000343754625646, 0.000496662862133, 0.000187988072867, 6.83142643538e-05, 1.22041001305e-06],
        "mean": [0.00155336456373, 0.0311681609601, 0.00442505441606, 0.00312120490707, 0.00168169802055, 0.000421141216066, 0.000335417280439, 0.00216171215288, 0.0131816351786, 0.00362317799591, 0.00183627521619, 0.00105716381222, 0.000406359293265, 0.000178852875251, 0.000287393195322, 0.000225196112297, 0.000235284052906, 0.000122673562146, 0.000100328208646, 6.05662025919e-05, 3.85206840292e-05, 1.59682513186e-05, 1.48265817188e-05, 2.06231252378e-05, 2.58229811152e-05, 5.61751176065e-06, 4.98458554432e-08],
        "median": [0.000198664987693, 0.0192413255572, 0.00164985330775, 0.00100744981319, 0.000587597314734, 0.000108740030555, 0.000141568350955, 0.000352998788003, 0.0104231499135, 0.000125902035506, 0.000102602542029, 0.000341484439559, 0.000182664371096, 2.62029352598e-05, 7.75402149884e-05, 5.37670493941e-05, 7.38039816497e-05, 3.16796358675e-05, 2.44306702371e-05, 1.98933412321e-05, 6.79337972542e-06, 3.44089994542e-06, 4.67310246677e-06, 4.40623489339e-06, 1.51493914018e-05, 3.26623148794e-06, 2.92509194644e-09],
        "min": [3.51951081725e-24, 1.49545955302e-23, 6.64019091577e-24, 1.30695319333e-23, 3.38759276352e-23, 8.73442319043e-23, 1.02826031066e-22, 5.69607177143e-23, 6.28292496258e-23, 1.00448069821e-22, 1.22428334726e-22, 1.63028733598e-22, 1.07153248676e-22, 1.26451209798e-22, 1.22771230473e-22, 2.07725529379e-22, 3.61441930385e-22, 3.10916638961e-22, 3.46005929332e-22, 2.92300708045e-22, 4.6718503655e-22, 4.05678927543e-22, 5.8045849532e-22, 9.98659131919e-22, 1.13945845941e-21, 1.79488681155e-21, 2.49503865452e-21],
        "stdev": [0.00271151261404, 0.0307307131588, 0.00906904507428, 0.00612803176045, 0.00538558140397, 0.00139278848656, 0.000786483753473, 0.0052194558084, 0.0119308214635, 0.00889681186527, 0.00547320581973, 0.00177554145921, 0.000661957950797, 0.000420607684646, 0.000574442092329, 0.000476824498037, 0.000395004579332, 0.000286747905193, 0.000188049438293, 0.000140374861076, 0.000110032458906, 4.19906464231e-05, 3.49428628397e-05, 5.59129657631e-05, 2.90573352686e-05, 7.84951134847e-06, 1.3553542999e-07],
        "var": [7.3523010542e-06, 0.000944376690313, 8.22475703899e-05, 3.75527706638e-05, 2.90044863505e-05, 1.93985988517e-06, 6.1855672584e-07, 2.72427168966e-05, 0.000142344506457, 7.91532584117e-05, 2.99559796986e-05, 3.15254760608e-06, 4.38188294538e-07, 1.76910830874e-07, 3.29983720349e-07, 2.27361596217e-07, 1.56028619358e-07, 8.22243606535e-08, 3.53625893013e-08, 1.97051015505e-08, 1.21071419557e-08, 1.76321446332e-09, 1.22100374256e-09, 3.12625969556e-09, 8.44328718053e-10, 6.16148243537e-11, 1.83698508607e-14]
    },
    "erbbands": {
        "dmean": [0.487487614155, 3.2370634079, 3.76155805588, 6.65993261337, 6.35750102997, 4.82580089569, 3.82671380043, 3.36890244484, 3.17348647118, 4.77896118164, 30.1802978516, 81.1435165405, 44.1343994141, 21.761631012, 26.0136909485, 22.0084495544, 15.2676858902, 7.24435377121, 9.11535167694, 9.84862518311, 8.91865730286, 8.82919979095, 5.68488121033, 3.03770756721, 3.10895323753, 1.57864248753, 1.66071093082, 0.738955616951, 0.372069835663, 0.286012560129, 0.245973497629, 0.200303763151, 0.258998721838, 0.172362744808, 0.0698725357652, 0.0200791936368, 0.00386223383248, 0.000376573414542, 1.41322398122e-05, 1.99833830266e-05],
        "dmean2": [0.772156596184, 5.75479412079, 6.54122638702, 11.4503173828, 11.2373304367, 7.87981700897, 7.18736362457, 6.07515048981, 5.75109148026, 7.82329130173, 45.4868087769, 104.357597351, 66.2691574097, 32.6060714722, 41.682472229, 34.4875984192, 24.0669879913, 11.5625963211, 12.5268306732, 16.404083252, 15.4790563583, 14.2116508484, 8.78276157379, 4.68505954742, 5.16392183304, 2.55869078636, 2.90797710419, 1.00919032097, 0.519348621368, 0.420182496309, 0.347243487835, 0.262088298798, 0.323754221201, 0.272242367268, 0.109144963324, 0.0316598452628, 0.00606344407424, 0.000607490655966, 2.3124524887e-05, 3.45569751516e-05],
        "dvar": [0.352395951748, 13.9769201279, 112.654937744, 284.311950684, 218.96484375, 429.957061768, 412.757965088, 191.73526001, 198.413482666, 208.984573364, 5099.18115234, 13206.953125, 12718.8291016, 4025.56762695, 7660.41503906, 2609.07128906, 1096.66748047, 357.924804688, 350.910125732, 560.303894043, 537.938476562, 340.150848389, 262.324401855, 58.51795578, 50.8873558044, 24.7189006805, 44.1797904968, 5.19811725616, 1.18188357353, 0.687857925892, 0.476007729769, 0.321166723967, 0.737026929855, 0.0903813093901, 0.0108003374189, 0.0011862659594, 0.000108548621938, 2.15694899453e-06, 9.61508983544e-10, 4.92418883447e-10],
        "dvar2": [0.818172335625, 38.2365493774, 305.756713867, 766.051757812, 572.562194824, 900.231262207, 1210.75817871, 563.278808594, 581.687011719, 549.324951172, 11536.3222656, 19516.7636719, 30148.4042969, 6707.00097656, 15191.9960938, 7410.91552734, 3205.58251953, 828.278625488, 509.610656738, 1513.05834961, 1466.96081543, 808.225769043, 636.764526367, 131.977539062, 122.261764526, 62.690788269, 127.647102356, 8.9266500473, 1.8999247551, 1.34961783886, 0.916990041733, 0.554821550846, 1.30417490005, 0.203682720661, 0.0245820991695, 0.003067354206, 0.000204844240216, 4.95652147947e-06, 2.16178941415e-09, 1.2909636693e-09],
        "max": [6.8177022934, 30.2686309814, 126.3670578, 173.637268066, 126.730567932, 321.088348389, 230.894638062, 167.836456299, 181.907196045, 182.637008667, 1047.5213623, 1596.13574219, 1982.23168945, 1407.30273438, 1532.71704102, 464.158905029, 319.952209473, 197.123123169, 226.960876465, 280.45111084, 191.229095459, 166.382141113, 190.2631073, 89.3820266724, 66.1472320557, 48.99974823, 71.2191772461, 29.8016586304, 13.7551412582, 10.0136451721, 9.70287132263, 8.07736968994, 13.1982908249, 2.8458750248, 1.50602030754, 0.402993887663, 0.127711445093, 0.0164290573448, 0.000406987266615, 0.000212282611756],
        "mean": [1.21862840652, 5.61688184738, 5.82593202591, 8.94759464264, 7.24667978287, 6.19832229614, 3.25259256363, 3.48691105843, 3.72281169891, 8.87282371521, 94.6748809814, 353.694000244, 173.2628479, 72.1851806641, 57.958770752, 40.8482208252, 26.9084663391, 10.7894773483, 13.8684082031, 13.0788879395, 11.3382577896, 14.9526863098, 8.27984523773, 4.90368318558, 4.96794605255, 2.46349596977, 1.91274774075, 1.21783185005, 0.613034427166, 0.429706335068, 0.408610612154, 0.339833050966, 0.433236509562, 0.333605766296, 0.166444733739, 0.0447297543287, 0.00665230117738, 0.000491063750815, 4.44969446107e-05, 7.49998216634e-05],
        "median": [0.51543211937, 3.72819519043, 2.39338636398, 3.31487798691, 3.58746242523, 1.72409546375, 0.811116576195, 0.693959951401, 1.5964499712, 4.42089557648, 32.7709579468, 237.585174561, 94.3448028564, 7.16984081268, 5.37058353424, 12.9313182831, 11.8222265244, 3.705753088, 4.23760604858, 4.72432994843, 3.90198040009, 4.90736675262, 2.72751331329, 1.5238519907, 1.59003174305, 0.725219786167, 0.304965794086, 0.250260382891, 0.131216943264, 0.119204446673, 0.138275116682, 0.106311380863, 0.0761107057333, 0.178650707006, 0.105149075389, 0.0282081756741, 0.00322632817551, 0.000117958916235, 3.91323337681e-05, 7.08682055119e-05],
        "min": [2.08991543847e-22, 3.97735297652e-21, 8.62678373838e-21, 3.33465197748e-20, 2.3165367538e-20, 1.08870798038e-19, 2.6212319636e-19, 9.19877056935e-19, 2.12873565793e-18, 3.85742495473e-19, 1.63597723939e-18, 1.10485377045e-18, 2.11305520864e-18, 4.74075613823e-18, 5.6930023235e-18, 6.15835966046e-18, 5.88597280706e-18, 5.11789631722e-18, 5.18480282107e-18, 8.34810940114e-18, 1.36076661885e-17, 1.98375132791e-17, 1.22353702436e-17, 2.18534301868e-17, 1.71389225574e-17, 1.40471331859e-17, 1.68026289706e-17, 1.954780485e-17, 1.55153026726e-17, 1.42255163394e-17, 1.67937880642e-17, 1.53035460901e-17, 1.89003755477e-17, 1.3479922205e-17, 8.47177455707e-18, 7.11479799707e-18, 3.2922965044e-18, 1.34493032874e-18, 3.54437509149e-19, 3.55520967117e-20],
        "stdev": [1.56049025059, 5.32590532303, 9.89624786377, 16.056558609, 13.8326816559, 22.7378540039, 15.0448112488, 10.767165184, 10.6690988541, 15.5742311478, 159.627197266, 340.296081543, 252.08454895, 167.859176636, 203.751449585, 64.9637298584, 39.3796005249, 22.791185379, 28.5987892151, 24.2449111938, 22.5812339783, 25.2478370667, 17.1974163055, 9.77327156067, 9.00750732422, 6.19639921188, 6.10467624664, 3.19024968147, 1.59892308712, 1.12439131737, 0.947909235954, 0.798828244209, 1.29867494106, 0.430567681789, 0.182701572776, 0.0506601296365, 0.0129265906289, 0.00146408518776, 3.82548350899e-05, 4.30710606452e-05],
        "var": [2.43512964249, 28.3652687073, 97.9357147217, 257.813049316, 191.343093872, 517.010009766, 226.346359253, 115.931846619, 113.829666138, 242.556686401, 25480.8398438, 115801.414062, 63546.6171875, 28176.7050781, 41514.6523438, 4220.28662109, 1550.75292969, 519.438110352, 817.89074707, 587.815673828, 509.91217041, 637.45324707, 295.751098633, 95.5168380737, 81.1351928711, 38.395362854, 37.2670707703, 10.177693367, 2.55655503273, 1.26425588131, 0.898531913757, 0.638126552105, 1.68655657768, 0.185388535261, 0.0333798639476, 0.00256644864567, 0.000167096746736, 2.14354531636e-06, 1.46343237528e-09, 1.85511639383e-09]
    },
    "gfcc": {
        "mean": [-35.5156669617, 127.996437073, -103.862518311, 14.7973880768, -39.1349601746, 35.5473670959, -14.1133537292, 43.1900672913, -14.7743244171, -3.02480578423, -21.5933437347, -15.2090883255, -6.76510238647],
        "cov": [[8975.19628906, -68.8008575439, -740.662536621, 203.882217407, -55.8999252319, 373.541137695, -78.1522903442, 21.540813446, -307.630493164, -53.6357421875, -155.544342041, 72.3421325684, 55.4042854309], [-68.8008575439, 630.301574707, 218.346786499, -31.2889232635, 103.903709412, -167.171813965, -95.7836532593, -75.265411377, 119.842658997, 21.6255493164, -9.30933189392, -129.40713501, -78.485710144], [-740.662536621, 218.346786499, 442.305297852, -61.5402488708, 84.3648910522, -27.2812023163, 19.2285747528, 41.3600120544, 57.4471168518, -0.991894960403, -10.5670528412, -18.1042118073, -65.0441513062], [203.882217407, -31.2889232635, -61.5402488708, 292.403594971, 8.09720420837, -77.6882781982, -57.0827140808, -76.3619308472, 8.17732620239, -22.0127716064, 31.8297042847, -1.59584987164, 41.717124939], [-55.8999252319, 103.903709412, 84.3648910522, 8.09720420837, 208.387741089, 56.4315872192, 42.5598602295, 19.1056613922, 11.387462616, -29.4818382263, -2.16954350471, 30.2130508423, -5.91366291046], [373.541137695, -167.171813965, -27.2812023163, -77.6882781982, 56.4315872192, 267.916381836, 147.334457397, 76.3157424927, -99.4604568481, -54.1331634521, 17.840845108, 57.0163536072, 16.64478302], [-78.1522903442, -95.7836532593, 19.2285747528, -57.0827140808, 42.5598602295, 147.334457397, 228.954101562, 119.109352112, -11.5837306976, -6.28586053848, 53.0382919312, 42.8899726868, 23.8905067444], [21.540813446, -75.265411377, 41.3600120544, -76.3619308472, 19.1056613922, 76.3157424927, 119.109352112, 192.590377808, 68.3112869263, 0.92967581749, -4.75055551529, -11.6381378174, 4.94165945053], [-307.630493164, 119.842658997, 57.4471168518, 8.17732620239, 11.387462616, -99.4604568481, -11.5837306976, 68.3112869263, 235.454406738, 91.6420822144, 4.30404949188, -97.6561889648, -15.7775888443], [-53.6357421875, 21.6255493164, -0.991894960403, -22.0127716064, -29.4818382263, -54.1331634521, -6.28586053848, 0.92967581749, 91.6420822144, 137.726150513, 33.6871910095, -18.4945716858, -12.1180295944], [-155.544342041, -9.30933189392, -10.5670528412, 31.8297042847, -2.16954350471, 17.840845108, 53.0382919312, -4.75055551529, 4.30404949188, 33.6871910095, 128.928939819, 57.4816970825, 36.4989814758], [72.3421325684, -129.40713501, -18.1042118073, -1.59584987164, 30.2130508423, 57.0163536072, 42.8899726868, -11.6381378174, -97.6561889648, -18.4945716858, 57.4816970825, 186.123687744, 62.5089149475], [55.4042854309, -78.485710144, -65.0441513062, 41.717124939, -5.91366291046, 16.64478302, 23.8905067444, 4.94165945053, -15.7775888443, -12.1180295944, 36.4989814758, 62.5089149475, 83.437461853]],
        "icov": [[0.000236064952333, -0.000666913692839, 0.000516087224241, -0.000672026886605, 0.000436347851064, -0.000915371871088, 0.000408706546295, -0.000750369101297, 0.00037339219125, -0.000647665699944, 0.000756050867494, -0.000611281895544, 0.000198951442144], [-0.000666913692839, 0.00607242202386, -0.00262844376266, 0.00386331230402, -0.00413774047047, 0.00520821614191, -0.00113826454617, 0.00430961092934, -0.00146216352005, 0.0031616250053, -0.00452682841569, 0.00504914717749, -0.000707038969267], [0.000516087224241, -0.00262844376266, 0.00459110690281, -0.0015136722941, 0.000737840309739, -0.00177299953066, 0.000488325371407, -0.0026152797509, 0.00010762236343, -0.000716966460459, 0.00175949709956, -0.00316791981459, 0.00346160074696], [-0.000672026886605, 0.00386331230402, -0.0015136722941, 0.00792478770018, -0.00354377203621, 0.00524205900729, -0.00106132845394, 0.00481387320906, -0.00173707655631, 0.00429044151679, -0.00493551744148, 0.00452169822529, -0.00327394506894], [0.000436347851064, -0.00413774047047, 0.000737840309739, -0.00354377203621, 0.00969242863357, -0.00571793038398, -0.000186071847565, -0.00128205970395, -0.00244662561454, 2.56304028881e-05, 0.00433197245002, -0.00632492173463, 0.0025064474903], [-0.000915371871088, 0.00520821614191, -0.00177299953066, 0.00524205900729, -0.00571793038398, 0.0140351150185, -0.00525665702298, 0.00218739081174, 0.00248290528543, 0.00395331950858, -0.00521667813882, 0.00551230134442, -0.0011296501616], [0.000408706546295, -0.00113826454617, 0.000488325371407, -0.00106132845394, -0.000186071847565, -0.00525665702298, 0.0114947948605, -0.00680620595813, 0.00203163502738, -0.00219523743726, -0.00263251108117, -0.000436561967945, -0.000739535316825], [-0.000750369101297, 0.00430961092934, -0.0026152797509, 0.00481387320906, -0.00128205970395, 0.00218739081174, -0.00680620595813, 0.0158634688705, -0.00798709038645, 0.00561469001696, -0.000725953374058, 0.00226316810586, -0.00148423982318], [0.00037339219125, -0.00146216352005, 0.00010762236343, -0.00173707655631, -0.00244662561454, 0.00248290528543, 0.00203163502738, -0.00798709038645, 0.0145139889792, -0.00843474734575, -0.000438934599515, 0.00578184006736, -0.00406839232892], [-0.000647665699944, 0.0031616250053, -0.000716966460459, 0.00429044151679, 2.56304028881e-05, 0.00395331950858, -0.00219523743726, 0.00561469001696, -0.00843474734575, 0.0159865636379, -0.00596774276346, -0.000168854225194, 0.00367307965644], [0.000756050867494, -0.00452682841569, 0.00175949709956, -0.00493551744148, 0.00433197245002, -0.00521667813882, -0.00263251108117, -0.000725953374058, -0.000438934599515, -0.00596774276346, 0.0168573558331, -0.00735064968467, -0.00159339979291], [-0.000611281895544, 0.00504914717749, -0.00316791981459, 0.00452169822529, -0.00632492173463, 0.00551230134442, -0.000436561967945, 0.00226316810586, 0.00578184006736, -0.000168854225194, -0.00735064968467, 0.0169162768871, -0.00952080264688], [0.000198951442144, -0.000707038969267, 0.00346160074696, -0.00327394506894, 0.0025064474903, -0.0011296501616, -0.000739535316825, -0.00148423982318, -0.00406839232892, 0.00367307965644, -0.00159339979291, -0.00952080264688, 0.0238197837025]]
    },
    "melbands": {
        "dmean": [0.00424418738112, 0.00249379035085, 0.00110767956357, 0.000385526102036, 0.000145451238495, 7.51529951231e-05, 4.96527245559e-05, 6.02357467869e-05, 0.000287421338726, 0.000546485651284, 0.000216510699829, 8.99218575796e-05, 8.63991008373e-05, 5.90832605667e-05, 6.64944163873e-05, 2.51953879342e-05, 1.26111199279e-05, 1.38096684168e-05, 1.60911531566e-05, 1.51948588609e-05, 8.98335929378e-06, 1.07252899397e-05, 5.18182423548e-06, 4.06204571846e-06, 2.40951931119e-06, 2.92607569463e-06, 1.52607037762e-06, 1.04035063941e-06, 1.1493053762e-06, 6.49314188195e-07, 3.82961701462e-07, 2.33135352801e-07, 1.84012762361e-07, 1.54849914225e-07, 1.42344347864e-07, 1.58550847118e-07, 1.13175808281e-07, 2.58118689089e-07, 7.42543448951e-08, 1.76929447093e-07],
        "dmean2": [0.00715344678611, 0.00441907625645, 0.00193172739819, 0.000646868254989, 0.000263450550847, 0.000137460971018, 8.82308086148e-05, 9.65999279288e-05, 0.000432771164924, 0.000696975330357, 0.000326253153617, 0.000129316438688, 0.000138917283039, 0.000102354453702, 9.54577189987e-05, 4.27227059845e-05, 2.01743368962e-05, 1.84166819963e-05, 2.61816021521e-05, 2.59986063611e-05, 1.60283034347e-05, 1.72953477886e-05, 7.86702094047e-06, 6.44702868158e-06, 3.76861794393e-06, 4.89361855216e-06, 2.4670921448e-06, 1.73113016899e-06, 2.04856746677e-06, 1.08135668597e-06, 5.10377503815e-07, 3.47028503711e-07, 2.61447439698e-07, 2.3683654149e-07, 2.12029746649e-07, 2.36394797071e-07, 1.57002205015e-07, 3.2296057384e-07, 1.1557266788e-07, 2.81043298855e-07],
        "dvar": [2.35493189393e-05, 1.79766775545e-05, 7.51283096179e-06, 1.41799841913e-06, 6.07565709743e-07, 1.01274252984e-07, 4.53421549196e-08, 4.16185059748e-08, 3.95380880036e-07, 6.16405372966e-07, 3.3071830785e-07, 6.74080382623e-08, 7.2188861111e-08, 3.71631578844e-08, 1.87264230789e-08, 4.25327773002e-09, 1.18992349307e-09, 9.48956579983e-10, 1.91691129636e-09, 1.09168230011e-09, 7.0365319127e-10, 4.75110062403e-10, 1.56385890349e-10, 2.09002551377e-10, 3.80608808359e-11, 4.43839617836e-11, 1.59233824043e-11, 1.14932100295e-11, 2.21418387097e-11, 5.26636286663e-12, 1.39438298147e-12, 4.38658630903e-13, 3.28941518121e-13, 2.31053864192e-13, 1.74207585748e-13, 1.97135954479e-13, 1.09998063446e-13, 8.67919614216e-13, 3.59974060922e-14, 8.7631433414e-14],
        "dvar2": [6.20139981038e-05, 4.69489787065e-05, 2.00820322789e-05, 3.02756780002e-06, 1.73171417828e-06, 2.98217287309e-07, 1.32429462951e-07, 1.04391546074e-07, 8.97061852356e-07, 8.96833682873e-07, 7.64046035329e-07, 1.06566723446e-07, 1.60098764468e-07, 1.02693824999e-07, 4.04095494844e-08, 1.29250663505e-08, 2.69360334038e-09, 1.35965061432e-09, 4.96114394011e-09, 2.94278712509e-09, 1.9881789548e-09, 1.16097909064e-09, 3.39641287317e-10, 5.53218137966e-10, 8.73858971295e-11, 1.02945263425e-10, 4.01852578991e-11, 2.9800932555e-11, 6.44717751408e-11, 1.31529049804e-11, 2.62521645047e-12, 7.66390098085e-13, 6.58975207301e-13, 5.22176865549e-13, 3.44834702242e-13, 4.4185567206e-13, 1.87496123228e-13, 1.51878650715e-12, 8.5326026572e-14, 2.06202432516e-13],
        "max": [0.0449599176645, 0.0500786229968, 0.0276934765279, 0.015691427514, 0.00988081097603, 0.00378731149249, 0.00281335948966, 0.00359180755913, 0.0082671251148, 0.0110027948394, 0.0101325232536, 0.00516713084653, 0.0042100767605, 0.00188648095354, 0.00171194633003, 0.000630341470242, 0.000334517331794, 0.000383847625926, 0.000664812279865, 0.000238354768953, 0.000216238433495, 0.000204415191547, 0.000181536001037, 0.000179709779331, 7.95273008407e-05, 6.3194987888e-05, 3.75187119062e-05, 3.36280936608e-05, 4.87459583383e-05, 2.63110723608e-05, 1.6235957446e-05, 7.84124495112e-06, 7.68196059653e-06, 5.29721455678e-06, 5.33498814548e-06, 5.84469762543e-06, 4.8883080126e-06, 1.51445374286e-05, 2.02737874133e-06, 3.17755302603e-06],
        "mean": [0.00959158502519, 0.00442914338782, 0.00146909465548, 0.000473410764243, 0.000133529552841, 7.66893790569e-05, 6.29249043413e-05, 0.000113007656182, 0.000852838566061, 0.00233262055553, 0.000797591172159, 0.000299609004287, 0.000195565444301, 9.4096052635e-05, 0.000139160620165, 3.22110390698e-05, 1.73618627741e-05, 2.0638362912e-05, 2.23364822887e-05, 1.79338894668e-05, 1.0653316167e-05, 1.76112371264e-05, 7.72583189246e-06, 5.43127316632e-06, 3.71289524992e-06, 4.19087928094e-06, 2.57337796938e-06, 1.42843657613e-06, 1.2713395563e-06, 9.25705705868e-07, 5.88821421843e-07, 3.74976792727e-07, 2.42914467208e-07, 2.3138092331e-07, 2.26528797498e-07, 2.3774168767e-07, 1.84416862226e-07, 4.27426328997e-07, 1.14154339315e-07, 3.37809836992e-07],
        "median": [0.00517826993018, 0.00296662887558, 0.000628772540949, 0.000199337460799, 3.23695385305e-05, 1.72227155417e-05, 2.74344711215e-05, 3.42674684362e-05, 0.000244486232987, 0.00144277187064, 0.000370421359548, 1.25231708807e-05, 1.09757711471e-05, 1.93116302398e-05, 4.44039324066e-05, 1.12613179226e-05, 3.40366045748e-06, 5.13043414685e-06, 5.76159527554e-06, 4.57076930616e-06, 2.6951079235e-06, 5.1705428632e-06, 2.61223271991e-06, 1.46183606375e-06, 8.59507622408e-07, 1.11392046165e-06, 8.9570653472e-07, 2.67854488811e-07, 1.84538492931e-07, 1.59406994271e-07, 1.11715365847e-07, 7.9369378625e-08, 5.32825055188e-08, 6.50099138966e-08, 7.99131214535e-08, 7.37268806006e-08, 5.83711639024e-08, 5.59069945893e-08, 5.13534139657e-08, 1.82272998472e-07],
        "min": [3.51534168737e-24, 5.48545474498e-24, 5.03339800324e-24, 3.65341167287e-24, 9.32004134094e-24, 2.3006457769e-23, 2.83076046298e-23, 4.35997821403e-24, 1.2641094476e-23, 7.35374558125e-24, 1.07362509808e-23, 1.94191380461e-23, 2.03007831932e-23, 1.78164345885e-23, 1.42778901353e-23, 9.54317222571e-24, 1.058201053e-23, 8.77883542831e-24, 1.06091560226e-23, 9.86297249238e-24, 1.82573305261e-23, 2.13825497303e-23, 1.70563592177e-23, 1.08294730405e-23, 1.85891837986e-23, 1.33547714149e-23, 9.96375736163e-24, 9.03366589969e-24, 1.27448470399e-23, 6.60084963356e-24, 1.37686788433e-23, 9.24597282397e-24, 6.80950018755e-24, 8.268519731e-24, 9.72490132358e-24, 9.15422198981e-24, 9.42464508584e-24, 1.23722656678e-23, 1.40979478074e-23, 1.0130976152e-23],
        "stdev": [0.0104177976027, 0.00498034013435, 0.00259581953287, 0.00130369793624, 0.000608167960308, 0.000243002257776, 0.000165298290085, 0.000270754855592, 0.00138978625182, 0.00232234667055, 0.00132968497928, 0.000747712037992, 0.000618318154011, 0.000256085651927, 0.000240989509621, 5.91054704273e-05, 4.24313366238e-05, 4.7117813665e-05, 4.57034802821e-05, 3.5335557186e-05, 2.41584093601e-05, 2.99270795949e-05, 1.457052349e-05, 1.3512411897e-05, 8.03765487944e-06, 8.28096472105e-06, 4.94807227369e-06, 4.15191789216e-06, 4.21902586822e-06, 2.59038984041e-06, 1.56595149292e-06, 9.61514842857e-07, 7.1774712751e-07, 6.10555275671e-07, 5.6352860156e-07, 5.41594829429e-07, 4.56791724446e-07, 1.42215435517e-06, 2.20267253326e-07, 4.2338965045e-07],
