{
"metadata": {
    "version": {
        "essentia": "2.1-beta6-dev",
        "essentia_git_sha": "v2.1_beta5-778-gc9eadba6",
        "extractor": "music 2.0"
    },
    "audio_properties": {
        "analysis": {
            "equal_loudness": 0,
            "length": 13.9999771118,
            "sample_rate": 44100,
            "start_time": 0,
            "downmix": "mix"
        },
        "bit_rate": 128000,
        "length": 14,
        "lossless": 0,
        "number_channels": 2,
        "replay_gain": -9.34351921082,
        "sample_rate": 48000,
        "codec": "mp3",
        "md5_encoded": "456cabbf05310581497fc22a2bec3327"
    },
    "tags": {
        "file_name": "apocalyptica-path.mp3",
        "encoding": ["Lavf59.16.100"]
    }
},
"lowlevel": {
    "average_loudness": 0.975356698036,
    "barkbands_crest": {
        "dmean": 2.10378432274,
        "dmean2": 3.49298191071,
        "dvar": 3.17367315292,
        "dvar2": 8.55181407928,
        "max": 22.7501754761,
        "mean": 10.4096918106,
        "median": 9.88856697083,
        "min": 2.9193546772,
        "stdev": 3.85247826576,
        "var": 14.8415880203
    },
    "barkbands_flatness_db": {
        "dmean": 0.0253796782345,
        "dmean2": 0.0361273698509,
        "dvar": 0.000463110336568,
        "dvar2": 0.000835079757962,
        "max": 0.261099994183,
        "mean": 0.135987862945,
        "median": 0.134995192289,
        "min": 0.0274762269109,
        "stdev": 0.042919062078,
        "var": 0.00184204580728
    },
    "barkbands_kurtosis": {
        "dmean": 4.34355926514,
        "dmean2": 6.19065475464,
        "dvar": 31.8183326721,
        "dvar2": 60.902141571,
        "max": 66.721244812,
        "mean": 6.7783741951,
        "median": 3.84449529648,
        "min": -1.58319067955,
        "stdev": 9.33135509491,
        "var": 87.0741958618
    },
    "barkbands_skewness": {
        "dmean": 0.652412235737,
        "dmean2": 0.957293748856,
        "dvar": 0.30605173111,
        "dvar2": 0.623545110226,
        "max": 7.40057182312,
        "mean": 2.20983529091,
        "median": 2.13329410553,
        "min": -1.34738779068,
        "stdev": 1.40950071812,
        "var": 1.98669230938
    },
    "barkbands_spread": {
        "dmean": 6.59059715271,
        "dmean2": 9.58473491669,
        "dvar": 35.4446601868,
        "dvar2": 72.378326416,
        "max": 55.3062515259,
        "mean": 21.3781681061,
        "median": 20.7135620117,
        "min": 2.52076458931,
        "stdev": 10.4219093323,
        "var": 108.616188049
    },
    "dissonance": {
        "dmean": 0.00894830934703,
        "dmean2": 0.0148120243102,
        "dvar": 7.30597384972e-05,
        "dvar2": 0.000207927121664,
        "max": 0.499928086996,
        "mean": 0.480662554502,
        "median": 0.483655184507,
        "min": 0.413634777069,
        "stdev": 0.0123654445633,
        "var": 0.000152904220158
    },
    "dynamic_complexity": 2.89616179466,
    "erbbands_crest": {
        "dmean": 1.97073471546,
        "dmean2": 3.14541292191,
        "dvar": 3.55734109879,
        "dvar2": 8.21071243286,
        "max": 23.389213562,
        "mean": 6.92974805832,
        "median": 6.0731883049,
        "min": 2.67634606361,
        "stdev": 3.09685015678,
        "var": 9.59048080444
    },
    "erbbands_flatness_db": {
        "dmean": 0.0136390812695,
        "dmean2": 0.0200451631099,
        "dvar": 0.000165975216078,
        "dvar2": 0.000316991558066,
        "max": 0.262483209372,
        "mean": 0.132087573409,
        "median": 0.126388415694,
        "min": 0.0581951588392,
        "stdev": 0.0364687256515,
        "var": 0.00132996786851
    },
    "erbbands_kurtosis": {
        "dmean": 0.580639898777,
        "dmean2": 0.936451733112,
        "dvar": 0.423148304224,
        "dvar2": 1.02267205715,
        "max": 6.5329246521,
        "mean": -0.383196532726,
        "median": -0.549320220947,
        "min": -1.70176875591,
        "stdev": 0.977499783039,
        "var": 0.955505847931
    },
    "erbbands_skewness": {
        "dmean": 0.321073979139,
        "dmean2": 0.454898506403,
        "dvar": 0.071250423789,
        "dvar2": 0.151934683323,
        "max": 2.00831770897,
        "mean": -0.222500905395,
        "median": -0.18295365572,
        "min": -2.22178864479,
        "stdev": 0.527249455452,
        "var": 0.277992010117
    },
    "erbbands_spread": {
        "dmean": 8.26850700378,
        "dmean2": 12.894826889,
        "dvar": 51.235206604,
        "dvar2": 120.513183594,
        "max": 112.480690002,
        "mean": 51.9319419861,
        "median": 52.3191757202,
        "min": 10.9402389526,
        "stdev": 18.8484992981,
        "var": 355.265899658
    },
    "hfc": {
        "dmean": 5.39192771912,
        "dmean2": 6.89825344086,
        "dvar": 55.9490776062,
        "dvar2": 104.274040222,
        "max": 84.258934021,
        "mean": 19.1183605194,
        "median": 17.8581390381,
        "min": 1.38991035783e-05,
        "stdev": 13.1320123672,
        "var": 172.449737549
    },
    "loudness_ebu128": {
        "integrated": -11.6302146912,
        "loudness_range": 0.776577949524,
        "momentary": {
            "dmean": 0.582702100277,
            "dmean2": 0.514893054962,
            "dvar": 1.13625121117,
            "dvar2": 1.40924966335,
            "max": -9.1780796051,
            "mean": -12.9792127609,
            "median": -11.5840606689,
            "min": -37.2746200562,
            "stdev": 4.68343782425,
            "var": 21.9345912933
        },
        "short_term": {
            "dmean": 0.0635378062725,
            "dmean2": 0.04561387375,
            "dvar": 0.00338446861133,
            "dvar2": 0.0016855308786,
            "max": -11.0531148911,
            "mean": -11.6178359985,
            "median": -11.5965118408,
            "min": -13.299030304,
            "stdev": 0.382000386715,
            "var": 0.145924299955
        }
    },
    "melbands_crest": {
        "dmean": 3.0639166832,
        "dmean2": 4.86669921875,
        "dvar": 6.83393001556,
        "dvar2": 16.9585475922,
        "max": 30.5935211182,
        "mean": 18.671957016,
        "median": 18.8652687073,
        "min": 5.50654363632,
        "stdev": 5.94286108017,
        "var": 35.3175964355
    },
    "melbands_flatness_db": {
        "dmean": 0.0297180507332,
        "dmean2": 0.0438068136573,
        "dvar": 0.000656699587125,
        "dvar2": 0.00126525689848,
        "max": 0.368788897991,
        "mean": 0.211620792747,
        "median": 0.210984557867,
        "min": 0.0617200694978,
        "stdev": 0.0547307915986,
        "var": 0.00299545936286
    },
    "melbands_kurtosis": {
        "dmean": 12.1668348312,
        "dmean2": 18.1951217651,
        "dvar": 239.800170898,
        "dvar2": 451.958251953,
        "max": 205.892944336,
        "mean": 27.4263019562,
        "median": 18.8437080383,
        "min": -1.52789902687,
        "stdev": 29.0539913177,
        "var": 844.134399414
    },
    "melbands_skewness": {
        "dmean": 0.936186671257,
        "dmean2": 1.42945337296,
        "dvar": 0.638572156429,
        "dvar2": 1.37690079212,
        "max": 12.221619606,
        "mean": 4.18331861496,
        "median": 3.99748086929,
        "min": -0.537359595299,
        "stdev": 2.21132564545,
        "var": 4.88996076584
    },
    "melbands_spread": {
        "dmean": 6.12377357483,
        "dmean2": 9.6083240509,
        "dvar": 35.558555603,
        "dvar2": 83.8970947266,
        "max": 66.2988433838,
        "mean": 18.3373241425,
        "median": 14.3102149963,
        "min": 1.67237484455,
        "stdev": 13.3125896454,
        "var": 177.225036621
    },
    "pitch_salience": {
        "dmean": 0.080061532557,
        "dmean2": 0.128553003073,
        "dvar": 0.00416429620236,
        "dvar2": 0.0102531090379,
        "max": 0.777737796307,
        "mean": 0.518341302872,
        "median": 0.537930250168,
        "min": 0.159076496959,
        "stdev": 0.120830453932,
        "var": 0.0145999994129
    },
    "silence_rate_20dB": {
        "dmean": 0,
        "dmean2": 0,
        "dvar": 0,
        "dvar2": 0,
        "max": 1,
        "mean": 1,
        "median": 1,
        "min": 1,
        "stdev": 0,
        "var": 0
    },
    "silence_rate_30dB": {
        "dmean": 0.0364842452109,
        "dmean2": 0.0730897039175,
        "dvar": 0.0351533405483,
        "dvar2": 0.0910026654601,
        "max": 1,
        "mean": 0.970198690891,
        "median": 1,
        "min": 0,
        "stdev": 0.170038834214,
        "var": 0.0289132036269
    },
    "silence_rate_60dB": {
        "dmean": 0.00331674958579,
        "dmean2": 0.00664451811463,
        "dvar": 0.00330577115528,
        "dvar2": 0.00660033011809,
        "max": 1,
        "mean": 0.102649003267,
        "median": 0,
        "min": 0,
        "stdev": 0.30349907279,
        "var": 0.0921116918325
    },
    "spectral_centroid": {
        "dmean": 302.678131104,
        "dmean2": 430.920288086,
        "dvar": 62910.9257812,
        "dvar2": 121275,
        "max": 2738.01489258,
        "mean": 1419.82580566,
        "median": 1385.94641113,
        "min": 250.931472778,
        "stdev": 554.346923828,
        "var": 307300.5
    },
    "spectral_complexity": {
        "dmean": 5.06467676163,
        "dmean2": 6.81395339966,
        "dvar": 21.4070987701,
        "dvar2": 33.5932655334,
        "max": 53,
        "mean": 24.8427143097,
        "median": 27,
        "min": 0,
        "stdev": 11.694231987,
        "var": 136.755065918
    },
    "spectral_decrease": {
        "dmean": 3.26353366553e-09,
        "dmean2": 5.11614661747e-09,
        "dvar": 1.72107383782e-17,
        "dvar2": 4.26236309656e-17,
        "max": -1.92427674408e-15,
        "mean": -1.07658744142e-08,
        "median": -9.8025711992e-09,
        "min": -4.45267751559e-08,
        "stdev": 7.37578531584e-09,
        "var": 5.44022064323e-17
    },
    "spectral_energy": {
        "dmean": 0.0124860983342,
        "dmean2": 0.019546598196,
        "dvar": 0.000258125626715,
        "dvar2": 0.00063478667289,
        "max": 0.174875125289,
        "mean": 0.0423669889569,
        "median": 0.0390026271343,
        "min": 8.5233571312e-09,
        "stdev": 0.0286242365837,
        "var": 0.000819346867502
    },
    "spectral_energyband_high": {
        "dmean": 0.000361422804417,
        "dmean2": 0.000481794879306,
        "dvar": 2.93398784379e-07,
        "dvar2": 5.78671631501e-07,
        "max": 0.00444657029584,
        "mean": 0.000703705067281,
        "median": 0.000473624502774,
        "min": 3.13417236608e-10,
        "stdev": 0.000768535130192,
        "var": 5.90646209275e-07
    },
    "spectral_energyband_low": {
        "dmean": 0.0112995915115,
        "dmean2": 0.0179884769022,
        "dvar": 0.000196515393327,
        "dvar2": 0.000493721396197,
        "max": 0.130809664726,
        "mean": 0.0276682302356,
        "median": 0.0230354890227,
        "min": 4.39194625113e-10,
        "stdev": 0.022545075044,
        "var": 0.00050828041276
    },
    "spectral_energyband_middle_high": {
        "dmean": 0.00141781929415,
        "dmean2": 0.00189114175737,
        "dvar": 2.64498498836e-06,
        "dvar2": 5.33239381184e-06,
        "max": 0.0208327416331,
        "mean": 0.00465812208131,
        "median": 0.00378077989444,
        "min": 5.78551118124e-09,
        "stdev": 0.00379538047127,
        "var": 1.44049126902e-05
    },
    "spectral_energyband_middle_low": {
        "dmean": 0.0047269272618,
        "dmean2": 0.00725085334852,
        "dvar": 6.91524837748e-05,
        "dvar2": 0.000178954695002,
        "max": 0.113662362099,
        "mean": 0.0148165319115,
        "median": 0.00882264599204,
        "min": 2.00880179158e-09,
        "stdev": 0.0174456276,
        "var": 0.000304349930957
    },
    "spectral_entropy": {
        "dmean": 0.138255417347,
        "dmean2": 0.188607439399,
        "dvar": 0.0152361569926,
        "dvar2": 0.0269593596458,
        "max": 8.29105567932,
        "mean": 7.69690036774,
        "median": 7.74987030029,
        "min": 6.7876458168,
        "stdev": 0.280575424433,
        "var": 0.0787225663662
    },
    "spectral_flux": {
        "dmean": 0.0198428444564,
        "dmean2": 0.0320026911795,
        "dvar": 0.000597273116,
        "dvar2": 0.0013024401851,
        "max": 0.294281989336,
        "mean": 0.0826170518994,
        "median": 0.0777461975813,
        "min": 9.23220286495e-05,
        "stdev": 0.043734356761,
        "var": 0.00191269407514
    },
    "spectral_kurtosis": {
        "dmean": 1.13995397091,
        "dmean2": 1.93607676029,
        "dvar": 1.08751726151,
        "dvar2": 3.26696038246,
        "max": 11.0694208145,
        "mean": 4.07609510422,
        "median": 3.70528912544,
        "min": 1.33837032318,
        "stdev": 1.64040017128,
        "var": 2.69091272354
    },
    "spectral_rms": {
        "dmean": 0.000889512652066,
        "dmean2": 0.00138728576712,
        "dvar": 9.69440748122e-07,
        "dvar2": 2.24571363105e-06,
        "max": 0.0130617721006,
        "mean": 0.00592581229284,
        "median": 0.00616857642308,
        "min": 2.88365572487e-06,
        "stdev": 0.00249366462231,
        "var": 6.21836352366e-06
    },
    "spectral_rolloff": {
        "dmean": 434.734863281,
        "dmean2": 728.086975098,
        "dvar": 305374.65625,
        "dvar2": 714221,
        "max": 3832.91015625,
        "mean": 987.531982422,
        "median": 581.396484375,
        "min": 107.666015625,
        "stdev": 932.799255371,
        "var": 870114.4375
    },
    "spectral_skewness": {
        "dmean": 0.181821912527,
        "dmean2": 0.283807873726,
        "dvar": 0.0243652239442,
        "dvar2": 0.0546668618917,
        "max": 2.28422164917,
        "mean": 1.42124176025,
        "median": 1.4029211998,
        "min": 0.646837115288,
        "stdev": 0.2787964046,
        "var": 0.0777274370193
    },
    "spectral_spread": {
        "dmean": 558913.4375,
        "dmean2": 827828.9375,
        "dvar": 331636801536,
        "dvar2": 691483246592,
        "max": 8484706,
        "mean": 4359377,
        "median": 4197683,
        "min": 2369215.75,
        "stdev": 1050769.75,
        "var": 1.10411697357e+12
    },
    "spectral_strongpeak": {
        "dmean": 0.248827248812,
        "dmean2": 0.408133804798,
        "dvar": 0.109754987061,
        "dvar2": 0.299527257681,
        "max": 3.11808133125,
        "mean": 0.617522239685,
        "median": 0.518690824509,
        "min": 0.000529880693648,
        "stdev": 0.461114674807,
        "var": 0.212626755238
    },
    "zerocrossingrate": {
        "dmean": 0.0104053299874,
        "dmean2": 0.0123806064948,
        "dvar": 9.14993361221e-05,
        "dvar2": 0.000121164994198,
        "max": 0.14111328125,
        "mean": 0.051765087992,
        "median": 0.04736328125,
        "min": 0.0078125,
        "stdev": 0.0249425135553,
        "var": 0.000622129009571
    },
    "barkbands": {
        "dmean": [0.000537238200195, 0.00586740439758, 0.00552645511925, 0.00340930465609, 0.00155037036166, 0.000602071930189, 0.000218657412915, 0.000277278420981, 0.000193150175619, 0.000474203872727, 0.000211791804759, 0.000458680267911, 0.000185065029655, 0.000156748952577, 0.000169938692125, 0.000200752314413, 0.000318931270158, 0.000228726887144, 0.0002135810646, 0.000140543619636, 7.87072567618e-05, 5.61914821446e-05, 5.05958923895e-05, 5.2680967201e-05, 0.00012297493231, 1.07323212433e-05, 2.55264717453e-06],
        "dmean2": [0.000732362037525, 0.00986457429826, 0.00853782892227, 0.00528440624475, 0.0023617434781, 0.000917808967642, 0.000365318643162, 0.000441986805527, 0.000317386031384, 0.000784905161709, 0.000348490517354, 0.000776880420744, 0.000287671457045, 0.000250283104833, 0.000275530677754, 0.000328488356899, 0.000498058449011, 0.000347957917256, 0.000310695322696, 0.000205640171771, 0.000111731453217, 8.62650413183e-05, 7.19059389667e-05, 8.53395686136e-05, 0.000179657159606, 1.52781121869e-05, 4.03810690841e-06],
        "dvar": [1.6696557168e-06, 5.95005294599e-05, 5.73514007556e-05, 5.27703559783e-05, 3.96182895201e-06, 6.73264253237e-07, 1.34204839242e-07, 1.59418590329e-07, 1.50803955989e-07, 9.90760554487e-07, 1.30083847694e-07, 1.08465496851e-06, 6.18222912863e-08, 3.06801020145e-08, 3.8184563067e-08, 8.5127673799e-08, 1.2059042831e-07, 5.27753094559e-08, 5.12144815445e-08, 2.58559502697e-08, 8.13214917628e-09, 7.08731651144e-09, 8.3479791968e-09, 5.44420375448e-09, 6.63881891683e-08, 4.5028750173e-10, 7.82563944202e-11],
        "dvar2": [2.57234387391e-06, 0.000165072575328, 0.000145111393067, 0.000132985485834, 1.09075735963e-05, 1.76731589363e-06, 3.18749499684e-07, 4.00498208819e-07, 4.21669398065e-07, 2.38104507844e-06, 3.40643367736e-07, 2.71110206995e-06, 1.57529171929e-07, 7.6654799841e-08, 9.68947304614e-08, 2.24872295007e-07, 3.08435886609e-07, 1.29029203322e-07, 1.15692159852e-07, 5.45756329018e-08, 1.69818399343e-08, 1.5679944454e-08, 1.68536011813e-08, 1.35639925958e-08, 1.48404240008e-07, 9.43072064885e-10, 2.15824941252e-10],
        "max": [0.0171939861029, 0.0652197450399, 0.0630812942982, 0.101764187217, 0.0212362129241, 0.0180263575166, 0.00397292105481, 0.00372349307872, 0.00550678372383, 0.0134915011004, 0.0055042267777, 0.0139530207962, 0.00288461893797, 0.0019704811275, 0.00173001736403, 0.00337849883363, 0.00376671389677, 0.00179532775655, 0.00204582256265, 0.00185584381688, 0.00089431158267, 0.000739153241739, 0.000755981251132, 0.000516998756211, 0.00184309261385, 0.00022483880457, 0.00013463824871],
        "mean": [0.000937511213124, 0.0105463862419, 0.0107761835679, 0.00850215367973, 0.00350036239251, 0.00149820931256, 0.000408229941968, 0.000461234158138, 0.000324423454003, 0.000770802609622, 0.000330307317199, 0.000709737185389, 0.000322446023347, 0.000301647727611, 0.000304787012283, 0.000354313640855, 0.000597287318669, 0.000442367512733, 0.000410380365793, 0.000277703104075, 0.000163505625096, 0.000100287412351, 7.30074461899e-05, 7.9013982031e-05, 0.000157034723088, 1.5243517737e-05, 2.45351043304e-06],
        "median": [0.000105644576252, 0.00703461002558, 0.00799959897995, 0.00166330276988, 0.00264815124683, 0.000936518947128, 0.000278619321762, 0.000306027242914, 0.000207958597457, 0.000226571355597, 0.000163544376846, 0.000168928381754, 0.000211800972465, 0.000242948706727, 0.000230675388593, 0.000266062066657, 0.000498925335705, 0.00036421357072, 0.000348498986568, 0.000210711674299, 0.000135304493597, 6.91102468409e-05, 2.65836642939e-05, 5.357034388e-05, 4.12366971432e-05, 4.87203806188e-06, 1.77150752734e-07],
        "min": [5.33889252252e-11, 2.88630674916e-10, 9.05437114174e-11, 1.28078025616e-11, 2.91300594757e-11, 2.43456810267e-10, 1.07601705324e-09, 2.91444729461e-10, 3.11763226346e-10, 1.58078383716e-09, 1.05157348107e-10, 1.37510475229e-10, 5.91965920727e-10, 3.61145696681e-11, 3.77788855754e-10, 1.32004296383e-09, 9.8276564664e-10, 2.86804663352e-10, 3.85323051244e-10, 7.72754291112e-11, 8.65920044002e-11, 2.86257424015e-11, 5.46964452897e-11, 1.92852539493e-11, 2.18771424587e-11, 2.04852662611e-11, 9.88236836114e-12],
        "stdev": [0.00199714675546, 0.0110809858888, 0.0109120691195, 0.016327785328, 0.00332795269787, 0.00221478124149, 0.00049870100338, 0.00051906297449, 0.000441719166702, 0.00150748016313, 0.000495470885653, 0.00142574810889, 0.000364309584256, 0.000268474977929, 0.000271115510259, 0.000349353009369, 0.000490672653541, 0.000348343339283, 0.000346317217918, 0.00027106757625, 0.000138622781378, 0.000106410348963, 0.000118195079267, 8.29751588753e-05, 0.000304150802549, 2.88382507279e-05, 7.83556333772e-06],
        "var": [3.98859538109e-06, 0.00012278824579, 0.000119073243695, 0.000266596587608, 1.10752689579e-05, 4.90525553687e-06, 2.48702718864e-07, 2.69426379873e-07, 1.95115816837e-07, 2.27249643103e-06, 2.45491378337e-07, 2.03275772037e-06, 1.32721467594e-07, 7.20788193576e-08, 7.35036209676e-08, 1.22047524087e-07, 2.40759675307e-07, 1.21343077808e-07, 1.19935606335e-07, 7.34776364197e-08, 1.921627657e-08, 1.13231619636e-08, 1.3970076651e-08, 6.88487711287e-09, 9.25077046077e-08, 8.31644697552e-10, 6.13960549067e-11]
    },
    "erbbands": {
        "dmean": [0.121763214469, 1.55012154579, 6.08061313629, 9.29791545868, 8.03541088104, 3.85663676262, 5.8573474884, 3.94890165329, 3.35210180283, 3.83277654648, 6.55076122284, 4.83256959915, 7.93703126907, 15.1032762527, 8.42099475861, 20.3238220215, 7.78676843643, 8.16673564911, 7.35167503357, 8.6726474762, 12.2096748352, 17.1497421265, 9.76669692993, 15.0593795776, 8.35986423492, 6.33291578293, 3.80733299255, 2.81653428078, 2.14366555214, 1.78933393955, 1.21325480938, 0.876019001007, 0.936531841755, 0.983331561089, 1.2446000576, 0.0986327901483, 0.0177908856422, 0.0071078967303, 0.000193759376998, 1.7029033188e-05],
        "dmean2": [0.204040899873, 2.58425974846, 9.36420822144, 14.6872520447, 12.4967336655, 6.14021635056, 9.44634532928, 6.11733055115, 5.60237836838, 6.03448534012, 10.3326253891, 7.97485256195, 12.9134683609, 25.23478508, 13.7671384811, 34.1781272888, 12.0480670929, 12.7642002106, 11.6322031021, 13.8092851639, 19.1008548737, 26.788690567, 14.6357517242, 22.3996067047, 12.3535518646, 9.38618373871, 5.49233007431, 4.13169908524, 3.28069806099, 2.59803557396, 1.75546073914, 1.39169704914, 1.52805244923, 1.47935461998, 1.83460462093, 0.142965704203, 0.0256456322968, 0.0112228952348, 0.000297934515402, 2.5874858693e-05],
        "dvar": [0.0563874207437, 3.99967455864, 62.2053909302, 398.978424072, 134.274261475, 26.8784160614, 52.0853691101, 39.63331604, 29.1476020813, 52.228187561, 92.416053772, 109.794204712, 369.497772217, 858.767150879, 221.593109131, 2202.10717773, 131.962417603, 93.2006835938, 65.5157318115, 127.343559265, 240.536773682, 329.891845703, 101.445602417, 251.958694458, 104.414985657, 53.4005050659, 18.6872310638, 11.0192842484, 10.6509275436, 8.74011611938, 4.68775320053, 1.477866292, 1.99562895298, 4.07597589493, 6.92533683777, 0.0354115515947, 0.00127011246514, 0.0004062167136, 3.01358340948e-07, 6.43746278506e-10],
        "dvar2": [0.133494362235, 11.1245222092, 145.026535034, 1051.80822754, 366.830535889, 72.1973419189, 137.698242188, 102.492279053, 76.1437072754, 130.926712036, 218.125366211, 316.096557617, 830.819580078, 2195.95458984, 567.965148926, 5263.63525391, 340.859863281, 214.583206177, 158.858032227, 305.191070557, 618.249572754, 848.691101074, 226.599334717, 617.78717041, 234.754470825, 113.771438599, 37.5449028015, 22.7640190125, 24.0904197693, 19.224691391, 9.430727005, 3.60186910629, 4.91834306717, 9.11020278931, 15.8476514816, 0.0762704461813, 0.00262129143812, 0.00106257316656, 7.96173878825e-07, 1.5314188806e-09],
        "max": [2.35866332054, 18.7698974609, 81.3636016846, 230.094192505, 129.212203979, 63.7205085754, 91.3470001221, 138.390991211, 64.4772644043, 86.5716018677, 98.213760376, 157.029983521, 382.697784424, 290.29119873, 246.436706543, 638.088623047, 159.86946106, 131.459564209, 80.0827102661, 115.704994202, 178.590652466, 169.544464111, 93.2319412231, 136.210617065, 116.633209229, 81.6497573853, 38.1370925903, 32.4263496399, 27.6692848206, 25.6514987946, 17.2494812012, 8.61364269257, 11.1608295441, 15.725227356, 19.8455619812, 1.71481609344, 0.38507193327, 0.262954622507, 0.00706801982597, 0.000300766609143],
        "mean": [0.208943530917, 2.72011613846, 12.9575004578, 22.1198215485, 19.2716064453, 8.52273082733, 11.6905603409, 9.77631855011, 6.23809146881, 6.75566911697, 11.211476326, 8.31527423859, 13.4788455963, 26.0197563171, 15.3611021042, 32.1242218018, 15.1502447128, 16.4932842255, 15.1382694244, 17.2912445068, 23.2975139618, 33.0650100708, 21.3631267548, 28.8392620087, 16.4907398224, 12.6196651459, 7.94890499115, 5.73915338516, 3.83632469177, 2.86010432243, 1.69962775707, 1.15821218491, 1.4574072361, 1.37227666378, 1.46014475822, 0.136112436652, 0.0239000339061, 0.00801193341613, 0.000229439610848, 5.56090744794e-05],
        "median": [0.0728208273649, 1.89211893082, 9.42667770386, 7.43032836914, 12.0114183426, 6.16999053955, 7.92819309235, 4.75917339325, 3.97189283371, 4.24114179611, 7.24531364441, 5.58085012436, 6.07965040207, 7.28403377533, 7.20415496826, 7.74567985535, 9.7031288147, 13.0147228241, 12.5444355011, 13.8623867035, 18.8708992004, 28.6750869751, 18.644487381, 24.5555477142, 12.9711027145, 9.61058044434, 6.71868515015, 4.48704719543, 2.61817169189, 1.56831502914, 0.57012283802, 0.670700311661, 0.972450077534, 0.452555716038, 0.327812105417, 0.0442254245281, 0.00644773431122, 0.00119943940081, 5.26693474967e-05, 5.00035566802e-05],
        "min": [1.16801208705e-08, 5.16287492758e-08, 1.10114349638e-07, 6.73592310818e-08, 8.80761632516e-08, 1.01878185887e-07, 3.19474992239e-07, 3.0793348742e-06, 1.3643983948e-05, 9.54446295509e-06, 7.87776934885e-06, 6.17282967141e-06, 1.90937917068e-05, 5.28829259565e-05, 3.97851226808e-06, 1.07246087282e-05, 2.89040544885e-05, 2.97387191495e-06, 2.31929043366e-05, 9.92013428913e-06, 0.000101648351119, 3.90051682189e-05, 2.27524124057e-05, 1.23813897517e-05, 2.54101978499e-05, 6.44612555334e-06, 3.55213455805e-06, 2.71854264611e-06, 9.42707345075e-07, 2.00372323889e-06, 1.00165175354e-06, 4.85429097807e-07, 3.18112171271e-07, 2.86630665869e-07, 1.25608806911e-07, 7.93004915067e-08, 4.22071018136e-08, 8.7964453499e-09, 2.03979877433e-09, 1.62408281268e-10],
        "stdev": [0.338374137878, 2.8564722538, 13.1029853821, 36.2219276428, 21.4356307983, 8.29911422729, 12.6788654327, 16.9356269836, 7.06643009186, 9.08454322815, 12.6550741196, 11.0522289276, 25.5037918091, 47.3207054138, 21.6946544647, 65.7806777954, 17.2750549316, 15.5281438828, 12.7208366394, 15.5955553055, 20.5238704681, 26.2852993011, 15.9314241409, 23.8754730225, 14.7365674973, 12.1466989517, 6.62911653519, 5.15748167038, 4.09496688843, 3.69024276733, 2.83086204529, 1.36085510254, 1.58911764622, 2.43563055992, 2.9897813797, 0.240122586489, 0.0490528196096, 0.020578879863, 0.000552061654162, 4.01589131798e-05],
        "var": [0.114497050643, 8.15943431854, 171.688217163, 1312.0279541, 459.486236572, 68.875289917, 160.753631592, 286.815460205, 49.9344329834, 82.5289230347, 160.150909424, 122.151763916, 650.44342041, 2239.24926758, 470.65802002, 4327.09716797, 298.42755127, 241.123245239, 161.81968689, 243.221343994, 421.229248047, 690.916992188, 253.810272217, 570.038208008, 217.166412354, 147.542297363, 43.945186615, 26.599615097, 16.7687530518, 13.6178922653, 8.0137796402, 1.85192668438, 2.52529501915, 5.93229675293, 8.93879318237, 0.0576588585973, 0.00240617920645, 0.000423490273533, 3.04772072468e-07, 1.61273816524e-09]
    },
    "gfcc": {
        "mean": [5.82068634033, 89.5694580078, -116.225372314, 50.7652168274, -42.4903640747, 17.6341667175, -39.1991577148, 17.279378891, -30.6243534088, -0.327151805162, -16.6001319885, -3.00416231155, -9.69105434418],
        "cov": [[9834.73339844, 792.950683594, 1664.10693359, 936.465881348, 382.098754883, 569.925292969, 52.3809242249, -401.278900146, -594.801269531, -318.624298096, -560.44934082, -449.099487305, 55.492389679], [792.950683594, 780.903686523, 185.790771484, 219.963119507, 117.314743042, 46.0291519165, 134.687164307, -139.111663818, -35.2734184265, -131.453994751, -14.0913543701, -140.405258179, 99.772354126], [1664.10693359, 185.790771484, 704.041503906, 270.350860596, 112.413414001, 187.65625, -16.4244918823, -70.9404373169, -111.330612183, -85.3193435669, -156.621734619, -128.720046997, -18.5494422913], [936.465881348, 219.963119507, 270.350860596, 346.571990967, 125.712364197, 21.7130584717, -0.314813971519, -86.7514419556, -61.6476745605, -62.3199424744, -74.9069671631, -126.982505798, 27.2297534943], [382.098754883, 117.314743042, 112.413414001, 125.712364197, 106.008682251, 40.7088127136, 38.1705131531, -32.7955856323, -21.528924942, -20.7232532501, -28.9966697693, -47.6922531128, 10.3035039902], [569.925292969, 46.0291519165, 187.65625, 21.7130584717, 40.7088127136, 178.882354736, 55.2766647339, 8.78059673309, -43.1492919922, -21.4515647888, -25.1536579132, -1.02469742298, 10.8770275116], [52.3809242249, 134.687164307, -16.4244918823, -0.314813971519, 38.1705131531, 55.2766647339, 127.521697998, 15.3357172012, 12.1447248459, -11.5218763351, 12.7080392838, 5.85553979874, 23.6175270081], [-401.278900146, -139.111663818, -70.9404373169, -86.7514419556, -32.7955856323, 8.78059673309, 15.3357172012, 95.3853225708, 62.2164573669, 47.688369751, 37.7691040039, 53.4816665649, -12.9417114258], [-594.801269531, -35.2734184265, -111.330612183, -61.6476745605, -21.528924942, -43.1492919922, 12.1447248459, 62.2164573669, 115.104736328, 56.1003913879, 66.4640350342, 43.3181762695, 2.47620558739], [-318.624298096, -131.453994751, -85.3193435669, -62.3199424744, -20.7232532501, -21.4515647888, -11.5218763351, 47.688369751, 56.1003913879, 87.7014846802, 49.4928398132, 57.6400146484, -5.716755867], [-560.44934082, -14.0913543701, -156.621734619, -74.9069671631, -28.9966697693, -25.1536579132, 12.7080392838, 37.7691040039, 66.4640350342, 49.4928398132, 109.576690674, 70.6962356567, 24.3255653381], [-449.099487305, -140.405258179, -128.720046997, -126.982505798, -47.6922531128, -1.02469742298, 5.85553979874, 53.4816665649, 43.3181762695, 57.6400146484, 70.6962356567, 117.074966431, 15.9456586838], [55.492389679, 99.772354126, -18.5494422913, 27.2297534943, 10.3035039902, 10.8770275116, 23.6175270081, -12.9417114258, 2.47620558739, -5.716755867, 24.3255653381, 15.9456586838, 56.8971595764]],
        "icov": [[0.000252460915362, -0.000146551974467, -0.000200249778572, -0.000313417782309, 0.000230095451116, -0.000373569258954, -5.24918978044e-05, 0.000160253795912, 0.000676668423694, -0.000618326535914, 0.000640990911052, -5.79562329222e-05, -0.000165922916494], [-0.000146551974467, 0.00676630949602, -0.00232771318406, 0.00234987284057, -0.000405276980018, 0.00189356214833, -0.00630549620837, 0.00700473319739, -0.00373056693934, 0.00438616331667, -0.00638689752668, 0.00878685247153, -0.00881246849895], [-0.000200249778572, -0.00232771318406, 0.00565239274874, -0.00362453307025, 0.000554957834538, -0.00572680355981, 0.00446558743715, -0.00119196902961, -0.00177389197052, -0.000310696661472, 0.0056705637835, -0.00414421129972, 0.00550707336515], [-0.000313417782309, 0.00234987284057, -0.00362453307025, 0.0119842505082, -0.00863341242075, 0.00512466626242, -0.000532187928911, 0.000650611938909, 0.000636556942482, 0.00079184898641, -0.00477373786271, 0.0105951586738, -0.0106559162959], [0.000230095451116, -0.000405276980018, 0.000554957834538, -0.00863341242075, 0.0236085578799, -0.00476435618475, -0.00656108232215, 0.00587820215151, -0.00200254912488, -0.00479064928368, 0.00240850704722, -4.99779926031e-05, 0.0040850690566], [-0.000373569258954, 0.00189356214833, -0.00572680355981, 0.00512466626242, -0.00476435618475, 0.0163568593562, -0.00636465847492, -0.00554602267221, 0.00671016331762, 0.00188034051098, -0.00627870997414, 0.00238775438629, -0.00624735467136], [-5.24918978044e-05, -0.00630549620837, 0.00446558743715, -0.000532187928911, -0.00656108232215, -0.00636465847492, 0.0199454575777, -0.00949191022664, 2.89628005703e-05, 0.000658697041217, 0.00630627060309, -0.00754534360021, 0.0042688450776], [0.000160253795912, 0.00700473319739, -0.00119196902961, 0.000650611938909, 0.00587820215151, -0.00554602267221, -0.00949191022664, 0.0354733206332, -0.0170265734196, 0.000120853786939, -0.00143454968929, 0.00218502897769, -0.000380901561584], [0.000676668423694, -0.00373056693934, -0.00177389197052, 0.000636556942482, -0.00200254912488, 0.00671016331762, 2.89628005703e-05, -0.0170265734196, 0.02899967134, -0.01017899625, -0.00666880607605, 0.0021690542344, 0.000152285152581], [-0.000618326535914, 0.00438616331667, -0.000310696661472, 0.00079184898641, -0.00479064928368, 0.00188034051098, 0.000658697041217, 0.000120853786939, -0.01017899625, 0.0293291769922, -0.00757505977526, -0.00480810413137, 0.000669519184157], [0.000640990911052, -0.00638689752668, 0.0056705637835, -0.00477373786271, 0.00240850704722, -0.00627870997414, 0.00630627060309, -0.00143454968929, -0.00666880607605, -0.00757505977526, 0.0333528630435, -0.0171768590808, 0.00261156214401], [-5.79562329222e-05, 0.00878685247153, -0.00414421129972, 0.0105951586738, -4.99779926031e-05, 0.00238775438629, -0.00754534360021, 0.00218502897769, 0.0021690542344, -0.00480810413137, -0.0171768590808, 0.0402564331889, -0.0231076180935], [-0.000165922916494, -0.00881246849895, 0.00550707336515, -0.0106559162959, 0.0040850690566, -0.00624735467136, 0.0042688450776, -0.000380901561584, 0.000152285152581, 0.000669519184157, 0.00261156214401, -0.0231076180935, 0.0441016964614]]
    },
    "melbands": {
        "dmean": [0.00128322991077, 0.0026698212605, 0.00143357657362, 0.000393550522858, 0.000178192320163, 9.25616404857e-05, 4.7568930313e-05, 4.21193435614e-05, 5.18674132763e-05, 3.00068113575e-05, 4.2757816118e-05, 6.66645501042e-05, 2.79665509879e-05, 5.49012729607e-05, 3.08654598484e-05, 1.78111804416e-05, 1.62468550116e-05, 1.23238678498e-05, 1.2694958059e-05, 1.21997545648e-05, 1.69659288076e-05, 2.08387191378e-05, 1.18706730063e-05, 1.06949328256e-05, 1.35168575071e-05, 7.11656548447e-06, 6.52768221698e-06, 4.02408386435e-06, 2.74248714049e-06, 1.9477040496e-06, 1.73530031589e-06, 1.39322867199e-06, 1.00346846921e-06, 1.17254251109e-06, 9.26486620756e-07, 3.52010715687e-07, 6.91462048508e-07, 7.76481613229e-07, 5.5009411426e-07, 9.99513986244e-07],
        "dmean2": [0.00212522689253, 0.00420416845009, 0.0022517896723, 0.000597098027356, 0.000289348041406, 0.000142903780215, 7.88239776739e-05, 6.60519945086e-05, 8.08210388641e-05, 4.97403925692e-05, 6.96541901561e-05, 0.000111531779112, 4.58734102722e-05, 9.24472042243e-05, 5.02312905155e-05, 2.8214921258e-05, 2.58553409367e-05, 1.98400521185e-05, 2.01990169444e-05, 1.95795419131e-05, 2.67849554803e-05, 3.25615110341e-05, 1.89082347788e-05, 1.63704262377e-05, 2.05627547984e-05, 1.0475140698e-05, 9.68787026068e-06, 6.24326958132e-06, 4.10933535022e-06, 2.85773012365e-06, 2.64740242528e-06, 2.18054219658e-06, 1.5995906324e-06, 1.70961357071e-06, 1.35400011914e-06, 5.62416346384e-07, 1.12163638732e-06, 1.29399711568e-06, 8.89879515853e-07, 1.53516918999e-06],
        "dvar": [3.60020158041e-06, 1.09250258902e-05, 8.40469601826e-06, 2.7995551477e-07, 4.67520315794e-08, 1.98614653613e-08, 5.72590241887e-09, 6.25903728846e-09, 5.99929350642e-09, 3.83385767577e-09, 1.07114397352e-08, 1.72194365433e-08, 2.22311369313e-09, 1.67987437294e-08, 2.96412228096e-09, 6.57734255949e-10, 3.46844664101e-10, 1.86934231983e-10, 2.37275227244e-10, 3.29525379206e-10, 4.62971161408e-10, 5.31320043518e-10, 1.54387502782e-10, 1.15901351017e-10, 2.12051001758e-10, 7.42795339126e-11, 6.34444996539e-11, 2.128016513e-11, 9.79897933628e-12, 5.49825462937e-12, 4.63279761775e-12, 3.93334453549e-12, 3.18882160261e-12, 4.18167453789e-12, 2.93830237919e-12, 4.02363472402e-13, 8.33846717802e-13, 1.4028702245e-12, 6.88488545689e-13, 4.89755761987e-12],
        "dvar2": [9.40727568377e-06, 2.61820277956e-05, 2.1988476874e-05, 7.75837577294e-07, 1.269297627e-07, 5.05300228326e-08, 1.45646632532e-08, 1.61419801969e-08, 1.44228335941e-08, 1.0962769359e-08, 2.37699406824e-08, 4.36786855573e-08, 5.87813620001e-09, 4.06206730474e-08, 7.57368745496e-09, 1.65611246938e-09, 8.23161538932e-10, 4.54470017175e-10, 6.00331395706e-10, 8.4718365656e-10, 1.22625076759e-09, 1.38950995154e-09, 3.92385512971e-10, 2.86157569862e-10, 5.30094024231e-10, 1.73493622246e-10, 1.47639470094e-10, 4.83839947274e-11, 2.03360262657e-11, 1.23787325876e-11, 1.07810782871e-11, 9.28458872285e-12, 7.37745455004e-12, 9.00252788982e-12, 5.91094014013e-12, 9.3545418807e-13, 2.1261282665e-12, 3.54534674188e-12, 1.67731659725e-12, 1.12941938787e-11],
        "max": [0.0186779294163, 0.0341823101044, 0.0347588099539, 0.00493015348911, 0.00287286005914, 0.0032272671815, 0.000858486862853, 0.00100010377355, 0.000814057944808, 0.000899669073988, 0.00205450411886, 0.00133020419162, 0.000776365690399, 0.00187409354839, 0.000768141821027, 0.000273762881989, 0.000223754817853, 0.000141135504236, 0.000144887162605, 0.000205948817893, 0.000233060840401, 0.000227499898756, 0.000103673555714, 8.63940877025e-05, 0.000126569299027, 0.000111085340905, 8.6361556896e-05, 4.22686207457e-05, 2.97319675155e-05, 3.04396126012e-05, 2.18115819735e-05, 1.64942684933e-05, 1.54741628648e-05, 1.9347469788e-05, 1.3372155081e-05, 5.82119446335e-06, 6.69306155032e-06, 9.63263028098e-06, 6.84860924594e-06, 1.76080648089e-05],
        "mean": [0.00232143537141, 0.00571946660057, 0.00365580432117, 0.000946554529946, 0.000366549065802, 0.000237891857978, 9.0358837042e-05, 7.45839424781e-05, 8.76943668118e-05, 4.93479092256e-05, 6.99460724718e-05, 0.000111475317681, 4.58909889858e-05, 8.27422481962e-05, 5.18311862834e-05, 3.10245122819e-05, 3.03702527162e-05, 2.37121548707e-05, 2.27976524911e-05, 2.2557860575e-05, 2.91363503493e-05, 3.69520348613e-05, 2.25463045354e-05, 1.99096066353e-05, 2.4515826226e-05, 1.29011132231e-05, 1.13106470963e-05, 7.47338344809e-06, 5.29637054569e-06, 3.64151946997e-06, 3.25377209265e-06, 2.37668882619e-06, 1.519053626e-06, 1.73205319243e-06, 1.24484643038e-06, 4.27792372193e-07, 8.60948375703e-07, 1.12109012207e-06, 8.34272782413e-07, 1.28564306578e-06],
        "median": [0.00135800754651, 0.00448043178767, 0.00160895474255, 0.000689467880875, 0.000259804248344, 0.000128669460537, 6.06065077591e-05, 4.92769868288e-05, 5.71496420889e-05, 3.28611349687e-05, 3.05073444906e-05, 2.96683356282e-05, 2.34899634961e-05, 1.84496602742e-05, 2.20486890612e-05, 1.91467024706e-05, 2.24386130867e-05, 1.86960860447e-05, 1.7533197024e-05, 1.73538301169e-05, 2.27908585657e-05, 3.05358371406e-05, 1.95794236788e-05, 1.64883986145e-05, 1.99638561753e-05, 1.0111980373e-05, 8.0454210547e-06, 5.74887599214e-06, 4.37587368651e-06, 2.90630646305e-06, 2.41767429543e-06, 1.61281445799e-06, 9.62017793427e-07, 8.11252675703e-07, 3.15527273642e-07, 1.95957852611e-07, 4.95893516472e-07, 7.27663405087e-07, 5.23480650827e-07, 3.15911819371e-07],
        "min": [9.35763549981e-11, 5.84653575553e-11, 1.26196657291e-11, 7.41752839706e-12, 9.07967191016e-12, 6.51670314933e-11, 2.21420964897e-10, 9.02785068924e-11, 5.83437326229e-11, 4.22952436963e-11, 1.08042380598e-10, 2.38285807752e-10, 1.0511464095e-11, 1.47845468507e-11, 6.22880219625e-11, 3.75549417952e-11, 1.14029044453e-12, 3.54020285309e-11, 1.62871625908e-11, 3.2289476648e-11, 1.33587862994e-10, 3.43443364026e-11, 4.352497876e-11, 1.19301729953e-11, 7.02295556779e-12, 2.35472544241e-11, 5.55629977791e-12, 4.14569984244e-12, 1.78349500966e-12, 2.47190614332e-12, 1.3977605965e-12, 5.62491676501e-13, 3.67335664924e-13, 1.49079186496e-12, 5.87104204228e-13, 2.48561587979e-13, 3.06839596049e-13, 2.38748094645e-13, 2.21484424768e-13, 2.29915370596e-13],
        "stdev": [0.0027609099634, 0.00539968116209, 0.00541807478294, 0.000881603744347, 0.000388363463571, 0.000394415372284, 0.000100856239442, 9.77140807663e-05, 0.000100445889984, 6.6979060648e-05, 0.000138192190207, 0.000209515172173, 6.55565818306e-05, 0.00017581738939, 7.87843819126e-05, 3.66548702004e-05, 2.87831771857e-05, 2.06469321711e-05, 2.06798486033e-05, 2.25243038585e-05, 2.6977255402e-05, 3.16889017995e-05, 1.74333636096e-05, 1.56931891979e-05, 2.10437683563e-05, 1.16481924124e-05, 1.23546715258e-05, 7.05333923179e-06, 4.59323564428e-06, 3.34412675329e-06, 3.08069843413e-06, 2.52738004747e-06, 1.93693199435e-06, 2.55086411016e-06, 2.24382642955e-06, 6.80998766711e-07, 1.0008885738e-06, 1.26300221837e-06, 9.656422435e-07, 2.56722887571e-06],
