{
"metadata": {
    "version": {
        "essentia": "2.1-beta6-dev",
        "essentia_git_sha": "v2.1_beta5-778-gc9eadba6",
        "extractor": "music 2.0"
    },
    "audio_properties": {
        "analysis": {
            "equal_loudness": 0,
            "length": 6.99997711182,
            "sample_rate": 44100,
            "start_time": 0,
            "downmix": "mix"
        },
        "bit_rate": 128000,
        "length": 7,
        "lossless": 0,
        "number_channels": 2,
        "replay_gain": -1.02781295776,
        "sample_rate": 48000,
        "codec": "mp3",
        "md5_encoded": "8f354c844c9d09a96cb678befdf686be"
    },
    "tags": {
        "file_name": "arianagrande-positions.mp3",
        "encoding": ["Lavf59.16.100"]
    }
},
"lowlevel": {
    "average_loudness": 0.982901751995,
    "barkbands_crest": {
        "dmean": 2.93925428391,
        "dmean2": 4.42211484909,
        "dvar": 7.94569635391,
        "dvar2": 16.6434726715,
        "max": 26.533700943,
        "mean": 16.2762145996,
        "median": 15.7604007721,
        "min": 4.41754436493,
        "stdev": 5.19126367569,
        "var": 26.9492206573
    },
    "barkbands_flatness_db": {
        "dmean": 0.0462351702154,
        "dmean2": 0.0662742108107,
        "dvar": 0.00205744826235,
        "dvar2": 0.00370199303143,
        "max": 0.561440229416,
        "mean": 0.296846479177,
        "median": 0.291327476501,
        "min": 0.0580917410553,
        "stdev": 0.10777259618,
        "var": 0.0116149326786
    },
    "barkbands_kurtosis": {
        "dmean": 16.1110630035,
        "dmean2": 25.9238872528,
        "dvar": 796.26550293,
        "dvar2": 1867.33093262,
        "max": 319.050842285,
        "mean": 26.7311058044,
        "median": 11.0608215332,
        "min": -1.74678897858,
        "stdev": 41.0585517883,
        "var": 1685.80480957
    },
    "barkbands_skewness": {
        "dmean": 1.12820732594,
        "dmean2": 1.64778029919,
        "dvar": 1.29165887833,
        "dvar2": 2.71213364601,
        "max": 11.3903226852,
        "mean": 3.10829997063,
        "median": 2.87594890594,
        "min": -2.1033539772,
        "stdev": 2.23986196518,
        "var": 5.01698207855
    },
    "barkbands_spread": {
        "dmean": 2.80194425583,
        "dmean2": 4.3132481575,
        "dvar": 17.1325206757,
        "dvar2": 35.4117698669,
        "max": 49.3458251953,
        "mean": 6.56267023087,
        "median": 3.62937903404,
        "min": 0.180795177817,
        "stdev": 8.04777050018,
        "var": 64.7666168213
    },
    "dissonance": {
        "dmean": 0.055446062237,
        "dmean2": 0.0868210718036,
        "dvar": 0.00250044628046,
        "dvar2": 0.00574278086424,
        "max": 0.499855279922,
        "mean": 0.368318527937,
        "median": 0.387171983719,
        "min": 0.0973377972841,
        "stdev": 0.0894428193569,
        "var": 0.00800001807511
    },
    "dynamic_complexity": 6.53920459747,
    "erbbands_crest": {
        "dmean": 3.65563845634,
        "dmean2": 5.66343450546,
        "dvar": 13.4090652466,
        "dvar2": 29.7665748596,
        "max": 31.9007511139,
        "mean": 15.9182891846,
        "median": 14.666809082,
        "min": 3.11387515068,
        "stdev": 7.12811899185,
        "var": 50.8100776672
    },
    "erbbands_flatness_db": {
        "dmean": 0.0390895865858,
        "dmean2": 0.0545420087874,
        "dvar": 0.00139356218278,
        "dvar2": 0.00255164387636,
        "max": 0.470545917749,
        "mean": 0.291130393744,
        "median": 0.287725389004,
        "min": 0.0748541653156,
        "stdev": 0.091563552618,
        "var": 0.00838388409466
    },
    "erbbands_kurtosis": {
        "dmean": 8.44569969177,
        "dmean2": 13.5319595337,
        "dvar": 320.375396729,
        "dvar2": 688.667419434,
        "max": 178.217803955,
        "mean": 13.030623436,
        "median": 3.58100986481,
        "min": -1.46604466438,
        "stdev": 28.4839115143,
        "var": 811.333190918
    },
    "erbbands_skewness": {
        "dmean": 0.880023181438,
        "dmean2": 1.25362408161,
        "dvar": 0.920686304569,
        "dvar2": 2.02188301086,
        "max": 10.4266395569,
        "mean": 2.00405097008,
        "median": 1.59455561638,
        "min": -1.67184448242,
        "stdev": 1.99836087227,
        "var": 3.99344611168
    },
    "erbbands_spread": {
        "dmean": 7.15568494797,
        "dmean2": 11.1005296707,
        "dvar": 90.5955429077,
        "dvar2": 204.049316406,
        "max": 84.3707504272,
        "mean": 17.6706962585,
        "median": 10.7069616318,
        "min": 0.566484987736,
        "stdev": 16.4972705841,
        "var": 272.159942627
    },
    "hfc": {
        "dmean": 3.83104372025,
        "dmean2": 6.13490581512,
        "dvar": 94.656288147,
        "dvar2": 250.635543823,
        "max": 75.0823059082,
        "mean": 5.1577167511,
        "median": 1.58665621281,
        "min": 1.11457320055e-16,
        "stdev": 9.31280899048,
        "var": 86.7284088135
    },
    "loudness_ebu128": {
        "integrated": -24.6981964111,
        "loudness_range": 1.07825660706,
        "momentary": {
            "dmean": 1.55583238602,
            "dmean2": 1.65419733524,
            "dvar": 5.83950424194,
            "dvar2": 10.3121643066,
            "max": -20.7871875763,
            "mean": -26.6743679047,
            "median": -25.09882164,
            "min": -44.8103485107,
            "stdev": 5.03980112076,
            "var": 25.399597168
        },
        "short_term": {
            "dmean": 0.144584849477,
            "dmean2": 0.189501985908,
            "dvar": 0.0212214514613,
            "dvar2": 0.0267039500177,
            "max": -24.2372303009,
            "mean": -24.8086090088,
            "median": -24.6704826355,
            "min": -25.6996021271,
            "stdev": 0.384595304728,
            "var": 0.14791354537
        }
    },
    "melbands_crest": {
        "dmean": 3.39760494232,
        "dmean2": 5.09531450272,
        "dvar": 10.9968662262,
        "dvar2": 23.4213485718,
        "max": 32.6189460754,
        "mean": 19.3298015594,
        "median": 18.9189071655,
        "min": 2.01230096817,
        "stdev": 6.68925762177,
        "var": 44.7461662292
    },
    "melbands_flatness_db": {
        "dmean": 0.0512109026313,
        "dmean2": 0.0723203867674,
        "dvar": 0.00253467774019,
        "dvar2": 0.00468532089144,
        "max": 0.637924194336,
        "mean": 0.347481012344,
        "median": 0.339830875397,
        "min": 0.0038947314024,
        "stdev": 0.125451564789,
        "var": 0.0157380960882
    },
    "melbands_kurtosis": {
        "dmean": 17.4091892242,
        "dmean2": 26.5089893341,
        "dvar": 678.528320312,
        "dvar2": 1746.73217773,
        "max": 319.493103027,
        "mean": 30.5171890259,
        "median": 18.6551036835,
        "min": -1.47321808338,
        "stdev": 39.2337760925,
        "var": 1539.28930664
    },
    "melbands_skewness": {
        "dmean": 1.07460069656,
        "dmean2": 1.57362043858,
        "dvar": 1.23145747185,
        "dvar2": 2.7601954937,
        "max": 10.3064823151,
        "mean": 3.26936864853,
        "median": 3.2603430748,
        "min": -0.875905811787,
        "stdev": 2.0493888855,
        "var": 4.19999456406
    },
    "melbands_spread": {
        "dmean": 3.60207176208,
        "dmean2": 5.79896783829,
        "dvar": 69.2934875488,
        "dvar2": 169.258453369,
        "max": 150.377365112,
        "mean": 9.86923408508,
        "median": 4.55745983124,
        "min": 0.276708930731,
        "stdev": 22.1024894714,
        "var": 488.520019531
    },
    "pitch_salience": {
        "dmean": 0.0906758233905,
        "dmean2": 0.131242319942,
        "dvar": 0.00705598620698,
        "dvar2": 0.0149961104617,
        "max": 0.991211354733,
        "mean": 0.439353555441,
        "median": 0.449495583773,
        "min": 0.0444818548858,
        "stdev": 0.166961714625,
        "var": 0.0278762150556
    },
    "silence_rate_20dB": {
        "dmean": 0,
        "dmean2": 0,
        "dvar": 0,
        "dvar2": 0,
        "max": 1,
        "mean": 1,
        "median": 1,
        "min": 1,
        "stdev": 0,
        "var": 0
    },
    "silence_rate_30dB": {
        "dmean": 0,
        "dmean2": 0,
        "dvar": 0,
        "dvar2": 0,
        "max": 1,
        "mean": 1,
        "median": 1,
        "min": 1,
        "stdev": 0,
        "var": 0
    },
    "silence_rate_60dB": {
        "dmean": 0.0927152335644,
        "dmean2": 0.186046510935,
        "dvar": 0.0841193199158,
        "dvar2": 0.171366855502,
        "max": 1,
        "mean": 0.425742566586,
        "median": 0,
        "min": 0,
        "stdev": 0.49445515871,
        "var": 0.244485914707
    },
    "spectral_centroid": {
        "dmean": 166.146438599,
        "dmean2": 271.771026611,
        "dvar": 243505.484375,
        "dvar2": 471498.3125,
        "max": 11473.8730469,
        "mean": 834.628295898,
        "median": 472.4453125,
        "min": 266.734466553,
        "stdev": 1657.7265625,
        "var": 2748057.5
    },
    "spectral_complexity": {
        "dmean": 1.43708610535,
        "dmean2": 2.36544847488,
        "dvar": 4.90829467773,
        "dvar2": 12.0126571655,
        "max": 19,
        "mean": 4.01980209351,
        "median": 4,
        "min": 0,
        "stdev": 2.96396541595,
        "var": 8.78509140015
    },
    "spectral_decrease": {
        "dmean": 2.20500218084e-09,
        "dmean2": 3.48585138532e-09,
        "dvar": 2.78547247926e-17,
        "dvar2": 7.30971103158e-17,
        "max": 5.88249241274e-29,
        "mean": -3.14390868894e-09,
        "median": -9.93192861287e-10,
        "min": -3.93062258297e-08,
        "stdev": 5.39661559884e-09,
        "var": 2.91234577248e-17
    },
    "spectral_energy": {
        "dmean": 0.00866477470845,
        "dmean2": 0.0136970123276,
        "dvar": 0.000432327971794,
        "dvar2": 0.00113546685316,
        "max": 0.155160844326,
        "mean": 0.0123336547986,
        "median": 0.00393245369196,
        "min": 1.01871202157e-20,
        "stdev": 0.0211904589087,
        "var": 0.00044903557864
    },
    "spectral_energyband_high": {
        "dmean": 3.77352553187e-05,
        "dmean2": 6.6605352913e-05,
        "dvar": 9.85299042355e-09,
        "dvar2": 2.71063207435e-08,
        "max": 0.000646108936053,
        "mean": 2.89952840831e-05,
        "median": 3.22639721162e-06,
        "min": 7.4630690557e-21,
        "stdev": 8.11808786239e-05,
        "var": 6.59033450034e-09
    },
    "spectral_energyband_low": {
        "dmean": 5.22357004229e-05,
        "dmean2": 7.6934840763e-05,
        "dvar": 6.3978966125e-08,
        "dvar2": 1.32686835741e-07,
        "max": 0.00337295909412,
        "mean": 6.80500161252e-05,
        "median": 2.71628914561e-06,
        "min": 4.91479907703e-23,
        "stdev": 0.000298788654618,
        "var": 8.92746570003e-08
    },
    "spectral_energyband_middle_high": {
        "dmean": 0.000440597388661,
        "dmean2": 0.000688035797793,
        "dvar": 1.14198053325e-06,
        "dvar2": 2.71701173915e-06,
        "max": 0.00839169602841,
        "mean": 0.000590374635067,
        "median": 0.000121887227579,
        "min": 1.37630565369e-21,
        "stdev": 0.00120578112546,
        "var": 1.45390822581e-06
    },
    "spectral_energyband_middle_low": {
        "dmean": 0.00834006536752,
        "dmean2": 0.0132482936606,
        "dvar": 0.000400260381866,
        "dvar2": 0.00104976654984,
        "max": 0.148640707135,
        "mean": 0.0118125369772,
        "median": 0.00339374458417,
        "min": 1.9894014325e-22,
        "stdev": 0.020477944985,
        "var": 0.000419346208218
    },
    "spectral_entropy": {
        "dmean": 0.501459717751,
        "dmean2": 0.718959271908,
        "dvar": 0.272676944733,
        "dvar2": 0.503510713577,
        "max": 9.81883335114,
        "mean": 6.20265293121,
        "median": 6.15008926392,
        "min": 3.50982356071,
        "stdev": 1.21538376808,
        "var": 1.47715771198
    },
    "spectral_flux": {
        "dmean": 0.0280920173973,
        "dmean2": 0.0449980422854,
        "dvar": 0.00271101575345,
        "dvar2": 0.00655141519383,
        "max": 0.36843341589,
        "mean": 0.0434264875948,
        "median": 0.0235898457468,
        "min": 6.45615436112e-11,
        "stdev": 0.0582583807409,
        "var": 0.00339403911494
    },
    "spectral_kurtosis": {
        "dmean": 10.1198148727,
        "dmean2": 15.004611969,
        "dvar": 122.058296204,
        "dvar2": 274.172271729,
        "max": 84.2613372803,
        "mean": 19.9196014404,
        "median": 11.2672395706,
        "min": -1.25266230106,
        "stdev": 19.1563854218,
        "var": 366.967102051
    },
    "spectral_rms": {
        "dmean": 0.000938296027016,
        "dmean2": 0.0014038257068,
        "dvar": 2.9167563298e-06,
        "dvar2": 7.00934970155e-06,
        "max": 0.0123035125434,
        "mean": 0.0025683043059,
        "median": 0.0019587087445,
        "min": 3.15256306303e-12,
        "stdev": 0.00233166129328,
        "var": 5.43664418728e-06
    },
    "spectral_rolloff": {
        "dmean": 243.2109375,
        "dmean2": 405.982940674,
        "dvar": 1047290.625,
        "dvar2": 2082880.375,
        "max": 18949.21875,
        "mean": 1167.98083496,
        "median": 495.263671875,
        "min": 129.19921875,
        "stdev": 3054.24365234,
        "var": 9328404
    },
    "spectral_skewness": {
        "dmean": 0.896041274071,
        "dmean2": 1.31745326519,
        "dvar": 0.726919949055,
        "dvar2": 1.48420751095,
        "max": 7.57778453827,
        "mean": 3.23700976372,
        "median": 2.81006765366,
        "min": -0.0626778453588,
        "stdev": 1.70729935169,
        "var": 2.91487121582
    },
    "spectral_spread": {
        "dmean": 960294.375,
        "dmean2": 1479754,
        "dvar": 4.01013735424e+12,
        "dvar2": 8.1473568768e+12,
        "max": 42403324,
        "mean": 4298159.5,
        "median": 3243808.75,
        "min": 970621,
        "stdev": 5827961.5,
        "var": 3.39651361505e+13
    },
    "spectral_strongpeak": {
        "dmean": 0.363211512566,
        "dmean2": 0.560453414917,
        "dvar": 0.310835301876,
        "dvar2": 0.68434458971,
        "max": 3.76520490646,
        "mean": 0.810664713383,
        "median": 0.566537678242,
        "min": 5.57010104707e-10,
        "stdev": 0.815848648548,
        "var": 0.665609002113
    },
    "zerocrossingrate": {
        "dmean": 0.00938728824258,
        "dmean2": 0.0118777249008,
        "dvar": 0.000898060447071,
        "dvar2": 0.00121405953541,
        "max": 0.708984375,
        "mean": 0.0448719188571,
        "median": 0.0234375,
        "min": 0.01171875,
        "stdev": 0.0897548720241,
        "var": 0.00805593654513
    },
    "barkbands": {
        "dmean": [1.20442132356e-06, 4.08196974604e-05, 1.64340854099e-05, 9.7048605312e-06, 0.0017814503517, 0.00339411455207, 0.00284157507122, 0.000243849834078, 0.000462751457235, 0.000248833384831, 9.74769645836e-05, 9.83878344414e-05, 7.55693326937e-05, 1.34461024572e-05, 2.00761442102e-05, 2.53972448263e-05, 2.22495946218e-05, 1.49669167513e-05, 1.73572116182e-05, 1.26037120936e-05, 1.4023611584e-05, 1.0136624951e-05, 3.43399142366e-06, 2.39940868596e-06, 2.83654367195e-06, 8.51226616305e-07, 5.51127392612e-08],
        "dmean2": [1.99703185899e-06, 6.04178967478e-05, 3.17938865919e-05, 1.77517340489e-05, 0.00242955447175, 0.00561345275491, 0.0048031937331, 0.000431113527156, 0.000707733328454, 0.000324604770867, 0.000159021699801, 0.000152509659529, 0.000138798830449, 2.1944013497e-05, 3.21964034811e-05, 4.26496117143e-05, 3.91156536352e-05, 2.63874753728e-05, 3.10561918013e-05, 2.2211290343e-05, 2.56156399701e-05, 1.82258354471e-05, 5.99082250119e-06, 4.14938040194e-06, 4.95734320793e-06, 1.42463352404e-06, 1.0415088525e-07],
        "dvar": [9.76036699379e-12, 3.03857419226e-08, 2.86841288499e-08, 6.06267835934e-09, 1.93927771761e-05, 0.000101326135336, 0.000174176486325, 6.10931920164e-07, 3.30270768245e-06, 3.92343366684e-07, 3.00490910377e-07, 1.49078630329e-07, 1.37940247669e-07, 1.51622236988e-09, 2.8818829545e-09, 8.11585998406e-09, 4.85301709929e-09, 1.37159061886e-09, 3.2031888253e-09, 1.78983738941e-09, 1.68749114682e-09, 9.29406662742e-10, 6.71311617406e-11, 4.32625740787e-11, 8.46039974189e-11, 6.34947563277e-12, 6.84124997863e-14],
        "dvar2": [2.25591247072e-11, 5.94175801893e-08, 8.52982680044e-08, 1.78688654984e-08, 2.80412587017e-05, 0.000270396383712, 0.000448630162282, 1.74029298705e-06, 7.48617185309e-06, 6.42790610073e-07, 7.31677005206e-07, 3.16803522082e-07, 4.1424095798e-07, 3.59867402544e-09, 6.66779120806e-09, 2.04476187093e-08, 1.24733450235e-08, 3.79710884957e-09, 8.63279669971e-09, 5.05600095124e-09, 4.76923478487e-09, 2.61143795477e-09, 1.82370993307e-10, 1.20912613255e-10, 1.79325387872e-10, 1.67057721823e-11, 1.99592553314e-13],
        "max": [2.12412105611e-05, 0.00204460439272, 0.00212069554254, 0.00098258187063, 0.0591369792819, 0.0744406357408, 0.121086418629, 0.00635710731149, 0.0208348669112, 0.00661124801263, 0.00650311540812, 0.00416232738644, 0.0042507709004, 0.000293119170237, 0.000636098033283, 0.00138716655783, 0.000723926990759, 0.000270230928436, 0.000526316754986, 0.000382433034247, 0.000288924144115, 0.000260910223005, 6.0978334659e-05, 5.99583181611e-05, 0.000117010218673, 2.20920355787e-05, 2.92383083433e-06],
        "mean": [1.10264249997e-06, 5.25514697074e-05, 9.89598629531e-06, 1.10531773316e-05, 0.00348548963666, 0.0048566875048, 0.00228477059864, 0.000205000309506, 0.000639356963802, 0.000396068004193, 9.48583110585e-05, 9.81651828624e-05, 5.57125968044e-05, 1.31641236294e-05, 2.32591792155e-05, 2.62560424744e-05, 1.80920287676e-05, 1.52160728248e-05, 1.25924971144e-05, 9.31535760174e-06, 9.64380888036e-06, 7.15712030797e-06, 2.84587599708e-06, 1.97572853722e-06, 2.66820711659e-06, 7.36910692467e-07, 3.14419708047e-08],
        "median": [7.49864028649e-08, 8.34794604998e-07, 3.53528605501e-07, 7.90019271335e-07, 0.000461153365904, 0.000303102016915, 8.32474252093e-05, 1.59428818733e-05, 4.07099578297e-05, 2.81242773781e-05, 4.15672548115e-06, 6.89600210535e-06, 4.86966109747e-06, 1.28266140109e-06, 1.95605343833e-06, 1.43584486523e-06, 9.70312839854e-07, 5.42471696008e-07, 4.71184819162e-07, 4.3413547246e-07, 6.78603271353e-07, 5.45675504782e-07, 3.86737298186e-07, 3.25149954961e-07, 3.72920851532e-07, 9.13070223874e-08, 3.13385206674e-10],
        "min": [1.6430252939e-24, 1.2009545057e-23, 5.33173257582e-24, 4.96724333887e-24, 2.51889424375e-23, 2.61310127523e-23, 2.48712208193e-23, 1.87406892686e-23, 2.02650635714e-23, 3.02797568929e-23, 2.40527571198e-23, 4.71145913466e-23, 6.48764635817e-23, 8.30921769619e-23, 8.33352155404e-23, 8.31121761636e-23, 1.02481077969e-22, 1.4438668823e-22, 1.55956614515e-22, 2.93427352879e-22, 3.49775220333e-22, 4.66975111197e-22, 4.92439389756e-22, 7.75025218955e-22, 1.06706955352e-21, 1.57498924675e-21, 2.11619740607e-21],
        "stdev": [3.20909157381e-06, 0.000227274431381, 0.000121768942336, 5.92420292378e-05, 0.00832522474229, 0.0112386560068, 0.0115637220442, 0.000625422107987, 0.0023315360304, 0.00103305687662, 0.000532526115421, 0.000410945387557, 0.000287155184196, 3.87232503272e-05, 6.35823162156e-05, 9.65419021668e-05, 6.08678565186e-05, 3.61089660146e-05, 4.6356672101e-05, 3.3396154322e-05, 3.18774182233e-05, 2.39463661273e-05, 7.32744001652e-06, 5.38406357009e-06, 9.79207470664e-06, 2.33016589846e-06, 1.92431329538e-07],
        "var": [1.02982691819e-11, 5.16536680095e-08, 1.48276750878e-08, 3.50961815165e-09, 6.93093606969e-05, 0.000126307379105, 0.000133719673613, 3.91152781276e-07, 5.43605983694e-06, 1.06720654003e-06, 2.83584085992e-07, 1.68876113094e-07, 8.24581007919e-08, 1.49949019868e-09, 4.04271105481e-09, 9.32033916712e-09, 3.70489616763e-09, 1.30385746644e-09, 2.14894102513e-09, 1.11530318314e-09, 1.01616981496e-09, 5.73428471373e-10, 5.36913777327e-11, 2.89881382787e-11, 9.5884723772e-11, 5.42967277042e-12, 3.70298172821e-14]
    },
    "erbbands": {
        "dmean": [0.00122524891049, 0.00898178573698, 0.0166880246252, 0.0336097404361, 0.281711369753, 6.9210600853, 23.8702812195, 28.4109153748, 39.3695220947, 22.2715835571, 7.37127256393, 11.9143819809, 10.0743818283, 4.82631397247, 2.31650209427, 4.67285633087, 3.44110846519, 0.735529601574, 1.03444671631, 0.885697722435, 1.65790820122, 1.26625025272, 0.825657248497, 0.56376260519, 1.05835151672, 0.616360783577, 0.674517810345, 0.48840674758, 0.397408813238, 0.145635038614, 0.0994907692075, 0.0552413649857, 0.037811934948, 0.0312913656235, 0.0217299778014, 0.00481461687014, 0.00136366754305, 0.000261369918007, 9.66126117419e-06, 9.87547082332e-06],
        "dmean2": [0.00186013220809, 0.0128635047004, 0.030017549172, 0.0609603710473, 0.381471127272, 8.51843929291, 38.164604187, 47.8039627075, 66.7647705078, 37.2357063293, 12.7102298737, 17.3791790009, 13.0023870468, 7.74613523483, 3.67254209518, 7.29662275314, 6.27811002731, 1.18544876575, 1.64529049397, 1.55515086651, 2.7385737896, 2.17627072334, 1.45976889133, 0.997453033924, 1.89690995216, 1.09918618202, 1.22644782066, 0.889535665512, 0.716195225716, 0.255339592695, 0.173857197165, 0.097150452435, 0.0646857693791, 0.0549170710146, 0.0369846113026, 0.00779112707824, 0.00234476453625, 0.000467034667963, 1.63311851793e-05, 1.56113346748e-05],
        "dvar": [2.70222935796e-05, 0.00153990159743, 0.0208197366446, 0.0790539383888, 0.411512553692, 312.494812012, 3760.45996094, 7748.07861328, 30263.2988281, 9283.06640625, 482.042572021, 1932.80871582, 676.040649414, 440.187042236, 65.5479660034, 250.077911377, 277.025604248, 3.53820633888, 7.70977497101, 4.05340528488, 37.3285598755, 18.4613513947, 4.22596788406, 1.93548154831, 13.8341674805, 4.78584766388, 4.12430095673, 1.98207128048, 1.37605917454, 0.181289047003, 0.052813000977, 0.0216368827969, 0.00996053405106, 0.00690076360479, 0.00837284978479, 0.000190413964447, 1.86360084626e-05, 9.56981352829e-07, 7.93174137481e-10, 5.65496538485e-10],
        "dvar2": [5.32809099241e-05, 0.00298471725546, 0.0594490356743, 0.235131964087, 0.779337406158, 357.497711182, 9732.93457031, 20732.6875, 77453.375, 23856.3261719, 1337.00878906, 4151.06542969, 1131.50170898, 1034.97192383, 140.552398682, 572.950744629, 841.162597656, 8.53447246552, 16.4917564392, 11.1866407394, 93.3671722412, 46.7617301941, 11.7482414246, 5.22944307327, 37.5491638184, 13.6700077057, 11.6476888657, 5.56142711639, 3.8524107933, 0.514944374561, 0.141775205731, 0.0606969073415, 0.0273769386113, 0.0172378383577, 0.0174519903958, 0.000453206244856, 5.09000165039e-05, 2.72146758107e-06, 2.19890106123e-09, 1.48925527466e-09],
        "max": [0.0552403777838, 0.488438040018, 1.90024995804, 3.51673316956, 7.25816726685, 270.022521973, 476.664916992, 650.576599121, 1783.10131836, 1061.25036621, 183.643692017, 490.457458496, 266.559539795, 250.52180481, 83.9752960205, 205.871185303, 197.020782471, 14.9369363785, 36.5887184143, 15.7219371796, 95.0803909302, 48.3000221252, 13.6929912567, 8.41328620911, 37.3594017029, 21.5752811432, 15.7404384613, 10.9494171143, 8.97358226776, 3.6843521595, 1.58801007271, 1.31130850315, 0.872100710869, 0.641604959965, 1.31513428688, 0.168128982186, 0.0344137698412, 0.00910898856819, 0.000238776498009, 0.000176278452273],
        "mean": [0.00139951251913, 0.0122054051608, 0.0137434871867, 0.0367959216237, 0.590067565441, 13.5118074417, 38.7490577698, 37.9382171631, 33.7369384766, 18.1076107025, 6.93003797531, 16.9552192688, 16.4863929749, 5.54950094223, 2.53836941719, 4.48323011398, 2.66165542603, 0.761906087399, 1.14559674263, 0.993059515953, 1.70020341873, 1.06222033501, 0.859799027443, 0.486485153437, 0.779679000378, 0.450317531824, 0.460222542286, 0.340073466301, 0.27974703908, 0.111621432006, 0.0835026651621, 0.0455249287188, 0.0317743010819, 0.0280939992517, 0.0203967578709, 0.00453209318221, 0.00113372562919, 0.000184202639502, 1.00841471067e-05, 1.39851672429e-05],
        "median": [3.12549746013e-05, 0.000289770832751, 0.00114228914026, 0.00661719869822, 0.094846136868, 1.5746127367, 3.88908839226, 3.26834464073, 2.38939619064, 1.10913872719, 0.830721259117, 1.22048437595, 1.58986544609, 0.669455349445, 0.357196688652, 0.452470332384, 0.287655085325, 0.107736103237, 0.103331997991, 0.0926372781396, 0.0958453267813, 0.0521769784391, 0.0330500006676, 0.0228780731559, 0.024479271844, 0.0240858923644, 0.0309319104999, 0.0249250326306, 0.0200839117169, 0.0109939388931, 0.0112529536709, 0.00830335728824, 0.00448508560658, 0.00439388630912, 0.00240290607326, 0.000761754461564, 0.000109893975605, 4.2854617277e-06, 3.04197260448e-06, 4.64204549644e-06],
        "min": [5.03162697896e-22, 1.21412918017e-21, 8.22750995749e-21, 2.36674807101e-20, 3.51566914542e-20, 8.26235881821e-20, 5.67942079332e-20, 2.32040317692e-19, 2.36848925388e-19, 4.34940406573e-19, 4.09910696719e-19, 4.81425733951e-19, 8.88695242974e-19, 9.85632849152e-19, 1.46369299199e-18, 2.04047321182e-18, 2.97369920608e-18, 3.5174908427e-18, 6.70682507433e-18, 3.62729245157e-18, 4.81753173396e-18, 5.42166723024e-18, 8.00635890388e-18, 6.25383574189e-18, 1.1166139213e-17, 1.2983497205e-17, 9.14709225379e-18, 1.39743793423e-17, 1.58700854004e-17, 1.53829570833e-17, 1.51288356186e-17, 1.16846565528e-17, 1.34926326623e-17, 1.00041845445e-17, 7.75146485248e-18, 4.36652432627e-18, 3.08629482427e-18, 1.1996082402e-18, 2.88055386112e-19, 3.17044887107e-20],
        "stdev": [0.00635877810419, 0.052006971091, 0.11119248718, 0.204623103142, 1.1177021265, 35.1319923401, 76.2258224487, 93.3617401123, 151.873291016, 87.7545013428, 19.7735309601, 59.2398529053, 42.0497779846, 21.343044281, 8.65285873413, 16.3774681091, 12.9368591309, 1.89182960987, 3.40220379829, 2.05414748192, 6.51707458496, 3.79624629021, 2.04202628136, 1.19639444351, 3.01568102837, 1.69206500053, 1.57932519913, 1.10214090347, 0.926046669483, 0.335141390562, 0.213301047683, 0.118953704834, 0.0848706737161, 0.0777669176459, 0.0979962572455, 0.014593356289, 0.00371136330068, 0.000764182652347, 2.35404222622e-05, 2.4008058972e-05],
        "var": [4.04340571549e-05, 0.00270472490229, 0.012363769114, 0.0418706126511, 1.24925792217, 1234.25683594, 5810.37548828, 8716.41503906, 23065.4980469, 7700.85253906, 390.992492676, 3509.36010742, 1768.18395996, 455.52557373, 74.871963501, 268.221435547, 167.362335205, 3.57901906967, 11.5749902725, 4.21952152252, 42.4722595215, 14.411485672, 4.16987133026, 1.4313596487, 9.09433174133, 2.86308407784, 2.49426817894, 1.21471452713, 0.857562482357, 0.112319760025, 0.0454973354936, 0.0141499834135, 0.0072030313313, 0.0060476930812, 0.00960326660424, 0.000212966042454, 1.37742181323e-05, 5.83975122481e-07, 5.54151502463e-10, 5.76386882667e-10]
    },
    "gfcc": {
        "mean": [-240.685928345, 109.760070801, -113.769554138, -18.3456268311, -98.8200073242, -23.3551807404, -54.2943305969, -11.2934932709, -27.8198127747, -2.84708547592, -8.32869148254, 7.49878740311, 9.82548332214],
        "cov": [[42972.5117188, 2191.12158203, -3743.00830078, 291.246520996, -2896.89257812, -362.924163818, -1952.89428711, 168.655273438, -928.134521484, 212.578674316, -558.302062988, 117.027450562, 288.590087891], [2191.12158203, 2001.99145508, 127.183280945, -650.760742188, -282.600128174, -213.435195923, 58.0653991699, -394.371429443, -56.6064834595, -326.609069824, 117.759078979, -70.0018997192, 193.491592407], [-3743.00830078, 127.183280945, 1582.89978027, 178.875045776, 110.971321106, 294.815704346, 311.574035645, -18.282075882, 33.0394973755, -121.576019287, -83.1642532349, -162.646774292, 10.1339616776], [291.246520996, -650.760742188, 178.875045776, 649.496337891, 115.994026184, 213.300933838, -46.52734375, 234.090515137, 17.5191802979, 145.028091431, -82.3971633911, 20.8587493896, -47.2746582031], [-2896.89257812, -282.600128174, 110.971321106, 115.994026184, 646.289550781, 84.1006546021, 141.346588135, 128.241012573, 101.375617981, 78.2901687622, 54.8348007202, 30.3159866333, -11.5757398605], [-362.924163818, -213.435195923, 294.815704346, 213.300933838, 84.1006546021, 479.732879639, 166.02041626, 214.023239136, 56.3618049622, 129.58581543, -32.0045204163, -39.4908866882, -12.7545156479], [-1952.89428711, 58.0653991699, 311.574035645, -46.52734375, 141.346588135, 166.02041626, 314.713439941, 70.9241485596, 75.6076507568, 1.54462921619, 34.7938423157, -9.43371772766, 23.6766796112], [168.655273438, -394.371429443, -18.282075882, 234.090515137, 128.241012573, 214.023239136, 70.9241485596, 342.747711182, 53.9710540771, 163.076644897, -53.8337974548, 17.3838844299, -19.8724060059], [-928.134521484, -56.6064834595, 33.0394973755, 17.5191802979, 101.375617981, 56.3618049622, 75.6076507568, 53.9710540771, 145.339477539, 79.4338684082, 67.744102478, 24.1962299347, 12.8548460007], [212.578674316, -326.609069824, -121.576019287, 145.028091431, 78.2901687622, 129.58581543, 1.54462921619, 163.076644897, 79.4338684082, 225.823623657, 34.8546218872, 50.4012527466, -39.6981925964], [-558.302062988, 117.759078979, -83.1642532349, -82.3971633911, 54.8348007202, -32.0045204163, 34.7938423157, -53.8337974548, 67.744102478, 34.8546218872, 158.431259155, 52.7079238892, 38.9679603577], [117.027450562, -70.0018997192, -162.646774292, 20.8587493896, 30.3159866333, -39.4908866882, -9.43371772766, 17.3838844299, 24.1962299347, 50.4012527466, 52.7079238892, 112.221237183, 26.7293682098], [288.590087891, 193.491592407, 10.1339616776, -47.2746582031, -11.5757398605, -12.7545156479, 23.6766796112, -19.8724060059, 12.8548460007, -39.6981925964, 38.9679603577, 26.7293682098, 135.514877319]],
        "icov": [[0.000101459641883, -0.000235355531913, 0.000199543894269, -0.00019828332006, 0.000286711903755, -7.49423197703e-05, 0.000294653407764, -0.000143100915011, 0.000351010268787, -0.000376455107471, 0.000290000258246, 3.39579491992e-05, -0.000252807396464], [-0.000235355531913, 0.00158591044601, -0.000549154297914, 0.00115638074931, -0.00043297270895, -7.44065073377e-06, -0.000610474147834, 0.000554709113203, -0.000776775588747, 0.00156853476074, -0.00126685784198, 0.000339464313583, -0.000337892095558], [0.000199543894269, -0.000549154297914, 0.00163254991639, -0.00115773640573, 0.000496460590512, -0.00047179707326, -0.000665359606501, 0.000603410240728, 0.000317959435051, -0.00039728032425, 0.00113234168384, 0.0013253208017, -0.000697635812685], [-0.00019828332006, 0.00115638074931, -0.00115773640573, 0.00384049117565, -0.000781913870014, -0.000820203509647, 0.00138218211941, -0.000977995339781, -0.000678114884067, 0.000872084579896, -0.00018095150881, -0.00151465972885, 0.000339182879543], [0.000286711903755, -0.00043297270895, 0.000496460590512, -0.000781913870014, 0.00289068929851, 0.000115714043204, 9.50954854488e-05, -0.00104569329415, 0.000337952020345, -0.000638109107967, -9.561987099e-05, 8.49002535688e-05, -0.000422647484811], [-7.49423197703e-05, -7.44065073377e-06, -0.00047179707326, -0.000820203509647, 0.000115714043204, 0.00470211356878, -0.0024018639233, -0.00103030807804, 0.00050771527458, -0.00240001734346, -0.000171670501004, 0.00229480932467, -0.00051413057372], [0.000294653407764, -0.000610474147834, -0.000665359606501, 0.00138218211941, 9.50954854488e-05, -0.0024018639233, 0.00805989932269, -0.00267057563178, -0.00100893143099, 0.00166919070762, -0.000608321046457, -0.00191034527961, -0.000105249484477], [-0.000143100915011, 0.000554709113203, 0.000603410240728, -0.000977995339781, -0.00104569329415, -0.00103030807804, -0.00267057563178, 0.00844513531774, -0.00103427062277, -0.0038737829309, 0.00407259492204, 0.000378778408049, -0.0016373526305], [0.000351010268787, -0.000776775588747, 0.000317959435051, -0.000678114884067, 0.000337952020345, 0.00050771527458, -0.00100893143099, -0.00103427062277, 0.0137355262414, -0.00553002487868, -0.00311723491177, 0.00138479971793, -0.00209717615508], [-0.000376455107471, 0.00156853476074, -0.00039728032425, 0.000872084579896, -0.000638109107967, -0.00240001734346, 0.00166919070762, -0.0038737829309, -0.00553002487868, 0.0150683447719, -0.00514150690287, -0.00362323992886, 0.00488781137392], [0.000290000258246, -0.00126685784198, 0.00113234168384, -0.00018095150881, -9.561987099e-05, -0.000171670501004, -0.000608321046457, 0.00407259492204, -0.00311723491177, -0.00514150690287, 0.0145954648033, -0.00328503292985, -0.00303687038831], [3.39579491992e-05, 0.000339464313583, 0.0013253208017, -0.00151465972885, 8.49002535688e-05, 0.00229480932467, -0.00191034527961, 0.000378778408049, 0.00138479971793, -0.00362323992886, -0.00328503292985, 0.0156575776637, -0.00390844838694], [-0.000252807396464, -0.000337892095558, -0.000697635812685, 0.000339182879543, -0.000422647484811, -0.00051413057372, -0.000105249484477, -0.0016373526305, -0.00209717615508, 0.00488781137392, -0.00303687038831, -0.00390844838694, 0.0115393428132]]
    },
    "melbands": {
        "dmean": [1.17353110909e-05, 8.41769997351e-06, 6.70867257213e-06, 0.000204665091587, 0.000756329915021, 0.000617352605332, 0.000623923202511, 0.000194234817172, 6.2338913267e-05, 7.2153590736e-05, 4.86593671667e-05, 1.80495353561e-05, 9.08681886358e-06, 1.2031840015e-05, 1.11054805529e-05, 4.38571305494e-06, 1.2428804439e-06, 1.64565915384e-06, 1.52638938289e-06, 1.31198009967e-06, 2.02061551136e-06, 1.52670315856e-06, 7.59357703828e-07, 7.17503098713e-07, 3.70781833681e-07, 8.57158283907e-07, 5.63995399716e-07, 3.54351016085e-07, 4.25750357635e-07, 3.3497465779e-07, 2.92711888505e-07, 2.70466159691e-07, 1.15141148171e-07, 6.7834534434e-08, 6.26074623256e-08, 3.99481656643e-08, 3.24349187508e-08, 2.62453934141e-08, 2.52176359794e-08, 2.73873315138e-08],
        "dmean2": [1.76997527888e-05, 1.26024597193e-05, 1.154243364e-05, 0.000248585682129, 0.00117760652211, 0.00102922203951, 0.00105355749838, 0.000328564143274, 0.000106006315036, 0.000105303028249, 6.27100089332e-05, 2.92133699986e-05, 1.4140858184e-05, 1.87449641089e-05, 1.96011678781e-05, 8.02545127954e-06, 1.95887423615e-06, 2.5982922125e-06, 2.53732946476e-06, 2.31737067224e-06, 3.312613444e-06, 2.65533731181e-06, 1.37949211876e-06, 1.24823998249e-06, 6.53579661503e-07, 1.54380779804e-06, 9.91478941614e-07, 6.3575942022e-07, 7.67592496231e-07, 6.17979594608e-07, 5.29848648512e-07, 4.88867897275e-07, 2.04667514936e-07, 1.17444471925e-07, 1.08536099219e-07, 7.09538738874e-08, 5.69827385277e-08, 4.49779911094e-08, 4.33296136748e-08, 4.84048889859e-08],
        "dvar": [2.47315257162e-09, 2.81616685527e-09, 1.91258764382e-09, 2.83349010033e-07, 3.40590440828e-06, 3.53866312253e-06, 7.74652289692e-06, 6.96743200024e-07, 4.57793767339e-08, 7.01222617749e-08, 1.66805893542e-08, 6.13991701925e-09, 1.50785373076e-09, 2.49565879074e-09, 1.76157433085e-09, 4.28108909434e-10, 1.16848683507e-11, 1.84113505691e-11, 1.46731949507e-11, 1.05830249078e-11, 5.51151416173e-11, 3.26465764144e-11, 5.58526142003e-12, 2.81294150299e-12, 8.19277209008e-13, 9.67325958917e-12, 3.72017000538e-12, 1.56615757689e-12, 1.60442817886e-12, 1.14157934408e-12, 7.34321566227e-13, 6.62842935921e-13, 1.23253322696e-13, 4.03656329282e-14, 2.09827221922e-14, 8.90049938997e-15, 8.32597049438e-15, 4.54380702511e-15, 4.45295935338e-15, 5.5789956361e-15],
        "dvar2": [4.88141616017e-09, 6.88101797763e-09, 5.62058444231e-09, 3.26591930389e-07, 8.28914198792e-06, 9.43178565649e-06, 1.99201494979e-05, 1.80322172127e-06, 1.25181628619e-07, 1.43288929166e-07, 2.82836651877e-08, 1.44245513312e-08, 3.61911101088e-09, 5.37208499907e-09, 5.0817794417e-09, 1.28992705406e-09, 2.74458199223e-11, 4.08672713725e-11, 3.79915751636e-11, 2.92034937899e-11, 1.36965896957e-10, 8.17786741103e-11, 1.64426684074e-11, 7.70735818917e-12, 2.23004731001e-12, 2.63044863669e-11, 1.03598761514e-11, 4.46480135849e-12, 4.46865894982e-12, 3.24427789321e-12, 2.07223084178e-12, 1.85491075624e-12, 3.48810525819e-13, 1.15182047385e-13, 5.45854187588e-14, 2.4848746582e-14, 2.33801117301e-14, 1.23201865444e-14, 1.23993349971e-14, 1.34128404116e-14],
        "max": [0.000534121645615, 0.000747064128518, 0.00054710439872, 0.00813277624547, 0.0130584323779, 0.0135186351836, 0.0273138713092, 0.00935717299581, 0.00249558058567, 0.00289736012928, 0.00130488490686, 0.000928084074985, 0.000442574149929, 0.000551969278604, 0.000433341076132, 0.00024632763234, 3.31214760081e-05, 5.10169156769e-05, 2.9759188692e-05, 3.50307709596e-05, 0.00011395860929, 6.66732303216e-05, 2.25542953558e-05, 1.04031441879e-05, 5.99962004344e-06, 3.09145762003e-05, 2.01307393581e-05, 1.13619071271e-05, 9.22682374949e-06, 9.61800469668e-06, 6.43197336103e-06, 5.91331081523e-06, 3.19324158227e-06, 1.69406064288e-06, 1.20608433463e-06, 6.42704037546e-07, 8.66750895057e-07, 5.41436179446e-07, 5.51440507479e-07, 6.84437566179e-07],
        "mean": [1.4334057596e-05, 1.01049809018e-05, 1.02745625554e-05, 0.000403375917813, 0.0013241347624, 0.000845463073347, 0.000522541697137, 0.000156379799591, 6.47131164442e-05, 0.000102948630229, 7.84199364716e-05, 1.98079560505e-05, 9.2859409051e-06, 1.18412499432e-05, 8.97226800589e-06, 3.60611556971e-06, 1.24233292809e-06, 1.74651370344e-06, 1.65874178037e-06, 1.34711183364e-06, 2.02667820304e-06, 1.22118058243e-06, 6.4485124085e-07, 7.92150274265e-07, 2.99877370935e-07, 6.04175625085e-07, 4.25381244895e-07, 2.557908374e-07, 2.93763264381e-07, 2.25676672017e-07, 2.00173872145e-07, 1.85592455182e-07, 8.45727683441e-08, 5.14664577622e-08, 5.2174605969e-08, 3.35560308429e-08, 2.60895074433e-08, 2.16286490939e-08, 2.13447908237e-08, 2.44207232214e-08],
        "median": [2.46438361273e-07, 3.71175275404e-07, 7.08074765043e-07, 5.65309783269e-05, 0.00013403504272, 6.07920046605e-05, 2.92043405352e-05, 8.65720267029e-06, 5.6534227042e-06, 7.60905277275e-06, 6.79646927892e-06, 2.19543517233e-06, 6.97574591868e-07, 9.75820512394e-07, 8.10106655535e-07, 3.45954674685e-07, 1.36750671231e-07, 1.51844005813e-07, 1.28792180476e-07, 1.09425414507e-07, 1.10626451999e-07, 5.60220136947e-08, 2.91949824316e-08, 2.15883364518e-08, 1.58212021262e-08, 1.75031473759e-08, 1.25722339206e-08, 1.39808706834e-08, 1.85628845628e-08, 1.52213281979e-08, 1.36575586396e-08, 1.15264171541e-08, 7.9034681022e-09, 5.38914246562e-09, 6.34376506881e-09, 5.70895997143e-09, 4.68681360388e-09, 2.69651834195e-09, 3.04511482696e-09, 3.66293928522e-09],
        "min": [4.7515896722e-24, 4.31555745646e-24, 4.39409092616e-24, 5.8912806878e-24, 2.18016265642e-24, 5.81518361501e-24, 4.34223791557e-24, 4.57458821773e-24, 2.73269680887e-24, 2.92238886593e-24, 4.42540278764e-24, 3.47005554938e-24, 3.8485289236e-24, 5.55032356608e-24, 4.04669827717e-24, 6.73246082041e-24, 6.77081681534e-24, 1.03062713003e-23, 5.328864672e-24, 6.13361205256e-24, 5.87271800184e-24, 6.04091774076e-24, 6.80480804288e-24, 5.50078349566e-24, 4.22723658951e-24, 6.70835559772e-24, 9.38651549398e-24, 8.82604717576e-24, 3.94818532733e-24, 6.85490781011e-24, 8.64983379334e-24, 7.88912496724e-24, 8.70194436702e-24, 8.04955245409e-24, 8.22055146594e-24, 6.71216027387e-24, 7.24739450945e-24, 8.4982723142e-24, 7.77069643498e-24, 7.87651108137e-24],
