{
"metadata": {
    "version": {
        "essentia": "2.1-beta6-dev",
        "essentia_git_sha": "v2.1_beta5-778-gc9eadba6",
        "extractor": "music 2.0"
    },
    "audio_properties": {
        "analysis": {
            "equal_loudness": 0,
            "length": 12.9999771118,
            "sample_rate": 44100,
            "start_time": 0,
            "downmix": "mix"
        },
        "bit_rate": 128000,
        "length": 13,
        "lossless": 0,
        "number_channels": 2,
        "replay_gain": 0.851922988892,
        "sample_rate": 48000,
        "codec": "mp3",
        "md5_encoded": "6954ea57ee28bfc91a283d3036831b65"
    },
    "tags": {
        "file_name": "bach-organsonatano4.mp3",
        "encoding": ["Lavf59.16.100"]
    }
},
"lowlevel": {
    "average_loudness": 0.94801735878,
    "barkbands_crest": {
        "dmean": 1.43237745762,
        "dmean2": 2.23695063591,
        "dvar": 2.93911957741,
        "dvar2": 6.23557901382,
        "max": 26.6463375092,
        "mean": 15.0618925095,
        "median": 13.6971445084,
        "min": 4.41903448105,
        "stdev": 5.09174919128,
        "var": 25.9259109497
    },
    "barkbands_flatness_db": {
        "dmean": 0.0287920311093,
        "dmean2": 0.0470613986254,
        "dvar": 0.000856300292071,
        "dvar2": 0.00200321851298,
        "max": 0.632533967495,
        "mean": 0.461002409458,
        "median": 0.475278496742,
        "min": 0.0276469793171,
        "stdev": 0.0927610322833,
        "var": 0.00860460940748
    },
    "barkbands_kurtosis": {
        "dmean": 6.13171482086,
        "dmean2": 9.65983200073,
        "dvar": 285.172302246,
        "dvar2": 638.727966309,
        "max": 277.402526855,
        "mean": 17.413608551,
        "median": 4.30760669708,
        "min": -1.62615513802,
        "stdev": 38.8785972595,
        "var": 1511.54541016
    },
    "barkbands_skewness": {
        "dmean": 0.70959186554,
        "dmean2": 1.14210355282,
        "dvar": 1.07044661045,
        "dvar2": 2.72940778732,
        "max": 12.8072795868,
        "mean": 0.561310112476,
        "median": 0.00861649028957,
        "min": -3.03529763222,
        "stdev": 2.32411336899,
        "var": 5.40150308609
    },
    "barkbands_spread": {
        "dmean": 0.744749307632,
        "dmean2": 1.29537057877,
        "dvar": 19.7033481598,
        "dvar2": 58.0807495117,
        "max": 87.1147613525,
        "mean": 3.00093340874,
        "median": 1.76618075371,
        "min": 0.111571803689,
        "stdev": 5.88739728928,
        "var": 34.6614494324
    },
    "dissonance": {
        "dmean": 0.0536641962826,
        "dmean2": 0.0918595567346,
        "dvar": 0.00273011741228,
        "dvar2": 0.00795378349721,
        "max": 0.499885618687,
        "mean": 0.251731425524,
        "median": 0.231714457273,
        "min": 0.0734122171998,
        "stdev": 0.0951802805066,
        "var": 0.00905928574502
    },
    "dynamic_complexity": 5.79211950302,
    "erbbands_crest": {
        "dmean": 1.73346793652,
        "dmean2": 2.71181607246,
        "dvar": 3.76372075081,
        "dvar2": 9.06119632721,
        "max": 30.8724136353,
        "mean": 17.5264167786,
        "median": 17.9576244354,
        "min": 2.76478624344,
        "stdev": 6.20570659637,
        "var": 38.5107955933
    },
    "erbbands_flatness_db": {
        "dmean": 0.0181373152882,
        "dmean2": 0.0283843185753,
        "dvar": 0.000362755090464,
        "dvar2": 0.000852567376569,
        "max": 0.569454073906,
        "mean": 0.45140466094,
        "median": 0.480449318886,
        "min": 0.0502850189805,
        "stdev": 0.106391996145,
        "var": 0.011319257319
    },
    "erbbands_kurtosis": {
        "dmean": 1.62032854557,
        "dmean2": 2.35555887222,
        "dvar": 6.1584405899,
        "dvar2": 11.6705608368,
        "max": 51.5581207275,
        "mean": 6.27616834641,
        "median": 3.52121353149,
        "min": -1.44553303719,
        "stdev": 8.59793663025,
        "var": 73.9245223999
    },
    "erbbands_skewness": {
        "dmean": 0.302770137787,
        "dmean2": 0.440211594105,
        "dvar": 0.129187762737,
        "dvar2": 0.26757773757,
        "max": 5.36190128326,
        "mean": 0.692229390144,
        "median": 0.588239312172,
        "min": -2.72968149185,
        "stdev": 1.546895504,
        "var": 2.39288568497
    },
    "erbbands_spread": {
        "dmean": 1.2576020956,
        "dmean2": 2.05302405357,
        "dvar": 16.9920024872,
        "dvar2": 45.5177078247,
        "max": 71.4470443726,
        "mean": 6.68871355057,
        "median": 3.08301305771,
        "min": 0.906324446201,
        "stdev": 9.98256015778,
        "var": 99.651512146
    },
    "hfc": {
        "dmean": 1.55909788609,
        "dmean2": 2.25183963776,
        "dvar": 10.7475242615,
        "dvar2": 22.285900116,
        "max": 49.140663147,
        "mean": 7.64999198914,
        "median": 5.8203458786,
        "min": 1.14133335364e-16,
        "stdev": 7.56017494202,
        "var": 57.1562423706
    },
    "loudness_ebu128": {
        "integrated": -23.8746242523,
        "loudness_range": 1.99717521667,
        "momentary": {
            "dmean": 3.3501598835,
            "dmean2": 2.7797563076,
            "dvar": 287.44039917,
            "dvar2": 183.027328491,
            "max": -20.1250362396,
            "mean": -30.0866985321,
            "median": -24.5959644318,
            "min": -300.691009521,
            "stdev": 27.1564102173,
            "var": 737.47064209
        },
        "short_term": {
            "dmean": 0.165110334754,
            "dmean2": 0.10991730541,
            "dvar": 0.0160250868648,
            "dvar2": 0.0113546969369,
            "max": -22.7019004822,
            "mean": -23.9856567383,
            "median": -23.8184757233,
            "min": -26.384853363,
            "stdev": 0.745654225349,
            "var": 0.556000232697
        }
    },
    "melbands_crest": {
        "dmean": 1.77969038486,
        "dmean2": 2.82020926476,
        "dvar": 5.4886136055,
        "dvar2": 11.8886137009,
        "max": 39.4630279541,
        "mean": 17.7466411591,
        "median": 16.2978725433,
        "min": 1.46348297596,
        "stdev": 6.90128612518,
        "var": 47.6277503967
    },
    "melbands_flatness_db": {
        "dmean": 0.0321716889739,
        "dmean2": 0.052430100739,
        "dvar": 0.000975707895122,
        "dvar2": 0.00207784469239,
        "max": 0.756452441216,
        "mean": 0.58736461401,
        "median": 0.60836815834,
        "min": 0.000606374873314,
        "stdev": 0.127877146006,
        "var": 0.0163525659591
    },
    "melbands_kurtosis": {
        "dmean": 10.228972435,
        "dmean2": 16.4434242249,
        "dvar": 1688.15771484,
        "dvar2": 4128.83789062,
        "max": 514.367858887,
        "mean": 17.3159656525,
        "median": 2.59802436829,
        "min": -1.60434103012,
        "stdev": 56.9739227295,
        "var": 3246.02807617
    },
    "melbands_skewness": {
        "dmean": 0.632901728153,
        "dmean2": 0.981693506241,
        "dvar": 1.57791960239,
        "dvar2": 3.78615999222,
        "max": 19.4200820923,
        "mean": 0.934356987476,
        "median": 0.131559669971,
        "min": -2.33450293541,
        "stdev": 2.86827874184,
        "var": 8.22702312469
    },
    "melbands_spread": {
        "dmean": 1.16290843487,
        "dmean2": 1.69647336006,
        "dvar": 21.326921463,
        "dvar2": 28.0017967224,
        "max": 153.318862915,
        "mean": 8.24158191681,
        "median": 3.29318451881,
        "min": 0.0899897441268,
        "stdev": 24.4591178894,
        "var": 598.248413086
    },
    "pitch_salience": {
        "dmean": 0.0440407805145,
        "dmean2": 0.0719261169434,
        "dvar": 0.00377153744921,
        "dvar2": 0.00825439672917,
        "max": 0.991761624813,
        "mean": 0.460900604725,
        "median": 0.468805640936,
        "min": 0.0380568653345,
        "stdev": 0.159083545208,
        "var": 0.0253075733781
    },
    "silence_rate_20dB": {
        "dmean": 0,
        "dmean2": 0,
        "dvar": 0,
        "dvar2": 0,
        "max": 1,
        "mean": 1,
        "median": 1,
        "min": 1,
        "stdev": 0,
        "var": 0
    },
    "silence_rate_30dB": {
        "dmean": 0.00357142859139,
        "dmean2": 0.00715563492849,
        "dvar": 0.00355867343023,
        "dvar2": 0.00710446434096,
        "max": 1,
        "mean": 0.991087317467,
        "median": 1,
        "min": 0,
        "stdev": 0.0939858108759,
        "var": 0.00883333198726
    },
    "silence_rate_60dB": {
        "dmean": 0.0250000003725,
        "dmean2": 0.0500894449651,
        "dvar": 0.0243748966604,
        "dvar2": 0.0511580556631,
        "max": 1,
        "mean": 0.174688056111,
        "median": 0,
        "min": 0,
        "stdev": 0.379701793194,
        "var": 0.144173458219
    },
    "spectral_centroid": {
        "dmean": 49.7717323303,
        "dmean2": 74.5272521973,
        "dvar": 100925.0625,
        "dvar2": 141927.140625,
        "max": 11672.2402344,
        "mean": 789.973693848,
        "median": 398.278289795,
        "min": 179.307357788,
        "stdev": 1993.41247559,
        "var": 3973693.5
    },
    "spectral_complexity": {
        "dmean": 0.646428585052,
        "dmean2": 1.12701249123,
        "dvar": 0.910701990128,
        "dvar2": 1.96776103973,
        "max": 12,
        "mean": 4.85383224487,
        "median": 5,
        "min": 0,
        "stdev": 2.35450673103,
        "var": 5.54370212555
    },
    "spectral_decrease": {
        "dmean": 9.69183511224e-10,
        "dmean2": 1.37799738287e-09,
        "dvar": 4.66028635388e-18,
        "dvar2": 8.55147258191e-18,
        "max": 1.42679534739e-28,
        "mean": -5.20168885743e-09,
        "median": -3.82461795567e-09,
        "min": -3.79999320899e-08,
        "stdev": 5.37697086855e-09,
        "var": 2.89118152933e-17
    },
    "spectral_energy": {
        "dmean": 0.00379708711989,
        "dmean2": 0.00540207279846,
        "dvar": 7.10445165168e-05,
        "dvar2": 0.00013084289094,
        "max": 0.147877633572,
        "mean": 0.0203262548894,
        "median": 0.0150469318032,
        "min": 1.03079968294e-20,
        "stdev": 0.0209569018334,
        "var": 0.000439191731857
    },
    "spectral_energyband_high": {
        "dmean": 1.93086453493e-08,
        "dmean2": 3.07792333842e-08,
        "dvar": 8.35429548789e-16,
        "dvar2": 1.72671319127e-15,
        "max": 5.13912596034e-07,
        "mean": 3.62737822002e-08,
        "median": 1.80150401263e-08,
        "min": 7.25702757396e-21,
        "stdev": 5.55417862813e-08,
        "var": 3.08488997049e-15
    },
    "spectral_energyband_low": {
        "dmean": 0.000311635900289,
        "dmean2": 0.000476794142742,
        "dvar": 3.80750094564e-07,
        "dvar2": 8.03230079782e-07,
        "max": 0.0128368679434,
        "mean": 0.00100143137388,
        "median": 0.000210523197893,
        "min": 2.05686756235e-23,
        "stdev": 0.00209501385689,
        "var": 4.38908273281e-06
    },
    "spectral_energyband_middle_high": {
        "dmean": 5.57531602681e-05,
        "dmean2": 7.44860735722e-05,
        "dvar": 1.56837582921e-08,
        "dvar2": 3.15083568125e-08,
        "max": 0.00187625456601,
        "mean": 0.000151086016558,
        "median": 9.00056547835e-05,
        "min": 1.22248620852e-21,
        "stdev": 0.000223402210395,
        "var": 4.99085466288e-08
    },
    "spectral_energyband_middle_low": {
        "dmean": 0.00371741945855,
        "dmean2": 0.00528795598075,
        "dvar": 7.02224351699e-05,
        "dvar2": 0.000129560765345,
        "max": 0.147430986166,
        "mean": 0.0197297688574,
        "median": 0.0141529357061,
        "min": 1.45794306386e-22,
        "stdev": 0.0207808874547,
        "var": 0.000431845313869
    },
    "spectral_entropy": {
        "dmean": 0.129214987159,
        "dmean2": 0.19371534884,
        "dvar": 0.0355905853212,
        "dvar2": 0.0629006102681,
        "max": 9.82240962982,
        "mean": 4.90465402603,
        "median": 4.6538233757,
        "min": 3.65874624252,
        "stdev": 1.12840282917,
        "var": 1.27329289913
    },
    "spectral_flux": {
        "dmean": 0.0116943810135,
        "dmean2": 0.0189687181264,
        "dvar": 0.000565237016417,
        "dvar2": 0.00131929921918,
        "max": 0.326265752316,
        "mean": 0.027251617983,
        "median": 0.0189318992198,
        "min": 6.38743224979e-11,
        "stdev": 0.029335770756,
        "var": 0.000860587402713
    },
    "spectral_kurtosis": {
        "dmean": 76.9195785522,
        "dmean2": 132.151885986,
        "dvar": 5362.52880859,
        "dvar2": 15380.46875,
        "max": 693.816711426,
        "mean": 224.454071045,
        "median": 216.999954224,
        "min": -1.26254343987,
        "stdev": 123.594963074,
        "var": 15275.7148438
    },
    "spectral_rms": {
        "dmean": 0.000381251535146,
        "dmean2": 0.000517198815942,
        "dvar": 4.48440459877e-07,
        "dvar2": 7.56252745759e-07,
        "max": 0.0120112802833,
        "mean": 0.00383266829886,
        "median": 0.00383144011721,
        "min": 3.17121155724e-12,
        "stdev": 0.00226740818471,
        "var": 5.14113935424e-06
    },
    "spectral_rolloff": {
        "dmean": 66.5990066528,
        "dmean2": 105.161994934,
        "dvar": 376840.46875,
        "dvar2": 583108.625,
        "max": 19552.1484375,
        "mean": 1174.72692871,
        "median": 495.263671875,
        "min": 21.533203125,
        "stdev": 3522.12304688,
        "var": 12405350
    },
    "spectral_skewness": {
        "dmean": 1.90098047256,
        "dmean2": 3.24257016182,
        "dvar": 3.12774014473,
        "dvar2": 7.99990224838,
        "max": 20.5630512238,
        "mean": 11.4394025803,
        "median": 12.1453771591,
        "min": -0.0862503424287,
        "stdev": 4.20353651047,
        "var": 17.669719696
    },
    "spectral_spread": {
        "dmean": 535370.125,
        "dmean2": 972302.0625,
        "dvar": 1.99801700352e+12,
        "dvar2": 4.08827304346e+12,
        "max": 41815508,
        "mean": 2346473.75,
        "median": 707753.75,
        "min": 119607,
        "stdev": 7382296.5,
        "var": 5.4498303148e+13
    },
    "spectral_strongpeak": {
        "dmean": 0.233966633677,
        "dmean2": 0.360156446695,
        "dvar": 0.162886217237,
        "dvar2": 0.329644471407,
        "max": 5.11198186874,
        "mean": 1.3918030262,
        "median": 1.22011423111,
        "min": 0,
        "stdev": 0.995001494884,
        "var": 0.990027964115
    },
    "zerocrossingrate": {
        "dmean": 0.00248151505366,
        "dmean2": 0.00355073926039,
        "dvar": 0.000197043846129,
        "dvar2": 0.00027554895496,
        "max": 0.52734375,
        "mean": 0.0371259115636,
        "median": 0.01806640625,
        "min": 0.0009765625,
        "stdev": 0.0937825962901,
        "var": 0.00879517570138
    },
    "barkbands": {
        "dmean": [8.16996471258e-05, 9.76463488769e-05, 0.000107081432361, 0.000342884246493, 0.000811780162621, 0.00164805829991, 0.000810848956462, 0.000897820398677, 0.000389588589314, 1.11546878543e-05, 2.82073033304e-05, 2.39585697273e-05, 2.63653168986e-06, 1.57133786161e-06, 4.73898097653e-07, 4.72797808015e-07, 7.81192923682e-08, 4.10431653108e-08, 1.29548567429e-08, 1.37423334934e-08, 7.15270642715e-09, 2.70392663815e-09, 1.20090293265e-09, 1.06382336273e-09, 1.00656083468e-09, 9.8732810816e-10, 1.05295661079e-09],
        "dmean2": [0.00013489369303, 0.000167972117197, 0.000162101801834, 0.000497585453559, 0.00112669065129, 0.00263167195953, 0.00114007806405, 0.00129433034454, 0.000692365400027, 1.77399379027e-05, 3.78181466658e-05, 3.20884209941e-05, 4.48683294962e-06, 2.39113069256e-06, 6.88855493536e-07, 6.1038417698e-07, 1.22583088569e-07, 6.23454070592e-08, 2.05252952412e-08, 2.18491074122e-08, 1.13962270731e-08, 4.79793049735e-09, 2.12766804175e-09, 1.90586568749e-09, 1.80688941587e-09, 1.77443859606e-09, 1.88968840575e-09],
        "dvar": [1.59919952836e-08, 1.91518196857e-08, 1.26063341099e-07, 1.23039239952e-06, 6.00737894274e-06, 4.35748552263e-05, 2.76690502687e-06, 7.12459677743e-06, 4.64537970402e-06, 7.15787429328e-10, 3.66177221878e-09, 1.02036779026e-08, 5.52664511377e-11, 1.68521377408e-11, 1.62680036542e-12, 2.82590487469e-12, 4.1255020911e-14, 8.3763138976e-15, 2.6720506648e-16, 4.18578377424e-16, 1.61974113567e-16, 8.73144855436e-17, 3.58995724104e-18, 2.6956670518e-18, 2.43708398166e-18, 2.33399804539e-18, 2.6599642822e-18],
        "dvar2": [3.89082046581e-08, 5.29915489267e-08, 2.84401977524e-07, 1.97228632715e-06, 1.00919387478e-05, 8.54034951772e-05, 5.87338354308e-06, 1.34898691613e-05, 1.36629832923e-05, 1.64568647598e-09, 5.90282844826e-09, 2.08365609211e-08, 1.53913617962e-10, 3.64976729395e-11, 2.48715089322e-12, 4.09519466948e-12, 9.58346154712e-14, 1.63348762278e-14, 6.74586727133e-16, 8.04798984532e-16, 3.63343650101e-16, 2.25382285314e-16, 1.08358153887e-17, 8.499331252e-18, 7.72059612638e-18, 7.39456206076e-18, 8.43128406609e-18],
        "max": [0.00189347867854, 0.00118257314898, 0.00990311894566, 0.029996111989, 0.0443069413304, 0.143976256251, 0.030395064503, 0.0474727861583, 0.0333785004914, 0.000420983356889, 0.000778872752562, 0.00183362397365, 0.000121741060866, 6.5446831286e-05, 2.50225202763e-05, 3.24538596033e-05, 3.82656526199e-06, 1.88463252471e-06, 1.96840986177e-07, 3.71164418311e-07, 2.20957801389e-07, 1.65054615309e-07, 1.63451119306e-08, 1.22662848767e-08, 1.18445209196e-08, 1.16265690409e-08, 1.24685701763e-08],
        "mean": [0.000103371341538, 0.000129977473989, 0.000216574771912, 0.00167175219394, 0.00294630858116, 0.00787991378456, 0.0039538256824, 0.00245911278762, 0.000803056464065, 3.54643852916e-05, 6.1024340539e-05, 5.2227787819e-05, 7.02215402271e-06, 3.87465797758e-06, 1.38330563004e-06, 1.01215209725e-06, 1.89187844057e-07, 1.15041643767e-07, 2.9875092622e-08, 2.90012369675e-08, 9.8837409368e-09, 2.47790277186e-09, 1.05500741476e-09, 9.5037411274e-10, 9.38262800787e-10, 9.70955427171e-10, 1.07757469614e-09],
        "median": [5.30971083208e-05, 6.93276087986e-05, 1.49695933942e-05, 8.26145696919e-05, 0.000569367490243, 0.00322275632061, 0.00114480499178, 0.000505538948346, 6.93494948791e-05, 1.66432892001e-05, 2.40458848566e-05, 1.12624693429e-05, 2.3983641313e-06, 7.16276133517e-07, 2.3600638599e-07, 1.41277055832e-07, 5.49581997689e-08, 4.74121932825e-08, 2.46301432583e-08, 2.00156957675e-08, 1.50726764403e-09, 4.56714777108e-10, 3.29682947608e-10, 3.41036671125e-10, 3.58192697725e-10, 3.96727484198e-10, 4.82367756849e-10],
        "min": [1.56610987652e-24, 1.59632315059e-24, 3.90365215708e-24, 3.17097668654e-24, 9.18487160256e-24, 2.53455360603e-23, 7.02177240195e-24, 1.63641337733e-23, 2.25778033749e-23, 2.21276635651e-23, 3.98145924365e-23, 3.7766939874e-23, 2.60285744306e-23, 5.72918247244e-23, 4.22936888054e-23, 6.22136856842e-23, 1.07149550496e-22, 1.35960378963e-22, 1.6376272765e-22, 2.34889355116e-22, 3.28745248829e-22, 3.47679324193e-22, 4.83251545725e-22, 6.78024357694e-22, 9.31810680157e-22, 1.40036972308e-21, 2.15753422237e-21],
        "stdev": [0.000164708137163, 0.000166335012182, 0.000929989619181, 0.00453974539414, 0.00590598629788, 0.0155134964734, 0.00574236456305, 0.00579593330622, 0.00281520886347, 4.62541029265e-05, 9.94990114123e-05, 0.000190173639567, 1.10213213702e-05, 8.07411743153e-06, 3.25804398926e-06, 2.80910830952e-06, 4.7995871455e-07, 2.34103083585e-07, 2.80633170036e-08, 3.96390440471e-08, 2.30051124817e-08, 1.06616848683e-08, 1.92367655139e-09, 1.58773716397e-09, 1.50716050751e-09, 1.47867429412e-09, 1.57969004544e-09],
        "var": [2.71287721176e-08, 2.76673386423e-08, 8.64880689733e-07, 2.06092900044e-05, 3.48806752299e-05, 0.000240668581682, 3.29747526848e-05, 3.35928452841e-05, 7.92540140537e-06, 2.13944217897e-09, 9.90005322166e-09, 3.61660106307e-08, 1.21469515002e-10, 6.51913661942e-11, 1.06148510121e-11, 7.8910896914e-12, 2.30360381378e-13, 5.48042548029e-14, 7.87549793836e-16, 1.57125374045e-15, 5.29235238109e-16, 1.13671530354e-16, 3.70053185019e-18, 2.52090922417e-18, 2.27153288105e-18, 2.18647762097e-18, 2.49542068757e-18]
    },
    "erbbands": {
        "dmean": [0.00445561017841, 0.0186617393047, 0.0988065004349, 0.599378526211, 2.65704846382, 2.36226391792, 4.68662118912, 15.1578874588, 11.419667244, 15.2447023392, 18.8603076935, 10.9359283447, 1.34430265427, 0.826360821724, 0.949643731117, 0.735504031181, 0.159047096968, 0.0614468641579, 0.0568069331348, 0.0268263090402, 0.0206361636519, 0.00455213943496, 0.00257912953384, 0.00080937508028, 0.000573066587094, 0.000725498131942, 0.000336230237735, 0.000244410446612, 0.000103341502836, 6.2742663431e-05, 3.12299125653e-05, 2.34742728935e-05, 1.77281453944e-05, 1.19472615552e-05, 7.79366018833e-06, 4.65744824396e-06, 2.34346589423e-06, 7.15532735285e-07, 1.79168523573e-06, 4.23418214268e-06],
        "dmean2": [0.00767552666366, 0.0314436927438, 0.155051350594, 0.853510499001, 3.77043843269, 3.17929673195, 7.71507692337, 23.706413269, 16.4163818359, 21.2860012054, 27.4896717072, 19.365486145, 2.16371464729, 1.15892553329, 1.24679005146, 1.00841796398, 0.259491980076, 0.0975294932723, 0.0857181549072, 0.0378829538822, 0.026416009292, 0.0066181095317, 0.00386805436574, 0.00127695361152, 0.000913208408747, 0.00114890909754, 0.000521086272784, 0.000397552212235, 0.000177048699697, 0.000108647196612, 5.52578385395e-05, 4.16784314439e-05, 3.11272851832e-05, 2.08499441214e-05, 1.33275543703e-05, 7.75017633714e-06, 3.81869631383e-06, 1.22657752399e-06, 2.52572363024e-06, 6.02386035098e-06],
        "dvar": [3.40316000802e-05, 0.00111358985305, 0.0892829075456, 3.29788208008, 102.969848633, 31.2805042267, 818.224731445, 3029.25390625, 589.271789551, 908.99230957, 3837.35571289, 3351.90332031, 25.317445755, 5.43503046036, 4.38264989853, 7.02600240707, 0.17182585597, 0.0174084864557, 0.0316570997238, 0.00561849679798, 0.0102070663124, 0.000141836615512, 3.99973505409e-05, 2.03562922252e-06, 5.04839306359e-07, 1.66933205037e-06, 2.37902057165e-07, 2.55643271885e-07, 1.38804949756e-07, 2.9845747207e-08, 2.24597407339e-09, 1.2927786619e-09, 7.47446937677e-10, 3.29312133118e-10, 1.37172231907e-10, 4.92187055001e-11, 1.29489466025e-11, 1.130892038e-12, 1.54320167756e-11, 8.77248343412e-11],
        "dvar2": [8.86363268364e-05, 0.00301582645625, 0.213196799159, 5.60236978531, 169.282974243, 54.9377555847, 1731.94250488, 5854.93603516, 1152.1270752, 1753.06311035, 7772.72705078, 9833.07519531, 65.6765823364, 9.8217048645, 9.08806705475, 14.5284166336, 0.47150811553, 0.0437500551343, 0.0673062950373, 0.00999938882887, 0.0138421654701, 0.000234759238083, 7.49619357521e-05, 5.03571027366e-06, 1.1824899957e-06, 3.02493322124e-06, 5.03489786752e-07, 6.13560871443e-07, 3.420753103e-07, 8.012430186e-08, 7.0902856919e-09, 4.06633038352e-09, 2.29705809929e-09, 1.00975516837e-09, 4.06602918002e-10, 1.36528635619e-10, 3.34732103147e-11, 3.42318621366e-12, 2.86714159359e-11, 1.62235128109e-10],
        "max": [0.0525332577527, 0.296877354383, 7.41667222977, 48.6451263428, 174.626663208, 136.551300049, 631.458068848, 1207.59960938, 451.662811279, 522.61920166, 1326.99914551, 874.345214844, 64.651473999, 29.8472042084, 31.9760627747, 47.4397621155, 6.08127307892, 1.77083826065, 2.86064887047, 1.10841262341, 2.14738368988, 0.219245925546, 0.137425616384, 0.0245114695281, 0.00996779836714, 0.0250248257071, 0.00910922791809, 0.00671420898288, 0.0074952756986, 0.00299272639677, 0.000388896500226, 0.000315777288051, 0.000251628691331, 0.000194866981474, 0.000144879304571, 9.98022514977e-05, 5.52616475034e-05, 1.220212107e-05, 6.87116698828e-05, 0.000163665463333],
        "mean": [0.00539769651368, 0.0279129911214, 0.230388760567, 2.83594965935, 8.55857944489, 11.2453699112, 18.3241786957, 74.980506897, 66.1661148071, 58.6077804565, 49.5148239136, 23.5993156433, 4.80314207077, 1.98632657528, 2.23002099991, 1.7705078125, 0.449943006039, 0.177697435021, 0.150765106082, 0.0711342543364, 0.042966093868, 0.0114753535017, 0.00754077499732, 0.00219621392898, 0.00140700174961, 0.00155099085532, 0.000611932773609, 0.000332806637743, 0.000110315260827, 6.26869514235e-05, 3.6960675061e-05, 3.09865390591e-05, 2.68387939286e-05, 2.21761110879e-05, 1.77859019459e-05, 1.31229635372e-05, 7.60081820772e-06, 1.57752754149e-06, 9.62719150266e-06, 2.26184984058e-05],
        "median": [0.00308496574871, 0.0127523802221, 0.0259599480778, 0.177822798491, 2.02879667282, 1.27161741257, 3.10019993782, 27.4741210938, 23.3067436218, 20.7883739471, 9.24462509155, 2.57354044914, 1.31026923656, 0.728044569492, 1.0402545929, 0.508304655552, 0.251543581486, 0.0701457187533, 0.0314751714468, 0.0160048604012, 0.00700257625431, 0.00428864825517, 0.00291373301297, 0.00155745400116, 0.00115553743672, 0.000977606629021, 0.000291763659334, 4.6770543122e-05, 2.73527202808e-05, 2.04815114557e-05, 1.91220970009e-05, 1.75846143975e-05, 1.63993208844e-05, 1.45567200889e-05, 1.23094223454e-05, 9.52695336309e-06, 5.59597037864e-06, 1.10163034606e-06, 7.21670176063e-06, 1.69012510014e-05],
        "min": [7.77475181113e-23, 5.0738503487e-22, 4.05604095567e-21, 1.09808194005e-20, 1.0651079682e-20, 2.36706440297e-20, 7.75596595578e-20, 2.00632399081e-19, 1.74047473353e-19, 2.61938967728e-19, 3.93544566408e-19, 5.607862691e-19, 6.43314802597e-19, 1.18985381622e-18, 1.72761334162e-18, 1.80921005616e-18, 1.74762004891e-18, 3.51935199908e-18, 2.52946847556e-18, 2.6306357664e-18, 5.01591859617e-18, 6.02304531995e-18, 7.1007681867e-18, 8.12851528238e-18, 9.27685621238e-18, 1.13406015303e-17, 1.22003507252e-17, 1.06397198168e-17, 1.02164465343e-17, 1.1935148349e-17, 1.46440349877e-17, 1.30637618485e-17, 1.02996898552e-17, 9.66291794787e-18, 6.73002294102e-18, 4.56997766973e-18, 2.62754087014e-18, 9.33942229276e-19, 2.91347435703e-19, 2.89799367187e-20],
        "stdev": [0.00663986522704, 0.0452519245446, 0.723285973072, 7.28911304474, 19.1197814941, 24.9633731842, 59.5222511292, 135.817810059, 93.1525268555, 85.9461135864, 136.273223877, 80.9050216675, 9.8591966629, 3.48224377632, 3.77978372574, 5.12256669998, 0.63361620903, 0.250725388527, 0.351768553257, 0.154461145401, 0.159711956978, 0.0235638022423, 0.016732821241, 0.00242845807225, 0.00129205884878, 0.00250304187648, 0.000966634135693, 0.000815004226752, 0.000436652771896, 0.000192895531654, 5.17314510944e-05, 4.11946493841e-05, 3.34785690939e-05, 2.54163696809e-05, 1.92481875274e-05, 1.36392227432e-05, 7.74753880251e-06, 1.62631431522e-06, 9.83497102425e-06, 2.32502043218e-05],
        "var": [4.40878102381e-05, 0.00204773666337, 0.523142576218, 53.1311721802, 365.566040039, 623.16998291, 3542.8984375, 18446.4785156, 8677.39355469, 7386.734375, 18570.3925781, 6545.62304688, 97.2037506104, 12.1260213852, 14.2867650986, 26.240688324, 0.401469498873, 0.0628632232547, 0.123741112649, 0.0238582473248, 0.0255079083145, 0.000555252772756, 0.000279987318208, 5.89740830037e-06, 1.66941606494e-06, 6.26521841696e-06, 9.34381546358e-07, 6.64231890823e-07, 1.90665630839e-07, 3.72086859102e-08, 2.67614286287e-09, 1.69699920782e-09, 1.12081455228e-09, 6.45991815595e-10, 3.70492692081e-10, 1.86028401017e-10, 6.0024360482e-11, 2.64489840619e-12, 9.67266544638e-11, 5.40572031582e-10]
    },
    "gfcc": {
        "mean": [-330.121917725, 241.121490479, -58.7675666809, -61.4430580139, -43.3714332581, -36.7865867615, -22.4473571777, -8.17236995697, -10.1431789398, -1.68677937984, 6.43775081635, -10.7855110168, -0.906472504139],
        "cov": [[43340.7382812, 11302.1923828, -3270.84667969, -3883.94506836, -1951.16223145, -2376.60327148, -1351.47143555, -1041.83203125, -454.805236816, -268.417816162, 261.586334229, -732.215881348, -41.0666160583], [11302.1923828, 3335.83007812, -910.657958984, -1217.21118164, -424.249969482, -645.698852539, -350.413879395, -225.662841797, -138.081253052, -107.740211487, 103.898895264, -262.42288208, -79.2930908203], [-3270.84667969, -910.657958984, 904.133789062, 460.66293335, -41.7096977234, 223.856124878, 99.2426834106, 114.139686584, 42.5970001221, -57.7935943604, -59.0929908752, 83.9678344727, -30.4947929382], [-3883.94506836, -1217.21118164, 460.66293335, 829.032714844, 210.595825195, 269.364379883, 210.070709229, 146.743515015, 10.1782455444, 30.5734958649, -108.27986145, 55.1107215881, -33.4844665527], [-1951.16223145, -424.249969482, -41.7096977234, 210.595825195, 340.791137695, 141.99520874, 20.278924942, 70.3765335083, 21.9590549469, 18.7349452972, -11.4327440262, -33.292263031, -59.1557693481], [-2376.60327148, -645.698852539, 223.856124878, 269.364379883, 141.99520874, 313.09765625, 121.512962341, 73.7906799316, 21.2072582245, 26.2163982391, -8.82994556427, 69.3566055298, -12.2046461105], [-1351.47143555, -350.413879395, 99.2426834106, 210.070709229, 20.278924942, 121.512962341, 239.791320801, 129.369232178, -13.3456001282, 10.0494337082, -37.7364196777, 5.38029575348, 1.21792650223], [-1041.83203125, -225.662841797, 114.139686584, 146.743515015, 70.3765335083, 73.7906799316, 129.369232178, 269.472045898, 109.075447083, -17.8400535583, -59.2182426453, -26.1037330627, -46.2008285522], [-454.805236816, -138.081253052, 42.5970001221, 10.1782455444, 21.9590549469, 21.2072582245, -13.3456001282, 109.075447083, 169.491821289, 37.7950592041, -35.5269355774, 20.2312774658, 17.8957977295], [-268.417816162, -107.740211487, -57.7935943604, 30.5734958649, 18.7349452972, 26.2163982391, 10.0494337082, -17.8400535583, 37.7950592041, 113.032752991, 57.7575569153, 45.1540603638, 58.1795425415], [261.586334229, 103.898895264, -59.0929908752, -108.27986145, -11.4327440262, -8.82994556427, -37.7364196777, -59.2182426453, -35.5269355774, 57.7575569153, 135.659744263, 65.7805557251, 36.9901504517], [-732.215881348, -262.42288208, 83.9678344727, 55.1107215881, -33.292263031, 69.3566055298, 5.38029575348, -26.1037330627, 20.2312774658, 45.1540603638, 65.7805557251, 150.78427124, 112.255577087], [-41.0666160583, -79.2930908203, -30.4947929382, -33.4844665527, -59.1557693481, -12.2046461105, 1.21792650223, -46.2008285522, 17.8957977295, 58.1795425415, 36.9901504517, 112.255577087, 209.941543579]],
        "icov": [[0.000449258921435, -0.00143854587805, 0.000745055556763, -0.00106483465061, 0.00162177730817, -0.000491468585096, 0.000935933319852, 0.000208295241464, -0.000513280218001, 0.00047655715025, -0.000364572042599, 0.000628216483165, -0.00040823299787], [-0.00143854587805, 0.00568040087819, -0.00180201081093, 0.00397652946413, -0.00406796298921, 0.00173070956953, -0.00214711623266, -0.00131712446455, 0.00220069009811, -0.00109330471605, 0.000312678195769, -0.000372772599803, 0.00117312185466], [0.000745055556763, -0.00180201081093, 0.00478961598128, -0.00478783622384, 0.00645925430581, -0.0034236041829, 0.00263238581829, 0.00102145248093, -0.00479841651395, 0.00745119713247, -0.00689859455451, 0.00578846037388, -0.00230772979558], [-0.00106483465061, 0.00397652946413, -0.00478783622384, 0.0103100016713, -0.00844714883715, 0.0042714397423, -0.00234513985924, -0.00457514310256, 0.0114398021251, -0.013834011741, 0.015339593403, -0.0123495692387, 0.00587660633028], [0.00162177730817, -0.00406796298921, 0.00645925430581, -0.00844714883715, 0.0157930087298, -0.00751165626571, 0.00720137543976, 0.000359455327271, -0.00671149417758, 0.00955892074853, -0.0122701367363, 0.0142169306055, -0.00509432237595], [-0.000491468585096, 0.00173070956953, -0.0034236041829, 0.0042714397423, -0.00751165626571, 0.0106046535075, -0.0048411116004, -0.000602389976848, 0.00458738440648, -0.00735204527155, 0.00850863568485, -0.011778742075, 0.00558224925771], [0.000935933319852, -0.00214711623266, 0.00263238581829, -0.00234513985924, 0.00720137543976, -0.0048411116004, 0.0156308338046, -0.0095199001953, 0.0094016045332, -0.00579964602366, 0.00410916469991, 0.00202580890618, -0.00205889996141], [0.000208295241464, -0.00131712446455, 0.00102145248093, -0.00457514310256, 0.000359455327271, -0.000602389976848, -0.0095199001953, 0.0161884091794, -0.018516285345, 0.0150399524719, -0.0130339944735, 0.00869909022003, -0.0022985143587], [-0.000513280218001, 0.00220069009811, -0.00479841651395, 0.0114398021251, -0.00671149417758, 0.00458738440648, 0.0094016045332, -0.018516285345, 0.0355442091823, -0.0320112854242, 0.0323484688997, -0.0229346957058, 0.00850940775126], [0.00047655715025, -0.00109330471605, 0.00745119713247, -0.013834011741, 0.00955892074853, -0.00735204527155, -0.00579964602366, 0.0150399524719, -0.0320112854242, 0.0470213778317, -0.0407762899995, 0.0279831122607, -0.0139144388959], [-0.000364572042599, 0.000312678195769, -0.00689859455451, 0.015339593403, -0.0122701367363, 0.00850863568485, 0.00410916469991, -0.0130339944735, 0.0323484688997, -0.0407762899995, 0.052337680012, -0.0385843738914, 0.0155885042623], [0.000628216483165, -0.000372772599803, 0.00578846037388, -0.0123495692387, 0.0142169306055, -0.011778742075, 0.00202580890618, 0.00869909022003, -0.0229346957058, 0.0279831122607, -0.0385843738914, 0.0466270558536, -0.0198559071869], [-0.00040823299787, 0.00117312185466, -0.00230772979558, 0.00587660633028, -0.00509432237595, 0.00558224925771, -0.00205889996141, -0.0022985143587, 0.00850940775126, -0.0139144388959, 0.0155885042623, -0.0198559071869, 0.0151247363538]]
    },
    "melbands": {
        "dmean": [3.55206939275e-05, 4.30796389992e-05, 0.000166589059518, 0.000185036828043, 0.000148315230035, 0.000336701894412, 0.000173958498635, 0.000173271095264, 0.00014769534755, 5.74674850213e-05, 4.16446482632e-06, 3.0252660963e-06, 3.61656702808e-06, 3.19725290865e-06, 6.00081989433e-07, 2.57707711171e-07, 1.02952675718e-07, 1.10318019608e-07, 4.04193727377e-08, 2.60852139888e-08, 2.71777018668e-08, 4.29270796687e-09, 2.76973088909e-09, 1.73940051251e-09, 6.40694497456e-10, 5.44512046563e-10, 3.95547178345e-10, 5.59108870313e-10, 2.45175213465e-10, 1.74302725031e-10, 1.35444586102e-10, 5.90872351047e-11, 4.59322857527e-11, 2.96369422059e-11, 1.78010314822e-11, 1.55156894277e-11, 1.3588100263e-11, 1.21741583828e-11, 1.09080574434e-11, 9.27544412804e-12],
        "dmean2": [6.06798057561e-05, 6.66692867526e-05, 0.000236859952565, 0.000253978651017, 0.000239140630583, 0.000527738709934, 0.000249061296927, 0.000243860224145, 0.00022186638671, 0.000103472688352, 6.10328152106e-06, 4.30482396041e-06, 4.79388654639e-06, 4.17769433625e-06, 9.46793420553e-07, 4.35998771309e-07, 1.60768749424e-07, 1.6740311537e-07, 5.87018220699e-08, 3.60586227544e-08, 3.48905153658e-08, 6.70080613219e-09, 4.31839364268e-09, 2.66560262752e-09, 1.04896968889e-09, 8.73282890446e-10, 6.29341134761e-10, 8.98747132272e-10, 3.95866839309e-10, 2.72800171341e-10, 2.25935298248e-10, 1.05086397917e-10, 7.8373342538e-11, 5.20529522263e-11, 3.19936681314e-11, 2.7860701593e-11, 2.44412528411e-11, 2.17893272869e-11, 1.94904353074e-11, 1.66491161135e-11],
        "dvar": [2.1421966423e-09, 1.23144223707e-08, 2.59490832377e-07, 3.38572078817e-07, 6.95298751907e-07, 1.50415041844e-06, 1.31696282324e-07, 1.34053138368e-07, 2.39978248828e-07, 1.05614105905e-07, 2.51275722452e-10, 7.75491545979e-11, 3.60137683564e-11, 2.03082106687e-10, 3.27692343746e-12, 5.49275414648e-13, 5.0768264782e-14, 1.55024268162e-13, 1.43031914708e-14, 6.21781602646e-15, 2.02887514867e-14, 1.27970942046e-16, 3.17434662883e-17, 2.06309962078e-17, 1.17695248701e-18, 5.72891230184e-19, 2.14309067952e-19, 1.28968324582e-18, 1.02779246137e-19, 1.05769930566e-19, 8.4608724717e-20, 4.81885891941e-20, 3.35532115303e-20, 4.97360478263e-21, 7.60836324951e-22, 5.77862852641e-22, 4.42474277927e-22, 3.53052666026e-22, 2.97896420301e-22, 2.0734378381e-22],
        "dvar2": [5.60793189663e-09, 2.86478396561e-08, 4.20342729512e-07, 5.61106844543e-07, 1.43926467899e-06, 2.89278273158e-06, 2.50895226372e-07, 2.46182850105e-07, 5.1661714906e-07, 3.1162983305e-07, 5.04240482702e-10, 1.42468065123e-10, 6.3645928805e-11, 4.05312949869e-10, 8.20928047762e-12, 1.55391888593e-12, 1.19893176875e-13, 3.34699607439e-13, 2.11511123422e-14, 1.22288458995e-14, 2.70381132983e-14, 2.96174096202e-16, 7.01670314454e-17, 3.96414728037e-17, 3.04707591668e-18, 1.42568611079e-18, 5.10074100491e-19, 2.29638407498e-18, 2.45498934e-19, 2.32988421771e-19, 2.09411499566e-19, 1.24623160334e-19, 7.93232150862e-20, 1.4095826491e-20, 2.40916676523e-21, 1.83059027746e-21, 1.40063033748e-21, 1.11149204027e-21, 9.20626071403e-22, 6.56621816651e-22],
        "max": [0.000409345171647, 0.00271124113351, 0.00951943639666, 0.0106203556061, 0.0183949545026, 0.0269446205348, 0.00666517997161, 0.00523463170975, 0.0105011053383, 0.0049277828075, 0.000301169813611, 0.000107914274849, 5.92083670199e-05, 0.000269201322226, 2.24935320148e-05, 1.26355807879e-05, 2.93018229058e-06, 6.3471179601e-06, 2.79550090454e-06, 1.26053225813e-06, 3.08648964165e-06, 2.28577292205e-07, 8.34822131424e-08, 8.68207052918e-08, 1.8321550499e-08, 1.1081893625e-08, 6.15869266696e-09, 2.23882938855e-08, 5.71363312218e-09, 5.17318632376e-09, 3.66101171601e-09, 3.67068220264e-09, 3.9725551737e-09, 9.28099708197e-10, 2.08230335752e-10, 1.81704581936e-10, 1.58789884019e-10, 1.39359038198e-10, 1.32438254807e-10, 1.09450247476e-10],
        "mean": [4.86657809233e-05, 0.000108614265628, 0.000686163490172, 0.000712395878509, 0.00062241096748, 0.00168287544511, 0.000998795963824, 0.000616031698883, 0.000363421713701, 0.000120013195556, 1.8344981072e-05, 6.88408681526e-06, 8.37546758703e-06, 7.07694607627e-06, 1.43741226566e-06, 7.7427563383e-07, 2.55573070262e-07, 2.72233137366e-07, 1.16123480609e-07, 5.8610037712e-08, 5.25554533226e-08, 1.05960245023e-08, 7.14788361833e-09, 4.72979744259e-09, 1.46173662063e-09, 1.15060538874e-09, 7.96596566488e-10, 1.13657616652e-09, 4.11104233988e-10, 2.16928294772e-10, 1.71285027828e-10, 5.56848664401e-11, 3.95509423823e-11, 2.5269506973e-11, 1.55008471336e-11, 1.36771557621e-11, 1.20185519523e-11, 1.09225978956e-11, 9.87429582544e-12, 8.60251540141e-12],
        "median": [2.99630773952e-05, 1.57789236255e-05, 8.30988865346e-05, 0.000144291188917, 6.44493848085e-05, 0.00068010186078, 0.000322320236592, 0.000244268798269, 4.98197623529e-05, 9.64768969425e-06, 2.95373479275e-06, 2.22283188123e-06, 3.689299092e-06, 1.3433220829e-06, 5.63083574434e-07, 2.61554617964e-07, 6.77523033232e-08, 2.13967670248e-08, 2.30088996744e-08, 1.06608224471e-08, 4.94331731105e-09, 2.96276625456e-09, 2.72217626218e-09, 1.75563608096e-09, 1.05876474255e-09, 8.70473970682e-10, 6.25773766139e-10, 5.99573501958e-10, 2.09191677869e-10, 1.94175370227e-11, 1.56222725728e-11, 1.08664622439e-11, 7.0646140847e-12, 6.0359308697e-12, 5.20142609539e-12, 4.61243369887e-12, 4.24533411897e-12, 4.03576868105e-12, 3.62171924395e-12, 3.24931748175e-12],
        "min": [6.80534131286e-25, 2.64413731149e-24, 2.88620854938e-24, 1.03568197322e-24, 2.46427091143e-24, 4.60809390139e-24, 2.29422760458e-24, 2.57693898414e-24, 3.14278358665e-24, 3.49328158658e-24, 3.05900498079e-24, 4.10876782535e-24, 5.91399475427e-24, 3.82874074223e-24, 4.78659734702e-24, 3.53102424216e-24, 5.82999684508e-24, 3.56976914552e-24, 3.08691113253e-24, 4.32446961254e-24, 4.52590603355e-24, 5.68120702874e-24, 5.77761017009e-24, 5.54310588323e-24, 5.85086024388e-24, 5.3502333362e-24, 4.80212765166e-24, 6.94406408076e-24, 5.90958107751e-24, 6.99857042501e-24, 5.3349574392e-24, 4.57691851284e-24, 6.18320813211e-24, 5.90183051911e-24, 8.41081524994e-24, 6.22046603266e-24, 8.04329757598e-24, 6.37630629335e-24, 7.25477982525e-24, 6.76783570998e-24],
