{
"metadata": {
    "version": {
        "essentia": "2.1-beta6-dev",
        "essentia_git_sha": "v2.1_beta5-778-gc9eadba6",
        "extractor": "music 2.0"
    },
    "audio_properties": {
        "analysis": {
            "equal_loudness": 0,
            "length": 13.9999771118,
            "sample_rate": 44100,
            "start_time": 0,
            "downmix": "mix"
        },
        "bit_rate": 128000,
        "length": 14,
        "lossless": 0,
        "number_channels": 2,
        "replay_gain": -12.6097927094,
        "sample_rate": 48000,
        "codec": "mp3",
        "md5_encoded": "fab7edfc7736236e71989d6509af792b"
    },
    "tags": {
        "file_name": "billieeilish-badguy.mp3",
        "encoding": ["Lavf59.16.100"]
    }
},
"lowlevel": {
    "average_loudness": 0.977798342705,
    "barkbands_crest": {
        "dmean": 3.18089413643,
        "dmean2": 5.38845157623,
        "dvar": 11.8827552795,
        "dvar2": 30.2528686523,
        "max": 26.6011695862,
        "mean": 17.861995697,
        "median": 18.3116378784,
        "min": 3.23577427864,
        "stdev": 4.1159453392,
        "var": 16.9410076141
    },
    "barkbands_flatness_db": {
        "dmean": 0.070958815515,
        "dmean2": 0.11140422523,
        "dvar": 0.00505516771227,
        "dvar2": 0.0129102636129,
        "max": 0.898885428905,
        "mean": 0.591808378696,
        "median": 0.600562870502,
        "min": 0.0401783697307,
        "stdev": 0.111661486328,
        "var": 0.01246828679
    },
    "barkbands_kurtosis": {
        "dmean": 16.0194206238,
        "dmean2": 28.3139591217,
        "dvar": 1125.39892578,
        "dvar2": 3198.28344727,
        "max": 279.519897461,
        "mean": 18.1390800476,
        "median": 9.32015419006,
        "min": -1.08358919621,
        "stdev": 29.3607597351,
        "var": 862.054260254
    },
    "barkbands_skewness": {
        "dmean": 1.08147466183,
        "dmean2": 1.85295414925,
        "dvar": 2.51490283012,
        "dvar2": 7.33633565903,
        "max": 12.3670892715,
        "mean": 2.16039037704,
        "median": 1.84055447578,
        "min": -1.81839537621,
        "stdev": 1.55371451378,
        "var": 2.41402888298
    },
    "barkbands_spread": {
        "dmean": 0.463190674782,
        "dmean2": 0.792969107628,
        "dvar": 4.79578208923,
        "dvar2": 11.7802267075,
        "max": 49.6213569641,
        "mean": 0.822121739388,
        "median": 0.486042171717,
        "min": 0.0369162894785,
        "stdev": 2.85578107834,
        "var": 8.1554851532
    },
    "dissonance": {
        "dmean": 0.0571728497744,
        "dmean2": 0.0943635925651,
        "dvar": 0.00336255994625,
        "dvar2": 0.00874299742281,
        "max": 0.499260663986,
        "mean": 0.381849080324,
        "median": 0.393719851971,
        "min": 0.101573452353,
        "stdev": 0.0755692720413,
        "var": 0.00571071496233
    },
    "dynamic_complexity": 3.81234788895,
    "erbbands_crest": {
        "dmean": 3.59128475189,
        "dmean2": 5.88870859146,
        "dvar": 12.7269802094,
        "dvar2": 33.1385688782,
        "max": 27.4967651367,
        "mean": 16.7406387329,
        "median": 17.0027236938,
        "min": 2.82232737541,
        "stdev": 4.32096099854,
        "var": 18.6707019806
    },
    "erbbands_flatness_db": {
        "dmean": 0.0432002283633,
        "dmean2": 0.0686516314745,
        "dvar": 0.00176832312718,
        "dvar2": 0.00458242092282,
        "max": 0.531538069248,
        "mean": 0.387007087469,
        "median": 0.394944429398,
        "min": 0.0801303908229,
        "stdev": 0.0759189203382,
        "var": 0.00576368207112
    },
    "erbbands_kurtosis": {
        "dmean": 13.6407709122,
        "dmean2": 22.0361404419,
        "dvar": 252.282775879,
        "dvar2": 569.54107666,
        "max": 139.84147644,
        "mean": 26.4289550781,
        "median": 20.5836715698,
        "min": -1.04010725021,
        "stdev": 22.7309513092,
        "var": 516.696166992
    },
    "erbbands_skewness": {
        "dmean": 0.915364801884,
        "dmean2": 1.40696167946,
        "dvar": 0.879801750183,
        "dvar2": 2.04604434967,
        "max": 9.73573112488,
        "mean": 2.98480224609,
        "median": 2.77372217178,
        "min": -0.657798588276,
        "stdev": 1.53998708725,
        "var": 2.37156033516
    },
    "erbbands_spread": {
        "dmean": 2.81978368759,
        "dmean2": 4.84901237488,
        "dvar": 78.5640640259,
        "dvar2": 211.19140625,
        "max": 96.4717483521,
        "mean": 4.59688997269,
        "median": 2.54720258713,
        "min": 0.735148906708,
        "stdev": 8.70597648621,
        "var": 75.7940292358
    },
    "hfc": {
        "dmean": 3.9922349453,
        "dmean2": 5.94639873505,
        "dvar": 50.4967498779,
        "dvar2": 120.388420105,
        "max": 47.5929336548,
        "mean": 7.70382261276,
        "median": 6.16816616058,
        "min": 1.2633893455e-16,
        "stdev": 8.19253826141,
        "var": 67.1176834106
    },
    "loudness_ebu128": {
        "integrated": -8.56868934631,
        "loudness_range": 1.42128992081,
        "momentary": {
            "dmean": 0.71217083931,
            "dmean2": 1.00507819653,
            "dvar": 1.11122989655,
            "dvar2": 1.22276937962,
            "max": -6.3299241066,
            "mean": -9.30129814148,
            "median": -8.52577495575,
            "min": -29.2797451019,
            "stdev": 3.16736483574,
            "var": 10.0321998596
        },
        "short_term": {
            "dmean": 0.117768809199,
            "dmean2": 0.168825089931,
            "dvar": 0.00737479375675,
            "dvar2": 0.0148880491033,
            "max": -7.34344625473,
            "mean": -8.37651538849,
            "median": -8.50318717957,
            "min": -9.68156337738,
            "stdev": 0.51037967205,
            "var": 0.260487437248
        }
    },
    "melbands_crest": {
        "dmean": 2.63986134529,
        "dmean2": 4.38481283188,
        "dvar": 8.44502353668,
        "dvar2": 21.1047744751,
        "max": 37.0993728638,
        "mean": 21.0551528931,
        "median": 20.528591156,
        "min": 2.17776203156,
        "stdev": 3.96774339676,
        "var": 15.7429876328
    },
    "melbands_flatness_db": {
        "dmean": 0.0764550343156,
        "dmean2": 0.118806198239,
        "dvar": 0.00635452242568,
        "dvar2": 0.015693468973,
        "max": 1,
        "mean": 0.745694696903,
        "median": 0.754325807095,
        "min": 0.00580459320918,
        "stdev": 0.130390778184,
        "var": 0.0170017555356
    },
    "melbands_kurtosis": {
        "dmean": 10.9128684998,
        "dmean2": 18.8524036407,
        "dvar": 2756.02124023,
        "dvar2": 7971.49853516,
        "max": 908.393005371,
        "mean": 13.3116645813,
        "median": 6.86073493958,
        "min": -1.2157099247,
        "stdev": 41.8578147888,
        "var": 1752.07653809
    },
    "melbands_skewness": {
        "dmean": 0.672057807446,
        "dmean2": 1.14124834538,
        "dvar": 2.01855587959,
        "dvar2": 5.5134510994,
        "max": 22.5772514343,
        "mean": 1.55980789661,
        "median": 1.31286513805,
        "min": -0.35388469696,
        "stdev": 1.41583991051,
        "var": 2.00460267067
    },
    "melbands_spread": {
        "dmean": 0.494687259197,
        "dmean2": 0.82467019558,
        "dvar": 24.7000427246,
        "dvar2": 44.3167800903,
        "max": 146.465332031,
        "mean": 1.26889896393,
        "median": 0.513476729393,
        "min": 0.122583530843,
        "stdev": 9.41509246826,
        "var": 88.6439590454
    },
    "pitch_salience": {
        "dmean": 0.100491836667,
        "dmean2": 0.16777575016,
        "dvar": 0.0133333839476,
        "dvar2": 0.034203864634,
        "max": 0.871355116367,
        "mean": 0.35307636857,
        "median": 0.348563730717,
        "min": 0.0656898617744,
        "stdev": 0.129482001066,
        "var": 0.0167655888945
    },
    "silence_rate_20dB": {
        "dmean": 0.00663349917158,
        "dmean2": 0.0132890362293,
        "dvar": 0.00658951560035,
        "dvar2": 0.0197568815202,
        "max": 1,
        "mean": 0.996688723564,
        "median": 1,
        "min": 0,
        "stdev": 0.0574481934309,
        "var": 0.00330029497854
    },
    "silence_rate_30dB": {
        "dmean": 0.129353240132,
        "dmean2": 0.259136199951,
        "dvar": 0.112620785832,
        "dvar2": 0.228530272841,
        "max": 1,
        "mean": 0.789735078812,
        "median": 1,
        "min": 0,
        "stdev": 0.407496958971,
        "var": 0.166053771973
    },
    "silence_rate_60dB": {
        "dmean": 0.0663349926472,
        "dmean2": 0.132890358567,
        "dvar": 0.0619347654283,
        "dvar2": 0.141808763146,
        "max": 1,
        "mean": 0.0894039720297,
        "median": 0,
        "min": 0,
        "stdev": 0.285326391459,
        "var": 0.0814111456275
    },
    "spectral_centroid": {
        "dmean": 45.6076011658,
        "dmean2": 68.7737960815,
        "dvar": 117474.53125,
        "dvar2": 139646.671875,
        "max": 11325.9892578,
        "mean": 165.994140625,
        "median": 127.279769897,
        "min": 75.8426971436,
        "stdev": 502.591339111,
        "var": 252598.046875
    },
    "spectral_complexity": {
        "dmean": 0.991708099842,
        "dmean2": 1.60132884979,
        "dvar": 1.45763790607,
        "dvar2": 3.26962280273,
        "max": 9,
        "mean": 3.06622505188,
        "median": 3,
        "min": 0,
        "stdev": 1.65549230576,
        "var": 2.74065470695
    },
    "spectral_decrease": {
        "dmean": 9.56778478667e-09,
        "dmean2": 1.43105429729e-08,
        "dvar": 2.38240430742e-16,
        "dvar2": 4.69985918723e-16,
        "max": 7.23601069982e-29,
        "mean": -2.24447518349e-08,
        "median": -2.00408312168e-08,
        "min": -9.14508149208e-08,
        "stdev": 2.05518553287e-08,
        "var": 4.22378723091e-16
    },
    "spectral_energy": {
        "dmean": 0.0364292785525,
        "dmean2": 0.0545000545681,
        "dvar": 0.00345789105631,
        "dvar2": 0.00682352064177,
        "max": 0.348304063082,
        "mean": 0.0854103043675,
        "median": 0.0761900916696,
        "min": 1.1186204146e-20,
        "stdev": 0.0782660618424,
        "var": 0.00612557632849
    },
    "spectral_energyband_high": {
        "dmean": 6.0824402226e-07,
        "dmean2": 1.06180164039e-06,
        "dvar": 7.02817708545e-12,
        "dvar2": 1.93273348714e-11,
        "max": 4.32910237578e-05,
        "mean": 6.17448677076e-07,
        "median": 7.83967308848e-08,
        "min": 7.82824990909e-21,
        "stdev": 2.35156517192e-06,
        "var": 5.52985868901e-12
    },
    "spectral_energyband_low": {
        "dmean": 0.0355743430555,
        "dmean2": 0.0530234836042,
        "dvar": 0.00330467615277,
        "dvar2": 0.00678866030648,
        "max": 0.34493497014,
        "mean": 0.0811205282807,
        "median": 0.0727667510509,
        "min": 1.26562761041e-22,
        "stdev": 0.0743257850409,
        "var": 0.00552432239056
    },
    "spectral_energyband_middle_high": {
        "dmean": 4.03550548072e-05,
        "dmean2": 7.73648716859e-05,
        "dvar": 1.65159512733e-08,
        "dvar2": 4.7609997722e-08,
        "max": 0.000767058809288,
        "mean": 2.37892290897e-05,
        "median": 1.3184811678e-06,
        "min": 1.61415087693e-21,
        "stdev": 9.52825866989e-05,
        "var": 9.07877151235e-09
    },
    "spectral_energyband_middle_low": {
        "dmean": 0.00779063254595,
        "dmean2": 0.0148319313303,
        "dvar": 0.000440625764895,
        "dvar2": 0.00126959744375,
        "max": 0.152872383595,
        "mean": 0.00800214428455,
        "median": 0.00288591952994,
        "min": 4.15798788645e-22,
        "stdev": 0.0163020715117,
        "var": 0.000265757524176
    },
    "spectral_entropy": {
        "dmean": 0.395625770092,
        "dmean2": 0.616719305515,
        "dvar": 0.233548641205,
        "dvar2": 0.547472119331,
        "max": 9.80731391907,
        "mean": 4.49783611298,
        "median": 4.32523822784,
        "min": 3.44964075089,
        "stdev": 0.738790035248,
        "var": 0.545810759068
    },
    "spectral_flux": {
        "dmean": 0.0676568225026,
        "dmean2": 0.101334109902,
        "dvar": 0.0077945147641,
        "dvar2": 0.0132053103298,
        "max": 0.603162229061,
        "mean": 0.116248108447,
        "median": 0.0498942658305,
        "min": 1.05764855207e-10,
        "stdev": 0.132775098085,
        "var": 0.017629224807
    },
    "spectral_kurtosis": {
        "dmean": 117.206962585,
        "dmean2": 209.671676636,
        "dvar": 49387.6953125,
        "dvar2": 165279.71875,
        "max": 1878.82434082,
        "mean": 190.160125732,
        "median": 113.73348999,
        "min": -1.20593690872,
        "stdev": 226.914215088,
        "var": 51490.0585938
    },
    "spectral_rms": {
        "dmean": 0.00182439433411,
        "dmean2": 0.00268379622139,
        "dvar": 6.05383957009e-06,
        "dvar2": 1.14057156679e-05,
        "max": 0.0184339042753,
        "mean": 0.00808390602469,
        "median": 0.00862158928066,
        "min": 3.30353908291e-12,
        "stdev": 0.00424000388011,
        "var": 1.7977634343e-05
    },
    "spectral_rolloff": {
        "dmean": 52.5652999878,
        "dmean2": 79.8015823364,
        "dvar": 348463.21875,
        "dvar2": 537274.9375,
        "max": 19379.8828125,
        "mean": 207.025421143,
        "median": 107.666015625,
        "min": 43.06640625,
        "stdev": 1190.38586426,
        "var": 1417018.5
    },
    "spectral_skewness": {
        "dmean": 2.96997761726,
        "dmean2": 5.07686758041,
        "dvar": 13.4134788513,
        "dvar2": 41.8441925049,
        "max": 37.2549781799,
        "mean": 10.4595012665,
        "median": 9.12714767456,
        "min": -0.0186762101948,
        "stdev": 5.62862014771,
        "var": 31.6813621521
    },
    "spectral_spread": {
        "dmean": 761922.625,
        "dmean2": 1279546.75,
        "dvar": 2.37782145434e+12,
        "dvar2": 3.59155787366e+12,
        "max": 40423244,
        "mean": 1394445.875,
        "median": 1086345.125,
        "min": 34958.6953125,
        "stdev": 1955878.375,
        "var": 3.82546031411e+12
    },
    "spectral_strongpeak": {
        "dmean": 0.177865982056,
        "dmean2": 0.283674865961,
        "dvar": 0.064332164824,
        "dvar2": 0.150873050094,
        "max": 1.76079702377,
        "mean": 0.486644625664,
        "median": 0.343007743359,
        "min": 0,
        "stdev": 0.374066710472,
        "var": 0.139925912023
    },
    "zerocrossingrate": {
        "dmean": 0.00221224594861,
        "dmean2": 0.0025938928593,
        "dvar": 0.000410010485211,
        "dvar2": 0.000439105380792,
        "max": 0.6982421875,
        "mean": 0.00798469223082,
        "median": 0.00390625,
        "min": 0.00146484375,
        "stdev": 0.0458634309471,
        "var": 0.00210345420055
    },
    "barkbands": {
        "dmean": [0.000658300006762, 0.0298911333084, 0.0175638049841, 0.00490680150688, 0.00249814917333, 0.000418263341999, 0.000211756007047, 7.34974455554e-05, 2.30432797252e-05, 1.03908187157e-05, 1.58659750014e-05, 8.15223029349e-06, 2.0928464437e-06, 1.73270734649e-06, 1.66206621088e-06, 6.86006558226e-07, 5.91383354731e-07, 3.63423993122e-07, 3.9535683527e-07, 2.67569248535e-07, 1.49934720639e-07, 8.60492974653e-08, 8.96997462974e-08, 5.72497249607e-08, 6.69337367754e-08, 3.94666415104e-08, 4.31971125536e-09],
        "dmean2": [0.00108023057692, 0.0484489835799, 0.0322071015835, 0.0093351630494, 0.00470100762323, 0.000784079311416, 0.000396392628318, 0.000135428068461, 4.417983655e-05, 2.00113499886e-05, 3.05584508169e-05, 1.57382492034e-05, 3.94323933506e-06, 3.26467670675e-06, 3.13036093758e-06, 1.30527064357e-06, 1.11210476916e-06, 6.68358893563e-07, 7.02945101239e-07, 4.89524609293e-07, 2.75896582025e-07, 1.4577480556e-07, 1.5440873824e-07, 9.35617379128e-08, 1.11642293632e-07, 6.90455266295e-08, 8.04228239559e-09],
        "dvar": [1.08417941647e-06, 0.0028416835703, 0.00165236217435, 0.000164074663189, 4.50967927463e-05, 1.53822213633e-06, 3.95474444304e-07, 4.54354882606e-08, 5.23424326104e-09, 1.40297951035e-09, 2.67080646488e-09, 8.24185053538e-10, 6.54922990839e-11, 2.85182537307e-11, 2.57964725969e-11, 5.19491177506e-12, 4.11835366157e-12, 1.32528818649e-12, 1.1993513821e-12, 1.05305835666e-12, 4.02884431545e-13, 1.07025316615e-13, 4.26810930348e-13, 3.61109017309e-14, 7.37525546277e-14, 5.88298263186e-14, 1.95954931358e-16],
        "dvar2": [2.30883915719e-06, 0.00729293376207, 0.00469573680311, 0.00047166942386, 0.000130090906168, 4.43673934569e-06, 1.11538645342e-06, 1.28606785665e-07, 1.50118655284e-08, 4.0707144322e-09, 7.69916663756e-09, 2.39425346216e-09, 1.90177443238e-10, 8.21228640646e-11, 7.41616906774e-11, 1.50380801561e-11, 1.19177194155e-11, 3.71728125712e-12, 3.32659702736e-12, 3.10088673489e-12, 1.1759467098e-12, 2.49294617068e-13, 1.11261032939e-12, 9.20277783557e-14, 1.94699088124e-13, 1.64307044533e-13, 5.68849539684e-16],
        "max": [0.0102921305224, 0.308597058058, 0.214209496975, 0.0930053070188, 0.0517067089677, 0.00989108532667, 0.00376868271269, 0.00131804845296, 0.000434965477325, 0.000341274484526, 0.000310749368509, 0.000176348316018, 0.000101872807136, 4.23761412094e-05, 3.49334550265e-05, 1.47894998008e-05, 2.08102592296e-05, 9.82174969977e-06, 1.43730458149e-05, 1.49542829604e-05, 8.11185054772e-06, 5.36623110747e-06, 1.16664969028e-05, 3.31415435539e-06, 3.09789879793e-06, 3.12521137857e-06, 2.24221722078e-07],
        "mean": [0.00165813020431, 0.055675867945, 0.0200506728142, 0.00524969864637, 0.00223730225116, 0.000313768803608, 0.000137636088766, 4.87587967655e-05, 1.3481588212e-05, 6.05983086643e-06, 8.86851012183e-06, 4.51235200671e-06, 1.25843541809e-06, 1.11366216515e-06, 1.14556405606e-06, 4.2242132281e-07, 3.91079481687e-07, 3.15625101166e-07, 3.52795296976e-07, 2.36483387539e-07, 1.22557565874e-07, 8.13133382849e-08, 6.81440397443e-08, 8.06849627111e-08, 8.74563355069e-08, 3.25013651548e-08, 3.17143133977e-09],
        "median": [0.000791923608631, 0.0499755032361, 0.0123810553923, 0.00180364621338, 0.00059700536076, 7.68562676967e-05, 1.20959875858e-05, 3.27768293573e-06, 9.28823737922e-07, 3.47969887571e-07, 2.17531237467e-07, 1.52475053028e-07, 8.15461476122e-08, 6.1284438857e-08, 6.02758234436e-08, 3.01545455272e-08, 3.54178695261e-08, 2.92338242502e-08, 2.3107412872e-08, 1.67045897115e-08, 1.41874600956e-08, 1.12629869875e-08, 7.84035769641e-09, 1.04253121691e-08, 7.38066940897e-09, 2.32652519472e-09, 6.62276122831e-10],
        "min": [2.34912443497e-24, 1.14993819254e-22, 6.56705522681e-24, 9.19132211818e-24, 7.93641023653e-23, 1.12268121811e-22, 1.04250972607e-22, 5.3670580827e-23, 2.72464289401e-23, 9.48366245228e-23, 5.85827924403e-23, 1.05503532263e-22, 1.8908489765e-22, 1.01736027243e-22, 1.89141367469e-22, 1.32252379299e-22, 1.81554355718e-22, 1.28079847847e-22, 2.41581318973e-22, 3.63020333771e-22, 2.73349517554e-22, 5.88657751486e-22, 5.9395783654e-22, 9.49188339266e-22, 1.31324454207e-21, 1.51105077034e-21, 2.73659215511e-21],
        "stdev": [0.00196283869445, 0.0562455505133, 0.0329663902521, 0.0103070335463, 0.00537573872134, 0.000953020411544, 0.000480662361952, 0.00016488962865, 5.3881736676e-05, 2.75504735328e-05, 3.82356884074e-05, 2.10571979551e-05, 5.98061296841e-06, 4.02876366934e-06, 4.05612672694e-06, 1.69374982306e-06, 1.51260894654e-06, 1.10769497041e-06, 1.03346724245e-06, 9.07945377548e-07, 4.90427112254e-07, 3.26085995539e-07, 5.5152531786e-07, 2.10829625757e-07, 2.98624257766e-07, 2.00882851686e-07, 1.07937321303e-08],
        "var": [3.85273597203e-06, 0.00316356215626, 0.00108678278048, 0.0001062349329, 2.88985665975e-05, 9.08247955067e-07, 2.31036295872e-07, 2.71885873815e-08, 2.90324164709e-09, 7.59028617736e-10, 1.46196799111e-09, 4.43405617778e-10, 3.57677325258e-11, 1.62309367335e-11, 1.64521642837e-11, 2.86878832322e-12, 2.28798577306e-12, 1.22698812915e-12, 1.06805460743e-12, 8.24364773493e-13, 2.40518759423e-13, 1.06332084522e-13, 3.0418015654e-13, 4.44491313331e-14, 8.91764418386e-14, 4.03539201566e-14, 1.16504657039e-16]
    },
    "erbbands": {
        "dmean": [0.778399467468, 7.28481197357, 18.967956543, 18.5050697327, 11.4760951996, 7.28881072998, 4.87220287323, 2.96726632118, 2.62758851051, 2.78691625595, 1.4702051878, 0.597928106785, 0.321206301451, 0.61005628109, 0.469732135534, 0.313442647457, 0.123040482402, 0.0815416052938, 0.102283686399, 0.0598990656435, 0.0358595214784, 0.0325067676604, 0.0217807739973, 0.0214474778622, 0.0160747189075, 0.0136786978692, 0.00762685760856, 0.00535465078428, 0.00295359152369, 0.00266863428988, 0.0028327035252, 0.00102944264654, 0.00115198781714, 0.000935592281166, 0.000357533543138, 0.000272190431133, 5.29684184585e-05, 8.51061213325e-06, 1.62161104527e-05, 3.93991504097e-05],
        "dmean2": [1.32676720619, 11.7732915878, 33.5324325562, 34.3516387939, 21.660949707, 13.6786022186, 9.13128566742, 5.58408021927, 4.92763471603, 5.14866495132, 2.77515530586, 1.14766931534, 0.607396245003, 1.18347728252, 0.901646614075, 0.604873776436, 0.233740091324, 0.153553545475, 0.191783860326, 0.112519450486, 0.0681109428406, 0.0611810721457, 0.0408163927495, 0.0371663719416, 0.029245775193, 0.025099389255, 0.0140885170549, 0.0097626214847, 0.00513218389824, 0.00448558339849, 0.00514396186918, 0.00168231956195, 0.00184926774818, 0.00152274046559, 0.000611400115304, 0.000487683020765, 8.38260675664e-05, 1.55977086251e-05, 2.41730831476e-05, 5.8949481172e-05],
        "dvar": [1.94511902332, 170.337524414, 1776.49621582, 2049.51147461, 969.258056641, 391.941955566, 171.653457642, 82.3040542603, 61.9301719666, 64.9793319702, 19.2999172211, 3.60001468658, 1.09291732311, 4.18581724167, 2.35467290878, 1.24417746067, 0.211621761322, 0.0680482834578, 0.0910587087274, 0.034609310329, 0.0141531787813, 0.0120865292847, 0.00543858436868, 0.00463481340557, 0.00185500155203, 0.00306751858443, 0.000953231879976, 0.000449792802101, 9.42670958466e-05, 0.000216062559048, 0.000539991713595, 1.18175466923e-05, 1.82607436727e-05, 1.28221990963e-05, 3.16107320941e-06, 3.4075064832e-06, 5.36402708917e-08, 2.80077760983e-09, 6.72978062166e-10, 4.04867206427e-09],
        "dvar2": [5.77079105377, 417.822143555, 4982.49951172, 5782.02783203, 2798.93408203, 1131.59912109, 494.609649658, 237.254043579, 176.888000488, 181.054092407, 55.2289619446, 10.343047142, 3.14916348457, 12.1211013794, 6.77659273148, 3.61464428902, 0.614308476448, 0.196202903986, 0.261904209852, 0.0997081920505, 0.0410038568079, 0.0349888578057, 0.0158257577568, 0.0124670043588, 0.00530003616586, 0.00908426847309, 0.00276865274645, 0.00131537334528, 0.000235324187088, 0.000446008634754, 0.00151748058852, 3.02851767628e-05, 4.79711088701e-05, 3.21812003676e-05, 8.86813995749e-06, 9.67338201008e-06, 1.42156977745e-07, 8.1919573347e-09, 1.32349065041e-09, 7.9906712358e-09],
        "max": [9.01848697662, 78.1054077148, 235.512863159, 306.52835083, 231.542709351, 149.36239624, 90.2292938232, 73.6891937256, 48.778049469, 49.3567771912, 26.3980140686, 12.5137348175, 8.9657201767, 14.6233043671, 8.69521903992, 7.51708698273, 5.19407701492, 2.5090470314, 1.97276055813, 1.23811292648, 0.774217665195, 1.08766579628, 0.689331889153, 1.16629266739, 0.323666483164, 0.813363611698, 0.391476660967, 0.266959995031, 0.140509158373, 0.213956639171, 0.399553745985, 0.0564792230725, 0.0776446163654, 0.0496971979737, 0.022399218753, 0.0239760261029, 0.00331289903261, 0.000878148246557, 0.00015439427807, 0.000376818701625],
        "mean": [1.43934369087, 12.8417434692, 25.6172828674, 21.4918212891, 11.3133659363, 6.06053304672, 3.98584389687, 2.10782957077, 1.74177396297, 1.86971867085, 0.932265400887, 0.353097945452, 0.190691739321, 0.340654671192, 0.264817625284, 0.173927739263, 0.0725254118443, 0.0520226247609, 0.0692266821861, 0.039675809443, 0.0224378295243, 0.0217434037477, 0.0166382938623, 0.0211103744805, 0.0142540298402, 0.0123063903302, 0.00590836117044, 0.00481080636382, 0.00283473567106, 0.00236524711363, 0.00202869647183, 0.00128983915783, 0.00164857390337, 0.00141460588202, 0.000410111417295, 0.000237003929215, 6.64655090077e-05, 7.35035564503e-06, 3.80297569791e-05, 9.23394763959e-05],
        "median": [1.45649266243, 10.0709838867, 17.6197128296, 9.03588962555, 3.77838611603, 1.52078092098, 1.06760191917, 0.419622123241, 0.231907695532, 0.136893332005, 0.0559311173856, 0.0247026085854, 0.0132431983948, 0.0108195645735, 0.00857402570546, 0.0066332067363, 0.00420463876799, 0.00349428551272, 0.00341297546402, 0.00242942431942, 0.00182346138172, 0.0020531967748, 0.00172568764538, 0.00126385083422, 0.00108272419311, 0.000844347872771, 0.000582370499615, 0.000558785046451, 0.000429762585554, 0.000317169236951, 0.000246406765655, 0.000254092650721, 0.000226094634854, 0.000164320023032, 8.73986136867e-05, 4.74711887364e-05, 2.50460470852e-05, 2.06972481465e-06, 3.39496982633e-05, 8.23257068987e-05],
        "min": [4.68397564986e-21, 2.00882427346e-20, 9.11208511077e-21, 2.19316018049e-20, 9.86226894079e-20, 2.48709015162e-19, 4.47115057624e-19, 1.39270797073e-18, 1.29081296774e-18, 1.85004134556e-18, 8.98733286503e-19, 6.78254756575e-19, 2.6253068621e-18, 1.87738504148e-18, 2.55424853196e-18, 5.92420509497e-18, 7.88443827185e-18, 5.55631238163e-18, 1.11334382818e-17, 5.6119626117e-18, 9.23251519565e-18, 9.33260487694e-18, 5.97641011779e-18, 1.58376235244e-17, 1.24298495046e-17, 1.47347088721e-17, 1.20850326488e-17, 1.23249671388e-17, 1.79900649379e-17, 2.05831322289e-17, 1.72131934502e-17, 2.02124362004e-17, 1.49613662861e-17, 1.21988973688e-17, 1.00758771153e-17, 4.88318588636e-18, 3.26014502797e-18, 1.35021818421e-18, 3.2734597407e-19, 4.34485147044e-20],
        "stdev": [1.34776031971, 14.1232280731, 36.4679985046, 36.8485069275, 24.9449062347, 15.3955469131, 10.3081111908, 6.80028390884, 5.934071064, 6.27946376801, 3.31371164322, 1.41009104252, 0.7781650424, 1.50334227085, 1.13863480091, 0.818275630474, 0.339439332485, 0.196121439338, 0.237667709589, 0.143097758293, 0.088446393609, 0.0819682627916, 0.0577607825398, 0.0801478326321, 0.0374213159084, 0.0502850860357, 0.0238345246762, 0.0170810688287, 0.00938818138093, 0.0148727223277, 0.0180558729917, 0.00337328831665, 0.00465390179306, 0.00439663790166, 0.00161777227186, 0.00146254349966, 0.000222701419261, 3.95818533434e-05, 3.47051682184e-05, 8.46666953294e-05],
        "var": [1.81645774841, 199.465560913, 1329.91503906, 1357.81237793, 622.248352051, 237.022872925, 106.257156372, 46.2438583374, 35.2131996155, 39.4316635132, 10.9806842804, 1.98835659027, 0.60554087162, 2.26003789902, 1.29648911953, 0.669575035572, 0.115219064057, 0.0384636186063, 0.0564859397709, 0.020476968959, 0.00782276410609, 0.00671879574656, 0.00333630805835, 0.00642367498949, 0.00140035501681, 0.00252858991735, 0.000568084593397, 0.000291762902634, 8.81379528437e-05, 0.000221197871724, 0.000326014531311, 1.13790738396e-05, 2.16588032345e-05, 1.93304258573e-05, 2.6171871923e-06, 2.13903354052e-06, 4.95959220359e-08, 1.56672297358e-09, 1.20444876295e-09, 7.16844983373e-09]
    },
    "gfcc": {
        "mean": [-303.617828369, 201.479660034, 28.1855602264, 43.7211380005, -2.47285485268, 3.21242427826, -10.7530326843, -2.67880725861, -6.24423074722, -10.2193193436, 0.570734262466, -16.869430542, -1.15380299091],
        "cov": [[17044.546875, 864.316467285, -1306.50561523, 543.754211426, -677.698669434, -371.832855225, -431.760559082, 155.814361572, 31.758480072, 213.852249146, 372.334686279, -190.060165405, 300.711547852], [864.316467285, 964.18762207, 351.886047363, -377.281860352, 72.4403915405, -164.123153687, 123.448822021, -97.6280593872, 48.1842384338, -83.7188262939, -3.55035400391, -12.4187889099, -14.7645921707], [-1306.50561523, 351.886047363, 1442.42712402, -55.8705825806, 193.848388672, -70.2549057007, 70.9285507202, 49.5842514038, 142.307128906, 9.29956531525, 53.7165412903, 55.6385765076, 36.9376144409], [543.754211426, -377.281860352, -55.8705825806, 409.782958984, -24.3049659729, 43.0331001282, -103.313682556, 45.330329895, -16.363199234, 15.1237220764, 48.2230606079, -35.282699585, 38.4113693237], [-677.698669434, 72.4403915405, 193.848388672, -24.3049659729, 254.60005188, 69.7610931396, 103.25881958, 2.6725757122, 15.4239597321, -26.462146759, 1.12893986702, 11.1951122284, -17.0077915192], [-371.832855225, -164.123153687, -70.2549057007, 43.0331001282, 69.7610931396, 139.488174438, 30.851234436, 1.24696075916, -3.04810857773, -7.01802206039, -21.1276874542, 7.40274047852, -15.7449150085], [-431.760559082, 123.448822021, 70.9285507202, -103.313682556, 103.25881958, 30.851234436, 134.921051025, -19.3166561127, 32.5508766174, -22.0232620239, -26.6798000336, 28.8286914825, -25.6027870178], [155.814361572, -97.6280593872, 49.5842514038, 45.330329895, 2.6725757122, 1.24696075916, -19.3166561127, 95.6967163086, 7.92231655121, 27.6612033844, 40.7192268372, 0.123065575957, 20.533323288], [31.758480072, 48.1842384338, 142.307128906, -16.363199234, 15.4239597321, -3.04810857773, 32.5508766174, 7.92231655121, 76.7013015747, 25.9055366516, 19.9666614532, 26.6537361145, 10.8433074951], [213.852249146, -83.7188262939, 9.29956531525, 15.1237220764, -26.462146759, -7.01802206039, -22.0232620239, 27.6612033844, 25.9055366516, 102.906517029, 13.4184923172, 8.56885528564, 25.1568489075], [372.334686279, -3.55035400391, 53.7165412903, 48.2230606079, 1.12893986702, -21.1276874542, -26.6798000336, 40.7192268372, 19.9666614532, 13.4184923172, 87.4383621216, 11.0847787857, 37.0616378784], [-190.060165405, -12.4187889099, 55.6385765076, -35.282699585, 11.1951122284, 7.40274047852, 28.8286914825, 0.123065575957, 26.6537361145, 8.56885528564, 11.0847787857, 76.2797317505, -1.36955666542], [300.711547852, -14.7645921707, 36.9376144409, 38.4113693237, -17.0077915192, -15.7449150085, -25.6027870178, 20.533323288, 10.8433074951, 25.1568489075, 37.0616378784, -1.36955666542, 58.4103775024]],
        "icov": [[0.000155694811838, -0.000655786250718, 0.000258608284639, -0.000592722033616, 0.000306155154249, -0.000287315750029, 0.000196009030333, -0.0005182455061, -9.32821203605e-05, -0.000455630011857, -0.000100415105408, -0.000176922781975, -0.000188166377484], [-0.000655786250718, 0.00632991082966, -0.00152693223208, 0.0051021813415, -0.0019891676493, 0.00453475210816, -0.00214663380757, 0.00503638386726, -0.0010481774807, 0.00403402652591, -0.00157621130347, 0.00366856879555, 6.16081088083e-05], [0.000258608284639, -0.00152693223208, 0.00161578226835, -0.00122722971719, -0.000773515494075, 0.000203460702323, 0.0014848895371, -0.00185554882046, -0.00230447156355, -0.000355175696313, 0.000991864944808, -0.00112956424709, -0.000874381687026], [-0.000592722033616, 0.0051021813415, -0.00122722971719, 0.00789628829807, -0.00217883917503, 0.00165551411919, 0.00152028119192, 0.0034445328638, -0.00148559454829, 0.00379880983382, -0.00195849547163, 0.0038422960788, -0.000835672428366], [0.000306155154249, -0.0019891676493, -0.000773515494075, -0.00217883917503, 0.00938991084695, -0.00495196413249, -0.00669780466706, -0.00107202236541, 0.00406635832042, -0.00182575453073, -0.00384298316203, 0.000994701869786, 0.00117651175242], [-0.000287315750029, 0.00453475210816, 0.000203460702323, 0.00165551411919, -0.00495196413249, 0.0145989181474, -0.00168412190396, 0.00206387042999, -0.00265751988627, 0.00310142338276, 0.00250521022826, 0.000799470813945, 2.44720977207e-05], [0.000196009030333, -0.00214663380757, 0.0014848895371, 0.00152028119192, -0.00669780466706, -0.00168412190396, 0.0206308215857, -0.00249616196379, -0.0093302577734, 0.00254707434215, 0.00669712619856, -0.00488142482936, 0.000297065766063], [-0.0005182455061, 0.00503638386726, -0.00185554882046, 0.0034445328638, -0.00107202236541, 0.00206387042999, -0.00249616196379, 0.0187489967793, 0.00153181538917, -0.000720648327842, -0.00847921520472, 0.00413979729638, 0.000911658280529], [-9.32821203605e-05, -0.0010481774807, -0.00230447156355, -0.00148559454829, 0.00406635832042, -0.00265751988627, -0.0093302577734, 0.00153181538917, 0.0257969666272, -0.00735108647496, -0.00632491754368, -0.00347925489768, 0.000797743385192], [-0.000455630011857, 0.00403402652591, -0.000355175696313, 0.00379880983382, -0.00182575453073, 0.00310142338276, 0.00254707434215, -0.000720648327842, -0.00735108647496, 0.0165000148118, 0.00331985764205, 0.000684902013745, -0.00506613310426], [-0.000100415105408, -0.00157621130347, 0.000991864944808, -0.00195849547163, -0.00384298316203, 0.00250521022826, 0.00669712619856, -0.00847921520472, -0.00632491754368, 0.00331985764205, 0.0248553790152, -0.00628561619669, -0.00992209278047], [-0.000176922781975, 0.00366856879555, -0.00112956424709, 0.0038422960788, 0.000994701869786, 0.000799470813945, -0.00488142482936, 0.00413979729638, -0.00347925489768, 0.000684902013745, -0.00628561619669, 0.0195651482791, 0.00173383683432], [-0.000188166377484, 6.16081088083e-05, -0.000874381687026, -0.000835672428366, 0.00117651175242, 2.44720977207e-05, 0.000297065766063, 0.000911658280529, 0.000797743385192, -0.00506613310426, -0.00992209278047, 0.00173383683432, 0.0277360510081]]
    },
    "melbands": {
        "dmean": [0.00780369946733, 0.00851820781827, 0.00294362055138, 0.000640481652226, 0.000192304360098, 6.79920049151e-05, 4.11365326727e-05, 2.74275880656e-05, 9.96111612039e-06, 3.37577489518e-06, 1.48801802879e-06, 2.37083827415e-06, 1.83141958132e-06, 9.98621430881e-07, 5.12265501129e-07, 1.78331845291e-07, 1.51893814859e-07, 1.73522650471e-07, 1.14811015806e-07, 5.30732791049e-08, 4.04001276877e-08, 3.48859288124e-08, 2.50266296575e-08, 1.64191984453e-08, 1.78257106853e-08, 1.45020502273e-08, 7.88538212504e-09, 9.93066784361e-09, 5.21135845588e-09, 3.51645801366e-09, 2.97375390979e-09, 1.61903535023e-09, 1.6823059612e-09, 1.4120163927e-09, 2.20647677907e-09, 5.56062085266e-10, 6.53223974911e-10, 8.01957111829e-10, 8.62087179421e-10, 8.1934059537e-10],
        "dmean2": [0.0129235396162, 0.0134930862114, 0.0054746014066, 0.00120889395475, 0.000359054014552, 0.000127888270072, 7.69384860178e-05, 5.06133837916e-05, 1.88369449461e-05, 6.49476032777e-06, 2.8130177725e-06, 4.59984084955e-06, 3.52811912308e-06, 1.92642073671e-06, 9.82637402558e-07, 3.36325882699e-07, 2.8655918527e-07, 3.26672022766e-07, 2.16573397438e-07, 1.00010886683e-07, 7.71095969299e-08, 6.55330012478e-08, 4.73830468195e-08, 3.03019263015e-08, 3.07338687833e-08, 2.62869317424e-08, 1.42306220141e-08, 1.8463449436e-08, 9.72002034416e-09, 6.51358211812e-09, 5.32914246065e-09, 2.84148948815e-09, 2.75665401617e-09, 2.44506415115e-09, 4.10580236476e-09, 9.42454447816e-10, 1.04582120741e-09, 1.34427668996e-09, 1.35637900911e-09, 1.37837696812e-09],
        "dvar": [0.0002010553726, 0.000250767217949, 5.33515703864e-05, 3.04513764604e-06, 2.58542115716e-07, 4.24984740732e-08, 1.50960826062e-08, 6.26268548132e-09, 8.95429008718e-10, 1.19385681896e-10, 2.42050320759e-11, 6.41659919642e-11, 3.59727490851e-11, 1.18803343899e-11, 3.50720862942e-12, 4.91935919084e-13, 2.2918857567e-13, 2.60374214594e-13, 1.29812664524e-13, 2.96181129752e-14, 1.84911188737e-14, 1.43045247007e-14, 7.52221584853e-15, 2.76256704077e-15, 3.65819257414e-15, 1.5421481002e-15, 4.61561064332e-16, 2.06704139448e-15, 4.19786855211e-16, 2.78887688996e-16, 1.1463757143e-16, 2.28971931535e-17, 7.90870493861e-17, 7.33808465008e-17, 3.94931705696e-16, 5.79115309344e-18, 3.17861748641e-18, 8.41288426054e-18, 8.29502425814e-18, 1.24947641575e-17],
        "dvar2": [0.000555903068744, 0.000630647118669, 0.000150707099237, 8.8080569185e-06, 7.45526619994e-07, 1.22465749541e-07, 4.29788862277e-08, 1.74632059924e-08, 2.57033372364e-09, 3.43418848914e-10, 6.97792865156e-11, 1.85994150637e-10, 1.03697161968e-10, 3.44064013391e-11, 1.01861375237e-11, 1.42777142106e-12, 6.60499487135e-13, 7.47933073982e-13, 3.74884612285e-13, 8.54347110635e-14, 5.36116222488e-14, 4.13993688777e-14, 2.18883698194e-14, 7.6960320915e-15, 9.89613918562e-15, 4.38033305442e-15, 1.3128034477e-15, 6.18109418358e-15, 1.21470475043e-15, 8.12895507777e-16, 3.34755599917e-16, 6.28740579172e-17, 1.71033766212e-16, 1.49314134144e-16, 1.13188070417e-15, 1.54937215304e-17, 7.75124316808e-18, 2.22876735386e-17, 2.01350319474e-17, 3.15101881207e-17],
        "max": [0.0880101770163, 0.0964554101229, 0.048951074481, 0.0136365918443, 0.00328353513032, 0.00168714905158, 0.000729955558199, 0.000492216844577, 0.000192809733562, 7.42178890505e-05, 4.37369781139e-05, 5.84804038226e-05, 3.40340629919e-05, 1.96959281311e-05, 1.55034504132e-05, 8.92414664122e-06, 4.17929413743e-06, 3.27780298903e-06, 2.82128530671e-06, 1.06199411221e-06, 9.42093379308e-07, 1.26552811253e-06, 7.64606340908e-07, 4.48369149808e-07, 1.08529684439e-06, 2.97608352184e-07, 2.19834490167e-07, 7.1311018246e-07, 2.64864382871e-07, 2.344089296e-07, 1.23013208508e-07, 5.4742557154e-08, 1.70396887711e-07, 1.32480337811e-07, 3.35477267299e-07, 4.19691303932e-08, 2.18015347997e-08, 4.62031337634e-08, 5.46047687067e-08, 5.1154692926e-08],
        "mean": [0.0143733769655, 0.014543405734, 0.00338352122344, 0.000571922690142, 0.000155292291311, 4.8661368055e-05, 2.72118741123e-05, 1.84389664355e-05, 6.22995821686e-06, 1.95881557374e-06, 8.84642531673e-07, 1.32264108288e-06, 1.02817102743e-06, 5.53856864371e-07, 2.91005648023e-07, 1.08581694747e-07, 9.64918385193e-08, 1.16182270915e-07, 7.81010882633e-08, 3.36571268633e-08, 2.47921327912e-08, 2.30458230277e-08, 1.74059309188e-08, 1.42900278277e-08, 1.76544237007e-08, 1.25915695648e-08, 7.23458404295e-09, 8.62831761594e-09, 3.83426890238e-09, 2.71850097988e-09, 2.81926748613e-09, 1.62819202565e-09, 1.40358358269e-09, 1.25673682572e-09, 1.42699374539e-09, 5.74428893341e-10, 8.42604652718e-10, 9.85621362304e-10, 1.39138811583e-09, 1.1156290336e-09],
        "median": [0.0138821341097, 0.0115055944771, 0.00152756401803, 0.000157385598868, 4.22470620833e-05, 1.0027105418e-05, 3.31619321514e-06, 1.31525177949e-06, 3.7028951283e-07, 1.29082195599e-07, 6.26360190381e-08, 4.46261836373e-08, 2.92349149333e-08, 1.70177170133e-08, 1.26627526242e-08, 7.49257100807e-09, 5.57644952437e-09, 5.20800025328e-09, 4.08920008965e-09, 2.26916752055e-09, 1.92172411317e-09, 2.07850447964e-09, 1.78882486601e-09, 1.24456756012e-09, 9.65320934299e-10, 8.93555340831e-10, 5.95429316963e-10, 5.04406072466e-10, 3.39368977365e-10, 2.85191481542e-10, 3.00336810977e-10, 2.30677560387e-10, 1.45746942293e-10, 1.38099226499e-10, 1.10419132171e-10, 1.17962584145e-10, 1.27251154058e-10, 1.11314832352e-10, 1.05311093179e-10, 7.71055025384e-11],
        "min": [3.61645992924e-23, 1.15977927967e-23, 6.07938457065e-24, 1.14872150081e-23, 1.6770229901e-23, 2.78794172413e-23, 2.0236153397e-23, 1.8693931905e-23, 6.1379787921e-24, 3.92938756082e-24, 1.38995997768e-23, 8.12802439264e-24, 8.30824834391e-24, 8.22932438806e-24, 2.46845368861e-23, 1.34569178581e-23, 9.2322852984e-24, 1.83143052161e-23, 9.88250626612e-24, 6.23787382625e-24, 1.2030903466e-23, 9.91515406354e-24, 7.00958923413e-24, 5.98679478291e-24, 1.44265509729e-23, 7.20362692871e-24, 1.18230070631e-23, 8.81465681315e-24, 8.81503783297e-24, 5.84687965175e-24, 6.90919485103e-24, 9.32493701172e-24, 1.3685299401e-23, 9.83173123395e-24, 9.10575122035e-24, 1.12369118095e-23, 1.30371586595e-23, 8.55885288742e-24, 1.43809216804e-23, 8.80205949336e-24],
