{
"metadata": {
    "version": {
        "essentia": "2.1-beta6-dev",
        "essentia_git_sha": "v2.1_beta5-778-gc9eadba6",
        "extractor": "music 2.0"
    },
    "audio_properties": {
        "analysis": {
            "equal_loudness": 0,
            "length": 19.9999771118,
            "sample_rate": 44100,
            "start_time": 0,
            "downmix": "mix"
        },
        "bit_rate": 128000,
        "length": 20,
        "lossless": 0,
        "number_channels": 2,
        "replay_gain": -10.9434013367,
        "sample_rate": 48000,
        "codec": "mp3",
        "md5_encoded": "1b7faba90c2d017139b5a57a75a21bb2"
    },
    "tags": {
        "file_name": "blur-fortomorrow.mp3",
        "encoding": ["Lavf59.16.100"]
    }
},
"lowlevel": {
    "average_loudness": 0.982653975487,
    "barkbands_crest": {
        "dmean": 2.63371706009,
        "dmean2": 4.23601198196,
        "dvar": 7.15523529053,
        "dvar2": 17.0591106415,
        "max": 23.0376682281,
        "mean": 8.79075717926,
        "median": 7.91898822784,
        "min": 2.95456767082,
        "stdev": 3.55896902084,
        "var": 12.6662607193
    },
    "barkbands_flatness_db": {
        "dmean": 0.0218451842666,
        "dmean2": 0.033852532506,
        "dvar": 0.000465217162855,
        "dvar2": 0.00110776245128,
        "max": 0.248204559088,
        "mean": 0.115258730948,
        "median": 0.111613124609,
        "min": 0.0314679183066,
        "stdev": 0.0389694534242,
        "var": 0.00151861843187
    },
    "barkbands_kurtosis": {
        "dmean": 3.30991983414,
        "dmean2": 5.4067773819,
        "dvar": 26.2284603119,
        "dvar2": 67.8313064575,
        "max": 45.1170043945,
        "mean": 5.15816307068,
        "median": 2.97948980331,
        "min": -1.48072385788,
        "stdev": 6.41825771332,
        "var": 41.1940345764
    },
    "barkbands_skewness": {
        "dmean": 0.551063120365,
        "dmean2": 0.865960657597,
        "dvar": 0.393114119768,
        "dvar2": 0.963191449642,
        "max": 6.50045871735,
        "mean": 1.94544887543,
        "median": 1.77015686035,
        "min": -0.0100380955264,
        "stdev": 0.951945781708,
        "var": 0.906200826168
    },
    "barkbands_spread": {
        "dmean": 5.43251085281,
        "dmean2": 8.4504699707,
        "dvar": 40.8380432129,
        "dvar2": 95.6843185425,
        "max": 71.4663696289,
        "mean": 20.7096004486,
        "median": 18.4966945648,
        "min": 2.94863891602,
        "stdev": 10.6373157501,
        "var": 113.152481079
    },
    "dissonance": {
        "dmean": 0.0133085316047,
        "dmean2": 0.022027220577,
        "dvar": 0.000189651793335,
        "dvar2": 0.000425725971581,
        "max": 0.499999970198,
        "mean": 0.468650341034,
        "median": 0.472338944674,
        "min": 0.243201464415,
        "stdev": 0.0202732067555,
        "var": 0.000411002896726
    },
    "dynamic_complexity": 2.28924751282,
    "erbbands_crest": {
        "dmean": 1.44072782993,
        "dmean2": 2.30481028557,
        "dvar": 1.8370295763,
        "dvar2": 4.95293092728,
        "max": 15.1219234467,
        "mean": 5.68955516815,
        "median": 5.22722053528,
        "min": 2.27369642258,
        "stdev": 2.08558273315,
        "var": 4.3496556282
    },
    "erbbands_flatness_db": {
        "dmean": 0.0135669605806,
        "dmean2": 0.0178313031793,
        "dvar": 0.000184439239092,
        "dvar2": 0.000332137744408,
        "max": 0.214396774769,
        "mean": 0.120779894292,
        "median": 0.118769086897,
        "min": 0.0464414805174,
        "stdev": 0.0315401703119,
        "var": 0.000994782429188
    },
    "erbbands_kurtosis": {
        "dmean": 0.436295986176,
        "dmean2": 0.703284859657,
        "dvar": 0.201404824853,
        "dvar2": 0.50417983532,
        "max": 2.98530483246,
        "mean": -0.0980187654495,
        "median": -0.222469329834,
        "min": -1.37371134758,
        "stdev": 0.71468603611,
        "var": 0.510776162148
    },
    "erbbands_skewness": {
        "dmean": 0.233342602849,
        "dmean2": 0.365213423967,
        "dvar": 0.0449505113065,
        "dvar2": 0.108477726579,
        "max": 1.60354423523,
        "mean": 0.293218463659,
        "median": 0.259661763906,
        "min": -1.06606864929,
        "stdev": 0.381355136633,
        "var": 0.145431742072
    },
    "erbbands_spread": {
        "dmean": 7.85057640076,
        "dmean2": 11.8166179657,
        "dvar": 80.5040130615,
        "dvar2": 191.238708496,
        "max": 132.046920776,
        "mean": 43.5823287964,
        "median": 40.9543495178,
        "min": 14.7457132339,
        "stdev": 15.3045787811,
        "var": 234.230117798
    },
    "hfc": {
        "dmean": 8.4963312149,
        "dmean2": 11.4112348557,
        "dvar": 241.206726074,
        "dvar2": 437.393341064,
        "max": 146.125854492,
        "mean": 22.2413368225,
        "median": 14.4512767792,
        "min": 1.53450088192e-07,
        "stdev": 23.9279499054,
        "var": 572.546813965
    },
    "loudness_ebu128": {
        "integrated": -11.1754388809,
        "loudness_range": 0.777591705322,
        "momentary": {
            "dmean": 0.703454911709,
            "dmean2": 0.901187539101,
            "dvar": 0.432148367167,
            "dvar2": 0.478912621737,
            "max": -9.2064781189,
            "mean": -11.6151943207,
            "median": -10.9807081223,
            "min": -25.7783794403,
            "stdev": 2.2329390049,
            "var": 4.9860162735
        },
        "short_term": {
            "dmean": 0.0921460464597,
            "dmean2": 0.123115606606,
            "dvar": 0.00421466073021,
            "dvar2": 0.00837672501802,
            "max": -10.5413694382,
            "mean": -11.0998945236,
            "median": -11.0967588425,
            "min": -12.045384407,
            "stdev": 0.282919108868,
            "var": 0.0800432264805
        }
    },
    "melbands_crest": {
        "dmean": 3.41140151024,
        "dmean2": 5.46190786362,
        "dvar": 8.65898323059,
        "dvar2": 20.1824092865,
        "max": 29.8053073883,
        "mean": 13.632692337,
        "median": 12.9960832596,
        "min": 4.79944849014,
        "stdev": 4.38940763474,
        "var": 19.2669010162
    },
    "melbands_flatness_db": {
        "dmean": 0.0268377959728,
        "dmean2": 0.0410610288382,
        "dvar": 0.000721963180695,
        "dvar2": 0.00165466428734,
        "max": 0.367453753948,
        "mean": 0.199042767286,
        "median": 0.194636791945,
        "min": 0.0889948606491,
        "stdev": 0.0546388477087,
        "var": 0.00298540387303
    },
    "melbands_kurtosis": {
        "dmean": 8.89425945282,
        "dmean2": 14.5888624191,
        "dvar": 247.104766846,
        "dvar2": 628.932128906,
        "max": 187.592468262,
        "mean": 15.4850788116,
        "median": 10.9294557571,
        "min": -0.217475891113,
        "stdev": 16.6328544617,
        "var": 276.651855469
    },
    "melbands_skewness": {
        "dmean": 0.815091609955,
        "dmean2": 1.28995728493,
        "dvar": 0.979955613613,
        "dvar2": 2.30101037025,
        "max": 11.7379255295,
        "mean": 3.09306645393,
        "median": 2.90384888649,
        "min": 0.507931530476,
        "stdev": 1.36243247986,
        "var": 1.85622215271
    },
    "melbands_spread": {
        "dmean": 4.94356489182,
        "dmean2": 7.7797832489,
        "dvar": 28.7778339386,
        "dvar2": 72.944480896,
        "max": 64.499961853,
        "mean": 17.3319473267,
        "median": 16.228597641,
        "min": 2.16222381592,
        "stdev": 9.10231876373,
        "var": 82.8522033691
    },
    "pitch_salience": {
        "dmean": 0.0777262374759,
        "dmean2": 0.126082226634,
        "dvar": 0.00590155646205,
        "dvar2": 0.0134507296607,
        "max": 0.838970839977,
        "mean": 0.629793643951,
        "median": 0.646220982075,
        "min": 0.224280610681,
        "stdev": 0.106096029282,
        "var": 0.0112563678995
    },
    "silence_rate_20dB": {
        "dmean": 0,
        "dmean2": 0,
        "dvar": 0,
        "dvar2": 0,
        "max": 1,
        "mean": 1,
        "median": 1,
        "min": 1,
        "stdev": 0,
        "var": 0
    },
    "silence_rate_30dB": {
        "dmean": 0.0626450106502,
        "dmean2": 0.125435546041,
        "dvar": 0.0587212108076,
        "dvar2": 0.142221018672,
        "max": 1,
        "mean": 0.953650057316,
        "median": 1,
        "min": 0,
        "stdev": 0.210241094232,
        "var": 0.0442013181746
    },
    "silence_rate_60dB": {
        "dmean": 0.00928074214607,
        "dmean2": 0.0185830425471,
        "dvar": 0.00919467676431,
        "dvar2": 0.0182376485318,
        "max": 1,
        "mean": 0.0498261861503,
        "median": 0,
        "min": 0,
        "stdev": 0.217586740851,
        "var": 0.0473439916968
    },
    "spectral_centroid": {
        "dmean": 185.850112915,
        "dmean2": 289.30670166,
        "dvar": 34231.09375,
        "dvar2": 70561.6328125,
        "max": 2389.52905273,
        "mean": 1023.0100708,
        "median": 981.223022461,
        "min": 283.190582275,
        "stdev": 409.148529053,
        "var": 167402.515625
    },
    "spectral_complexity": {
        "dmean": 4.11832952499,
        "dmean2": 6.03019762039,
        "dvar": 23.041727066,
        "dvar2": 37.1673736572,
        "max": 58,
        "mean": 23.1657009125,
        "median": 22,
        "min": 0,
        "stdev": 10.5380907059,
        "var": 111.051345825
    },
    "spectral_decrease": {
        "dmean": 4.44608527772e-09,
        "dmean2": 7.08617209355e-09,
        "dvar": 6.17485761234e-17,
        "dvar2": 1.42881580654e-16,
        "max": -5.0516178089e-17,
        "mean": -9.12681219489e-09,
        "median": -6.9542456238e-09,
        "min": -6.08410317682e-08,
        "stdev": 8.70851213364e-09,
        "var": 7.58381883425e-17
    },
    "spectral_energy": {
        "dmean": 0.0173142943531,
        "dmean2": 0.0274240002036,
        "dvar": 0.000926020322368,
        "dvar2": 0.00212607672438,
        "max": 0.235338836908,
        "mean": 0.0364640839398,
        "median": 0.0276236236095,
        "min": 2.04578409768e-10,
        "stdev": 0.0342475734651,
        "var": 0.00117289624177
    },
    "spectral_energyband_high": {
        "dmean": 0.000630273367278,
        "dmean2": 0.000825627299491,
        "dvar": 1.58978184572e-06,
        "dvar2": 2.72636839327e-06,
        "max": 0.0140139134601,
        "mean": 0.00116452737711,
        "median": 0.000288533366984,
        "min": 1.8978082994e-12,
        "stdev": 0.00194718595594,
        "var": 3.79153311769e-06
    },
    "spectral_energyband_low": {
        "dmean": 0.0128726260737,
        "dmean2": 0.020449725911,
        "dvar": 0.000781115784775,
        "dvar2": 0.00179536850192,
        "max": 0.214957326651,
        "mean": 0.0178746338934,
        "median": 0.0106232417747,
        "min": 2.76720417414e-11,
        "stdev": 0.0287981182337,
        "var": 0.000829331635032
    },
    "spectral_energyband_middle_high": {
        "dmean": 0.0015141738113,
        "dmean2": 0.00232242140919,
        "dvar": 7.84628264228e-06,
        "dvar2": 1.90160262719e-05,
        "max": 0.0297501496971,
        "mean": 0.00443686218932,
        "median": 0.00381499226205,
        "min": 6.27021282118e-11,
        "stdev": 0.00373370526358,
        "var": 1.39405547088e-05
    },
    "spectral_energyband_middle_low": {
        "dmean": 0.00677940063179,
        "dmean2": 0.0115888379514,
        "dvar": 0.000131635431899,
        "dvar2": 0.000371044472558,
        "max": 0.105032630265,
        "mean": 0.0151920868084,
        "median": 0.0122697763145,
        "min": 1.16804704797e-10,
        "stdev": 0.0131721580401,
        "var": 0.000173505759449
    },
    "spectral_entropy": {
        "dmean": 0.147985905409,
        "dmean2": 0.210106819868,
        "dvar": 0.0243569016457,
        "dvar2": 0.0415265597403,
        "max": 8.42593669891,
        "mean": 7.68469047546,
        "median": 7.69783306122,
        "min": 6.58697557449,
        "stdev": 0.349329739809,
        "var": 0.122031264007
    },
    "spectral_flux": {
        "dmean": 0.032221481204,
        "dmean2": 0.0493363142014,
        "dvar": 0.00220160232857,
        "dvar2": 0.00469555985183,
        "max": 0.4039914608,
        "mean": 0.0967260524631,
        "median": 0.0779073685408,
        "min": 0.000237583895796,
        "stdev": 0.0663958713412,
        "var": 0.00440841168165
    },
    "spectral_kurtosis": {
        "dmean": 1.24636590481,
        "dmean2": 1.95851695538,
        "dvar": 1.81928527355,
        "dvar2": 4.10182142258,
        "max": 20.0141277313,
        "mean": 4.75549650192,
        "median": 4.3272895813,
        "min": 0.582203388214,
        "stdev": 2.70949435234,
        "var": 7.34135913849
    },
    "spectral_rms": {
        "dmean": 0.0011889411835,
        "dmean2": 0.00181276816875,
        "dvar": 2.67552127298e-06,
        "dvar2": 5.57832299819e-06,
        "max": 0.0151525205001,
        "mean": 0.00547307962552,
        "median": 0.00519132707268,
        "min": 4.46753489314e-07,
        "stdev": 0.0023706771899,
        "var": 5.62011018701e-06
    },
    "spectral_rolloff": {
        "dmean": 395.166320801,
        "dmean2": 642.193725586,
        "dvar": 388429.875,
        "dvar2": 1014274.3125,
        "max": 7730.41992188,
        "mean": 995.567199707,
        "median": 882.861328125,
        "min": 86.1328125,
        "stdev": 763.630981445,
        "var": 583132.25
    },
    "spectral_skewness": {
        "dmean": 0.186823397875,
        "dmean2": 0.288860082626,
        "dvar": 0.0366867892444,
        "dvar2": 0.072708144784,
        "max": 3.79977560043,
        "mean": 1.76350986958,
        "median": 1.74615633488,
        "min": 0.880619227886,
        "stdev": 0.460336089134,
        "var": 0.211909323931
    },
    "spectral_spread": {
        "dmean": 689570.75,
        "dmean2": 959754.25,
        "dvar": 830723719168,
        "dvar2": 1.73337634406e+12,
        "max": 12629989,
        "mean": 5071644,
        "median": 4923369.5,
        "min": 2724833.25,
        "stdev": 1463134.625,
        "var": 2.14076306227e+12
    },
    "spectral_strongpeak": {
        "dmean": 0.246152862906,
        "dmean2": 0.42501360178,
        "dvar": 0.0754764527082,
        "dvar2": 0.208032533526,
        "max": 2.14217400551,
        "mean": 0.402156978846,
        "median": 0.314501702785,
        "min": 7.7414797488e-06,
        "stdev": 0.323711484671,
        "var": 0.104789122939
    },
    "zerocrossingrate": {
        "dmean": 0.0117130856961,
        "dmean2": 0.0139185674489,
        "dvar": 0.000156954629347,
        "dvar2": 0.00022980158974,
        "max": 0.15234375,
        "mean": 0.0559028275311,
        "median": 0.0478515625,
        "min": 0.00830078125,
        "stdev": 0.0274187494069,
        "var": 0.000751787796617
    },
    "barkbands": {
        "dmean": [0.000494074716698, 0.00845408812165, 0.00461536226794, 0.00285124452785, 0.00393562484533, 0.000877238344401, 0.000592783326283, 0.000524443457834, 0.000608992704656, 0.000482779956656, 0.000272110133665, 0.000289512245217, 0.000275732047157, 0.000297975784633, 0.000327394140186, 0.000164916229551, 0.000130080428789, 0.000124467682326, 0.000154817418661, 0.000126316022943, 0.000131972497911, 0.000116516181151, 9.48330925894e-05, 9.60015313467e-05, 0.000155521935085, 0.000108537060441, 7.04481817593e-06],
        "dmean2": [0.000726825383026, 0.0134527580813, 0.00793128460646, 0.00482938671485, 0.00673358468339, 0.0015053517418, 0.000988531741314, 0.000858409621287, 0.000966658990365, 0.00074723130092, 0.000442191492766, 0.000461982999695, 0.000434932531789, 0.000499255838804, 0.000534267048351, 0.000272316043265, 0.000209889039979, 0.000203882562346, 0.000254057900747, 0.000201877788641, 0.000200611495529, 0.00017772805586, 0.000135681446409, 0.000131036460516, 0.000217918059207, 0.000154968904098, 1.19940050354e-05],
        "dvar": [1.8043840555e-06, 0.000621575047262, 5.13440572831e-05, 1.34431602419e-05, 5.81823660468e-05, 3.60148578693e-06, 9.62377612268e-07, 5.51661173631e-07, 8.97403765521e-07, 3.56214570729e-07, 1.88011881619e-07, 1.42644339007e-07, 1.36448576882e-07, 8.20034927074e-07, 1.95129302938e-07, 9.38438233788e-08, 5.53840884265e-08, 6.86400056793e-08, 9.94661064624e-08, 1.02653338274e-07, 1.58789688953e-07, 8.00514143862e-08, 3.82143419131e-08, 3.58655043442e-08, 9.43551654586e-08, 5.84782036128e-08, 4.53081405727e-10],
        "dvar2": [3.8463472265e-06, 0.00148770608939, 0.000141790194903, 3.65716332453e-05, 0.000155890273163, 1.06964444058e-05, 2.83424924419e-06, 1.5539043261e-06, 2.54178098658e-06, 8.68079041538e-07, 5.05563832576e-07, 3.66948086139e-07, 3.4321837461e-07, 2.25983421842e-06, 4.82467555685e-07, 2.46837743134e-07, 1.26530480316e-07, 1.73449009822e-07, 2.5801978154e-07, 2.59814470382e-07, 3.85600912978e-07, 1.84697213967e-07, 7.15065340273e-08, 7.45657615653e-08, 2.03711422841e-07, 1.27089251123e-07, 1.23667709406e-09],
        "max": [0.0122520951554, 0.17606446147, 0.0725802630186, 0.0345266722143, 0.0775892361999, 0.018741345033, 0.0108539741486, 0.00583384605125, 0.013355021365, 0.00685375370085, 0.0064149373211, 0.00330908223987, 0.00486150523648, 0.0139827206731, 0.00501775601879, 0.00318529596552, 0.00217241910286, 0.00315637863241, 0.00361639261246, 0.00351779186167, 0.00533026549965, 0.00368694867939, 0.00270089390688, 0.00204917951487, 0.00311481161043, 0.00204372522421, 0.000267954281298],
        "mean": [0.000528693606611, 0.00900992751122, 0.00626143207774, 0.00412141950801, 0.00618790602311, 0.00136021664366, 0.00103180215228, 0.000874935125466, 0.00118219503202, 0.000986740575172, 0.000507036573254, 0.000538106891327, 0.000506287731696, 0.000472766434541, 0.000651785929222, 0.000289701507427, 0.000211056787521, 0.000208497876883, 0.000276247505099, 0.000196829627384, 0.000209911697311, 0.0001971104939, 0.000159069953952, 0.000160657873494, 0.000213393272134, 0.000114674468932, 5.67238157601e-06],
        "median": [0.000139639669214, 0.00330227776431, 0.00404918566346, 0.00286772358231, 0.00390922604129, 0.000874301069416, 0.000662152946461, 0.00059081800282, 0.000815625593532, 0.000608213886153, 0.000396096409531, 0.000391996174585, 0.000336508644978, 0.000288685259875, 0.000453745480627, 0.000199166475795, 0.00012681883527, 0.000114381364256, 0.000149209066876, 5.80815612921e-05, 5.37561973033e-05, 4.91216887895e-05, 2.72979996225e-05, 3.16753576044e-05, 6.09179369349e-05, 8.46886996442e-06, 5.1433084991e-07],
        "min": [9.26463506606e-12, 7.49758241603e-12, 8.08706400457e-12, 1.73947869997e-11, 3.07566229429e-11, 1.26024416597e-11, 1.29674812555e-11, 2.1032519476e-11, 1.95915766249e-11, 1.7132949573e-11, 7.40174501551e-12, 4.17227840818e-12, 1.22776120867e-11, 7.81128200317e-12, 2.03787074021e-12, 2.72518205918e-12, 3.69494669236e-12, 3.03238814267e-12, 3.14976343618e-12, 4.13357661901e-13, 5.51415954998e-13, 2.0109909289e-13, 2.24380098377e-13, 2.41721166737e-13, 2.32308746892e-13, 4.20567342074e-14, 4.04371597784e-14],
        "stdev": [0.00142645591404, 0.0237188171595, 0.00738504575565, 0.00442517083138, 0.00824650283903, 0.0017860091757, 0.00111841340549, 0.000907673733309, 0.00125411979388, 0.00101578561589, 0.000483610929223, 0.000500760565046, 0.000550328521058, 0.000831200915854, 0.000630917784292, 0.000340858328855, 0.000284785259282, 0.000302398926578, 0.000378107273718, 0.000364753708709, 0.000447093188995, 0.000367006083252, 0.000294609606499, 0.000273091107374, 0.000382844940759, 0.000277145387372, 1.85634362424e-05],
        "var": [2.03477634386e-06, 0.000562582281418, 5.45388975297e-05, 1.9582137611e-05, 6.80048033246e-05, 3.18982893077e-06, 1.25084864067e-06, 8.23871630473e-07, 1.5728165863e-06, 1.03182037492e-06, 2.3387953263e-07, 2.50761161169e-07, 3.02861508317e-07, 6.90894978561e-07, 3.98057267148e-07, 1.16184402543e-07, 8.11026410474e-08, 9.14451021572e-08, 1.42965120631e-07, 1.33045276129e-07, 1.99892326691e-07, 1.3469346527e-07, 8.67948131145e-08, 7.45787502865e-08, 1.46570243942e-07, 7.68095702597e-08, 3.44601153168e-10]
    },
    "erbbands": {
        "dmean": [0.282674759626, 1.82438290119, 4.61884498596, 7.47864532471, 12.744638443, 13.7047767639, 8.62556743622, 7.54692363739, 8.34806537628, 9.22221660614, 10.9167461395, 13.7868452072, 16.3708839417, 12.1642999649, 10.7031316757, 12.2606754303, 13.0763149261, 15.2649936676, 15.7306556702, 14.4096317291, 7.92781209946, 7.44205713272, 7.25018072128, 7.10163736343, 6.77813053131, 5.91737794876, 5.35387611389, 5.40193891525, 3.82829427719, 3.92337703705, 2.54472756386, 2.15049672127, 1.50175464153, 1.52458572388, 1.20640099049, 0.578936398029, 0.19162106514, 0.0265796408057, 0.000757396279369, 3.63187609764e-05],
        "dmean2": [0.439712285995, 3.02750253677, 7.85572957993, 12.9988803864, 21.187669754, 23.5572872162, 14.9372348785, 13.0856866837, 14.1719207764, 15.4619321823, 17.6658096313, 21.6108093262, 25.5452575684, 18.6934337616, 17.0914840698, 19.6185207367, 20.8270187378, 25.6483821869, 26.1501789093, 23.9838237762, 12.9473152161, 12.0249614716, 11.7902030945, 11.4931440353, 10.8175392151, 9.59113407135, 8.24975681305, 8.33470249176, 5.82667160034, 5.80132722855, 3.60563921928, 3.06595110893, 2.06169629097, 2.19878864288, 1.70608603954, 0.813839673996, 0.275437355042, 0.0396084450185, 0.00117293244693, 4.94628111483e-05],
        "dvar": [0.768237352371, 29.0595989227, 63.4313087463, 108.375, 366.522766113, 823.613464355, 275.77923584, 336.707977295, 236.463165283, 185.741119385, 272.83404541, 510.671234131, 537.958618164, 234.70930481, 322.018493652, 256.279815674, 354.645050049, 2611.0859375, 444.263671875, 520.405578613, 210.201751709, 188.301467896, 242.323959351, 208.77947998, 208.759719849, 220.159988403, 247.26222229, 260.835784912, 92.2378540039, 65.9109268188, 26.398809433, 19.7678642273, 8.24523448944, 9.85816192627, 5.90675020218, 1.51573359966, 0.201187044382, 0.00358499609865, 4.25561574957e-06, 3.82539333543e-09],
        "dvar2": [1.81527388096, 73.5912246704, 172.478347778, 309.965911865, 970.213439941, 2273.74194336, 819.065612793, 996.580627441, 698.475158691, 527.730285645, 758.868591309, 1445.1739502, 1316.4041748, 551.130859375, 881.944885254, 643.264343262, 895.757995605, 7295.17871094, 1130.44213867, 1331.80651855, 527.925231934, 455.256713867, 612.096923828, 526.844848633, 524.058776855, 560.636413574, 584.625305176, 656.87689209, 208.881240845, 139.191574097, 49.6996955872, 42.9207496643, 16.5107097626, 22.3111820221, 13.148806572, 3.21873354912, 0.455661594868, 0.00810686592013, 1.08329195427e-05, 7.50417861184e-09],
        "max": [7.55937385559, 41.5914382935, 77.8531341553, 114.049636841, 215.070053101, 263.71774292, 145.81602478, 170.125396729, 190.879272461, 143.245056152, 127.929893494, 333.923400879, 240.045791626, 169.005813599, 287.273681641, 169.841552734, 234.532333374, 810.040466309, 209.854568481, 218.417388916, 135.635299683, 138.941162109, 191.346343994, 167.493377686, 154.731735229, 169.473556519, 186.052032471, 209.563446045, 108.951477051, 98.6302261353, 62.4192047119, 51.8108520508, 30.3043479919, 29.1065826416, 23.7410163879, 11.3240976334, 4.79521656036, 0.559141159058, 0.026720976457, 0.000580403662752],
        "mean": [0.278142124414, 1.95851945877, 6.50549268723, 11.5627403259, 19.2966537476, 20.1090087891, 12.5238447189, 11.1895637512, 14.8339519501, 15.7579336166, 19.3659152985, 26.388628006, 33.5567588806, 25.1080532074, 22.6288528442, 23.7086925507, 24.6699180603, 24.9147033691, 30.1139335632, 28.1314544678, 14.3577785492, 12.3885545731, 12.1892404556, 12.9476127625, 12.1831712723, 9.32843017578, 8.66633892059, 8.15031051636, 6.78968524933, 6.49688339233, 4.19281148911, 3.67758703232, 2.40427660942, 2.13207054138, 1.57122254372, 0.663279771805, 0.197766438127, 0.0279745571315, 0.000766053330153, 6.64814724587e-05],
        "median": [0.0718036293983, 0.820947110653, 4.48213195801, 8.0269575119, 12.6929206848, 11.4046220779, 7.360414505, 6.6743516922, 9.84708881378, 11.2150535583, 13.5961456299, 18.387840271, 19.2897319794, 16.8406963348, 19.0439453125, 17.1916103363, 17.1286048889, 16.012676239, 21.2143859863, 18.3934898376, 10.2984075546, 7.60116863251, 6.76411390305, 8.20222663879, 5.89207220078, 2.92292022705, 2.35741281509, 1.95288300514, 1.91596889496, 1.23769116402, 0.696373820305, 0.694009721279, 0.518173336983, 0.629751086235, 0.39847433567, 0.0872389525175, 0.0131555693224, 0.00234817387536, 8.61547669047e-05, 3.62414029951e-05],
        "min": [3.42842032541e-10, 1.36434141762e-09, 7.28313365173e-09, 3.7003246689e-08, 9.67431361687e-08, 1.03341577073e-07, 3.15786223837e-08, 1.4505155832e-07, 2.54818672829e-07, 1.23848806766e-07, 6.50351978493e-07, 4.72511885619e-07, 3.10221679456e-07, 5.57023952297e-07, 2.57894726019e-07, 1.59127679922e-07, 4.41359929937e-07, 5.74651892293e-07, 1.52610994064e-07, 2.23069619665e-07, 1.08360751483e-07, 1.67556962083e-07, 1.57443579951e-07, 2.38862526203e-07, 5.85735264735e-08, 1.50032395396e-08, 3.41001999971e-08, 1.58151447494e-08, 8.4432985048e-09, 4.78803263704e-09, 7.38657313093e-09, 5.15784881472e-09, 3.39255645798e-09, 3.61017948869e-09, 1.11311815321e-09, 2.97548846673e-10, 6.71830716059e-11, 2.08569654603e-11, 4.83656387509e-12, 9.22687382228e-13],
        "stdev": [0.84382134676, 4.85232686996, 7.76466703415, 11.9088411331, 22.5853595734, 30.3140926361, 16.4173202515, 16.4707298279, 16.4566307068, 15.5018873215, 19.2321205139, 28.2210540771, 38.7402114868, 24.2275619507, 19.8190193176, 21.6631278992, 26.9558811188, 46.0040817261, 28.8031826019, 30.0365505219, 16.3963890076, 16.2789916992, 17.7928638458, 17.2236728668, 17.968547821, 16.9686965942, 18.2302494049, 17.442363739, 12.4839029312, 11.8371515274, 7.69200277328, 6.41108703613, 4.07544994354, 3.78363728523, 2.94413733482, 1.48205685616, 0.49052515626, 0.0657290518284, 0.00199649087153, 8.11270729173e-05],
        "var": [0.712034463882, 23.5450763702, 60.2900505066, 141.820495605, 510.098449707, 918.944213867, 269.528411865, 271.284912109, 270.820678711, 240.308502197, 369.874481201, 796.42791748, 1500.80407715, 586.974731445, 392.793518066, 469.291107178, 726.619567871, 2116.37548828, 829.623291016, 902.194335938, 268.841552734, 265.005584717, 316.585998535, 296.654937744, 322.868713379, 287.936676025, 332.342010498, 304.236053467, 155.847824097, 140.118148804, 59.1669044495, 41.1020393372, 16.609292984, 14.315911293, 8.66794490814, 2.19649267197, 0.240614920855, 0.00432030810043, 3.98597603635e-06, 6.58160148603e-09]
    },
    "gfcc": {
        "mean": [24.3719825745, 96.9105606079, -102.516044617, 27.283782959, -51.7465324402, 23.9265003204, -41.2450942993, 12.0179347992, -31.931552887, 3.89012122154, -23.135761261, -4.30326557159, -12.7153530121],
        "cov": [[6488.93847656, -1285.60620117, 372.722869873, 282.859100342, -173.580154419, 232.275161743, -46.6401977539, 62.1386032104, -45.0502357483, 157.499191284, -215.003112793, 143.489562988, -168.778427124], [-1285.60620117, 840.366088867, -176.974731445, -114.201927185, 128.687866211, -67.6125640869, 33.4219398499, -20.491897583, 31.2213497162, -63.0406608582, 88.5659713745, -92.1070632935, 104.01020813], [372.722869873, -176.974731445, 463.838287354, -34.2971954346, 124.466629028, 38.6625289917, -33.3993759155, 51.1978988647, -57.6564712524, 100.915740967, -31.865524292, 53.6613311768, -2.9327018261], [282.859100342, -114.201927185, -34.2971954346, 184.270278931, -50.0034980774, 55.2552146912, 34.7056770325, -11.5365858078, 32.8118858337, -14.1149644852, 2.84581637383, 0.967789292336, -15.6459674835], [-173.580154419, 128.687866211, 124.466629028, -50.0034980774, 174.560638428, 9.63950920105, 11.2336740494, 37.9989013672, -3.19495129585, 39.0894393921, 18.5967578888, 15.5851306915, 21.912481308], [232.275161743, -67.6125640869, 38.6625289917, 55.2552146912, 9.63950920105, 94.626701355, 39.8870544434, 27.5445690155, 28.458940506, 9.14407348633, -5.0600566864, 4.57298660278, -8.77703762054], [-46.6401977539, 33.4219398499, -33.3993759155, 34.7056770325, 11.2336740494, 39.8870544434, 76.936958313, 19.4501266479, 39.0591583252, -11.7882585526, 13.4608001709, -8.95498275757, -12.0849723816], [62.1386032104, -20.491897583, 51.1978988647, -11.5365858078, 37.9989013672, 27.5445690155, 19.4501266479, 79.6116027832, 29.1577968597, 33.8647842407, 4.93241453171, 12.5867261887, 2.60548400879], [-45.0502357483, 31.2213497162, -57.6564712524, 32.8118858337, -3.19495129585, 28.458940506, 39.0591583252, 29.1577968597, 76.1974029541, 5.50763273239, 21.463842392, -1.13421618938, -0.974590539932], [157.499191284, -63.0406608582, 100.915740967, -14.1149644852, 39.0894393921, 9.14407348633, -11.7882585526, 33.8647842407, 5.50763273239, 72.6362686157, 14.088973999, 30.7500724792, 2.21034812927], [-215.003112793, 88.5659713745, -31.865524292, 2.84581637383, 18.5967578888, -5.0600566864, 13.4608001709, 4.93241453171, 21.463842392, 14.088973999, 54.9322738647, 12.2688560486, 10.756814003], [143.489562988, -92.1070632935, 53.6613311768, 0.967789292336, 15.5851306915, 4.57298660278, -8.95498275757, 12.5867261887, -1.13421618938, 30.7500724792, 12.2688560486, 54.9803657532, 3.62474036217], [-168.778427124, 104.01020813, -2.9327018261, -15.6459674835, 21.912481308, -8.77703762054, -12.0849723816, 2.60548400879, -0.974590539932, 2.21034812927, 10.756814003, 3.62474036217, 52.1472473145]],
        "icov": [[0.000270213931799, 1.21202010632e-05, 0.000133049994474, -0.000308499409584, 0.000150473337271, -0.000444734760094, 0.000129300096887, -1.50440200741e-05, 0.000226057702093, -0.000811578647699, 0.0011710281251, -0.00062610511668, 0.000498536217492], [1.21202010632e-05, 0.00580962980166, 6.85144041199e-05, 0.00242554140277, -0.00383968837559, 0.00157104420941, -0.00125698128249, 0.00151140301023, -0.00183872622438, 0.0041490434669, -0.00875250436366, 0.0101480279118, -0.00841586757451], [0.000133049994474, 6.85144041199e-05, 0.00546840112656, -0.000580017745961, -0.00264937570319, -0.0021362665575, 0.000277475250186, -0.000702569726855, 0.00444059167057, -0.00631267670542, 0.00443935580552, -0.00184877216816, 0.000843939254992], [-0.000308499409584, 0.00242554140277, -0.000580017745961, 0.00969822239131, 0.000490812177304, -0.00339812878519, -0.00186630326789, 0.00372563349083, -0.0035319365561, 0.0035259835422, -0.00597594957799, 0.00377662340179, -0.00360127771273], [0.000150473337271, -0.00383968837559, -0.00264937570319, 0.000490812177304, 0.0124072395265, -0.00137660664041, -0.00259827612899, -0.00264785904437, 0.00226013036445, -0.00377799803391, 0.00275991577655, -0.00607444159687, 0.00228390842676], [-0.000444734760094, 0.00157104420941, -0.0021362665575, -0.00339812878519, -0.00137660664041, 0.0205009374768, -0.0083074728027, -0.002439717995, -0.00383394211531, 0.00164218700957, 0.000451130588772, 0.00298874732107, -0.00392901571468], [0.000129300096887, -0.00125698128249, 0.000277475250186, -0.00186630326789, -0.00259827612899, -0.0083074728027, 0.0272834133357, -0.0042330683209, -0.00695566134527, 0.00782972108573, -0.00447519682348, 3.74166302208e-05, 0.00906781665981], [-1.50440200741e-05, 0.00151140301023, -0.000702569726855, 0.00372563349083, -0.00264785904437, -0.002439717995, -0.0042330683209, 0.0229741074145, -0.00869887787849, -0.00697349617258, 0.00210824538954, 0.00169888872188, -0.00383178959601], [0.000226057702093, -0.00183872622438, 0.00444059167057, -0.0035319365561, 0.00226013036445, -0.00383394211531, -0.00695566134527, -0.00869887787849, 0.0281080305576, -0.0077414852567, -0.000873607059475, -0.00243407650851, 0.00201962213032], [-0.000811578647699, 0.0041490434669, -0.00631267670542, 0.0035259835422, -0.00377799803391, 0.00164218700957, 0.00782972108573, -0.00697349617258, -0.0077414852567, 0.0387399494648, -0.0201372727752, 0.00190067011863, -0.0039374185726], [0.0011710281251, -0.00875250436366, 0.00443935580552, -0.00597594957799, 0.00275991577655, 0.000451130588772, -0.00447519682348, 0.00210824538954, -0.000873607059475, -0.0201372727752, 0.048779502511, -0.024273969233, 0.00994021818042], [-0.00062610511668, 0.0101480279118, -0.00184877216816, 0.00377662340179, -0.00607444159687, 0.00298874732107, 3.74166302208e-05, 0.00169888872188, -0.00243407650851, 0.00190067011863, -0.024273969233, 0.0450433269143, -0.0165085121989], [0.000498536217492, -0.00841586757451, 0.000843939254992, -0.00360127771273, 0.00228390842676, -0.00392901571468, 0.00906781665981, -0.00383178959601, 0.00201962213032, -0.0039374185726, 0.00994021818042, -0.0165085121989, 0.036516405642]]
    },
    "melbands": {
        "dmean": [0.00240021338686, 0.00225984328426, 0.00134115410037, 0.000926934648305, 0.000368268694729, 0.000164819284691, 0.000124184953165, 0.000104180464405, 9.12385803531e-05, 8.81848318386e-05, 8.05837335065e-05, 5.20531903021e-05, 3.83610640711e-05, 3.31204319082e-05, 3.17886988341e-05, 2.5104964152e-05, 2.98130380543e-05, 2.51477558777e-05, 2.11202986975e-05, 1.61198222486e-05, 9.05542583496e-06, 7.65431923355e-06, 8.48643776408e-06, 5.51802395421e-06, 6.19807542535e-06, 5.99341046836e-06, 4.54501969216e-06, 4.05831269745e-06, 3.52691517946e-06, 3.51420089828e-06, 3.20675189869e-06, 2.28956218962e-06, 2.26554084293e-06, 2.21734239858e-06, 1.594606033e-06, 1.33054254547e-06, 1.3685482827e-06, 1.08519202513e-06, 9.96791527541e-07, 1.56701423748e-06],
        "dmean2": [0.00384199782275, 0.00376507290639, 0.00228834198788, 0.0015703199897, 0.000643569335807, 0.000283332221443, 0.000210966434679, 0.000171811916516, 0.000147288286826, 0.000137466762681, 0.00012581908959, 7.97131069703e-05, 6.10681527178e-05, 5.31578298251e-05, 4.96072643728e-05, 4.01937431889e-05, 5.07529366587e-05, 4.1708615754e-05, 3.40220722137e-05, 2.65732014668e-05, 1.50219830175e-05, 1.25259703054e-05, 1.3878990103e-05, 9.08362926566e-06, 1.0084256246e-05, 9.99553049041e-06, 7.23090579413e-06, 6.76086392559e-06, 5.60640683034e-06, 5.7497236412e-06, 4.99208681504e-06, 3.64359357263e-06, 3.38587119586e-06, 3.31664864461e-06, 2.37189397012e-06, 1.91691083273e-06, 2.01767056751e-06, 1.54461429247e-06, 1.37999234084e-06, 2.37590074903e-06],
        "dvar": [5.41468907613e-05, 2.06656204682e-05, 2.77354661193e-06, 3.14006638291e-06, 5.45165164567e-07, 1.54087089754e-07, 4.8127951402e-08, 2.20187406086e-08, 1.99963174907e-08, 1.86767241672e-08, 1.27817019191e-08, 4.45369074953e-09, 3.77466324863e-09, 2.25852292424e-09, 1.49864964882e-09, 2.0853565541e-09, 9.96777149709e-09, 1.05882891344e-09, 1.04399666689e-09, 7.14645620459e-10, 2.96946522926e-10, 1.94503871342e-10, 2.26274249338e-10, 1.77225040199e-10, 1.53596732555e-10, 1.50810489097e-10, 1.04811374857e-10, 1.07563638552e-10, 1.03806740981e-10, 1.09516992697e-10, 8.94428558995e-11, 3.57866757061e-11, 2.60050817685e-11, 2.03040986801e-11, 1.09132416645e-11, 7.87773839217e-12, 8.15788842728e-12, 4.72388361067e-12, 3.52536706424e-12, 1.2264784674e-11],
        "dvar2": [0.000128674335429, 5.32265730726e-05, 7.73261854192e-06, 8.24215203465e-06, 1.62842115969e-06, 4.57040442825e-07, 1.41341786275e-07, 6.35157064721e-08, 5.67471865054e-08, 5.22265821701e-08, 3.1018242197e-08, 1.03372688187e-08, 1.03352055802e-08, 5.95896798572e-09, 3.81920939319e-09, 5.46743894603e-09, 2.79281291427e-08, 2.72880118501e-09, 2.66557642625e-09, 1.87816073804e-09, 7.56452567252e-10, 4.64181415527e-10, 5.5460797066e-10, 4.56737508925e-10, 3.91657595245e-10, 3.91336768546e-10, 2.5855792507e-10, 2.82026818565e-10, 2.44926856574e-10, 2.84750639734e-10, 2.23379564845e-10, 8.78001560345e-11, 5.74894160055e-11, 4.38794001134e-11, 2.16443963447e-11, 1.61327964876e-11, 1.87919523692e-11, 9.89074447344e-12, 7.31144225025e-12, 2.9183017114e-11],
        "max": [0.057289339602, 0.043422345072, 0.0158597975969, 0.0199009366333, 0.00586610939354, 0.00380702037364, 0.00270040752366, 0.00154219684191, 0.00138809287455, 0.00191574625205, 0.0011582338484, 0.000772875733674, 0.000994445290416, 0.000432404311141, 0.000641101039946, 0.000677295960486, 0.00153709307779, 0.00033798374352, 0.000364976614946, 0.000268757983577, 0.0001875442249, 0.000140778734931, 0.000162877026014, 0.000198854031623, 0.000152526292368, 0.000137166047352, 0.000115733833809, 0.000121909550217, 0.000106636805867, 0.000138332790812, 0.000120151671581, 7.94705483713e-05, 5.56038939976e-05, 5.63760149817e-05, 3.80856545235e-05, 3.11871372105e-05, 3.08429225697e-05, 2.21704503929e-05, 1.8226361135e-05, 3.52791066689e-05],
        "mean": [0.00246065855026, 0.00313000264578, 0.00223248684779, 0.0014836397022, 0.000518349814229, 0.000249448843533, 0.000226256845053, 0.000179526818101, 0.000160977375344, 0.000170577666722, 0.000163643970154, 0.000100960554846, 7.65047880122e-05, 6.08882510278e-05, 6.12740113866e-05, 4.63799115096e-05, 4.58585527667e-05, 4.70969025628e-05, 4.09687454521e-05, 3.0001403502e-05, 1.40578149512e-05, 1.19680507851e-05, 1.39268931889e-05, 8.56253700476e-06, 1.0688256225e-05, 1.02813928606e-05, 7.0429009611e-06, 5.91908110437e-06, 5.49976448383e-06, 4.92013168696e-06, 4.67473000754e-06, 3.76440311811e-06, 3.73068587578e-06, 3.5353552903e-06, 2.48220885624e-06, 2.1589150947e-06, 2.22490461965e-06, 1.64466518981e-06, 1.4611006236e-06, 2.04743673748e-06],
        "median": [0.000772608502302, 0.00206943554804, 0.00163763749879, 0.00092184060486, 0.000292890937999, 0.000156265945407, 0.000147775499499, 0.000124539394164, 0.000114993563329, 0.000116973693366, 9.20495804166e-05, 6.12196017755e-05, 6.13655793131e-05, 4.52665008197e-05, 4.70557170047e-05, 3.0955307011e-05, 2.81636985164e-05, 3.30070397467e-05, 2.69093616225e-05, 1.80517690751e-05, 9.35150092118e-06, 6.87822375767e-06, 8.01261285233e-06, 4.44350780526e-06, 6.51060099699e-06, 5.20746380062e-06, 2.53585699284e-06, 1.76963067133e-06, 1.48315655224e-06, 1.21869436498e-06, 1.07880111955e-06, 1.0988245549e-06, 7.96362712663e-07, 6.16783040641e-07, 3.93548958755e-07, 3.86213002912e-07, 4.15178988078e-07, 3.76621954956e-07, 2.81631230337e-07, 6.23323956006e-07],
        "min": [3.00186308103e-12, 3.3604974272e-12, 8.17402048825e-12, 7.68025833903e-12, 1.68756425934e-12, 3.23998054948e-12, 3.55267031071e-12, 1.70881874189e-12, 5.79197453887e-12, 2.46417383026e-12, 1.56348491012e-12, 2.40897991659e-12, 9.21674086878e-13, 4.32897261874e-13, 4.45248736968e-13, 1.52594104887e-12, 9.57260312684e-13, 2.7242495911e-13, 1.81328666275e-13, 2.82340177713e-13, 1.15670331386e-13, 1.52801138712e-13, 2.37149248806e-13, 1.21459998092e-13, 2.11907341717e-13, 7.96759644481e-14, 5.51874406498e-15, 9.93638849721e-15, 3.06226838863e-14, 7.29800199223e-15, 9.00108116433e-15, 5.05645211709e-15, 2.92482954258e-15, 2.71419807135e-15, 4.45325115623e-15, 3.65418695533e-15, 3.07490768721e-15, 2.55419333585e-15, 1.66934788492e-15, 3.98845749654e-15],
        "stdev": [0.00702918879688, 0.00436125742272, 0.00208448478952, 0.0019927402027, 0.000708202831447, 0.000354062300175, 0.000244466966251, 0.000175814289832, 0.000157626185683, 0.000181364041055, 0.000188677207916, 0.000104240869405, 6.90501619829e-05, 5.66333765164e-05, 5.71809650864e-05, 5.66341223021e-05, 8.82619642653e-05, 4.53826069133e-05, 4.20289579779e-05, 3.3924170566e-05, 1.81821706065e-05, 1.64235989359e-05, 1.871096174e-05, 1.3915298041e-05, 1.4517391719e-05, 1.46133252201e-05, 1.22551246022e-05, 1.13418691399e-05, 1.16550281746e-05, 1.10509845399e-05, 1.01414561868e-05, 7.0715163929e-06, 7.02154284227e-06, 6.52656262901e-06, 4.68565667688e-06, 3.99087230107e-06, 3.91976891478e-06, 2.89206764137e-06, 2.5803446988e-06, 3.87635736843e-06],
