{
"metadata": {
    "version": {
        "essentia": "2.1-beta6-dev",
        "essentia_git_sha": "v2.1_beta5-778-gc9eadba6",
        "extractor": "music 2.0"
    },
    "audio_properties": {
        "analysis": {
            "equal_loudness": 0,
            "length": 16.9999771118,
            "sample_rate": 44100,
            "start_time": 0,
            "downmix": "mix"
        },
        "bit_rate": 128000,
        "length": 17,
        "lossless": 0,
        "number_channels": 2,
        "replay_gain": -0.307729721069,
        "sample_rate": 48000,
        "codec": "mp3",
        "md5_encoded": "be80853bfd0b8da49378c7c40cf9adc1"
    },
    "tags": {
        "file_name": "brianeno-thursdayafternoon.mp3",
        "encoding": ["Lavf59.16.100"]
    }
},
"lowlevel": {
    "average_loudness": 0.807423353195,
    "barkbands_crest": {
        "dmean": 1.18950247765,
        "dmean2": 1.79759812355,
        "dvar": 1.9902626276,
        "dvar2": 4.14894580841,
        "max": 26.5929374695,
        "mean": 19.3752880096,
        "median": 20.1112365723,
        "min": 6.66303300858,
        "stdev": 4.99654102325,
        "var": 24.965423584
    },
    "barkbands_flatness_db": {
        "dmean": 0.0160390213132,
        "dmean2": 0.0237389672548,
        "dvar": 0.000323893124005,
        "dvar2": 0.000554008351173,
        "max": 0.623964905739,
        "mean": 0.426871746778,
        "median": 0.428511053324,
        "min": 0.0772765353322,
        "stdev": 0.0797463729978,
        "var": 0.00635948451236
    },
    "barkbands_kurtosis": {
        "dmean": 12.0222434998,
        "dmean2": 18.7016277313,
        "dvar": 268.30255127,
        "dvar2": 674.32232666,
        "max": 225.864868164,
        "mean": 33.9778366089,
        "median": 21.6687736511,
        "min": -0.167417764664,
        "stdev": 35.3997535706,
        "var": 1253.14245605
    },
    "barkbands_skewness": {
        "dmean": 0.846992254257,
        "dmean2": 1.38932967186,
        "dvar": 0.87221455574,
        "dvar2": 2.15878987312,
        "max": 9.91533660889,
        "mean": 1.52808630466,
        "median": 1.13213849068,
        "min": -5.93220186234,
        "stdev": 2.06129527092,
        "var": 4.24893808365
    },
    "barkbands_spread": {
        "dmean": 0.308009594679,
        "dmean2": 0.40279135108,
        "dvar": 2.31325745583,
        "dvar2": 1.85350394249,
        "max": 43.3563079834,
        "mean": 1.06037950516,
        "median": 0.699991464615,
        "min": 0.0531671792269,
        "stdev": 1.9832316637,
        "var": 3.93320798874
    },
    "dissonance": {
        "dmean": 0.0535379610956,
        "dmean2": 0.0910305827856,
        "dvar": 0.00292927399278,
        "dvar2": 0.00739026675001,
        "max": 0.497517675161,
        "mean": 0.249808833003,
        "median": 0.233340978622,
        "min": 0.0535663254559,
        "stdev": 0.105784617364,
        "var": 0.0111903846264
    },
    "dynamic_complexity": 6.67223167419,
    "erbbands_crest": {
        "dmean": 1.6101834774,
        "dmean2": 2.22286939621,
        "dvar": 3.80311346054,
        "dvar2": 7.14189863205,
        "max": 32.3075485229,
        "mean": 23.7983589172,
        "median": 24.8552436829,
        "min": 3.99845099449,
        "stdev": 5.10267305374,
        "var": 26.0372714996
    },
    "erbbands_flatness_db": {
        "dmean": 0.0132291773334,
        "dmean2": 0.0195759851485,
        "dvar": 0.00031450894312,
        "dvar2": 0.000528693257365,
        "max": 0.581514358521,
        "mean": 0.410303920507,
        "median": 0.414667546749,
        "min": 0.0761134549975,
        "stdev": 0.0756152644753,
        "var": 0.00571766868234
    },
    "erbbands_kurtosis": {
        "dmean": 6.96856069565,
        "dmean2": 10.026473999,
        "dvar": 108.448745728,
        "dvar2": 220.088241577,
        "max": 225.22996521,
        "mean": 26.9755401611,
        "median": 16.6596069336,
        "min": -1.38623356819,
        "stdev": 28.8272514343,
        "var": 831.010375977
    },
    "erbbands_skewness": {
        "dmean": 0.480883002281,
        "dmean2": 0.679068505764,
        "dvar": 0.278816759586,
        "dvar2": 0.586656153202,
        "max": 10.8133935928,
        "mean": 2.76876139641,
        "median": 2.54399228096,
        "min": -1.41988921165,
        "stdev": 1.87921714783,
        "var": 3.53145694733
    },
    "erbbands_spread": {
        "dmean": 0.61453139782,
        "dmean2": 0.722506225109,
        "dvar": 6.10412359238,
        "dvar2": 4.36211776733,
        "max": 76.0874557495,
        "mean": 3.10945487022,
        "median": 2.24328780174,
        "min": 0.295596331358,
        "stdev": 3.76190137863,
        "var": 14.1519021988
    },
    "hfc": {
        "dmean": 1.02978217602,
        "dmean2": 1.3505398035,
        "dvar": 9.37213897705,
        "dvar2": 17.5894012451,
        "max": 44.7993392944,
        "mean": 4.89630126953,
        "median": 1.86381149292,
        "min": 1.2164303683e-16,
        "stdev": 6.89962148666,
        "var": 47.6047782898
    },
    "loudness_ebu128": {
        "integrated": -25.2951602936,
        "loudness_range": 8.03877830505,
        "momentary": {
            "dmean": 0.925805866718,
            "dmean2": 0.767802417278,
            "dvar": 1.21980679035,
            "dvar2": 1.31752324104,
            "max": -18.5182037354,
            "mean": -28.6885166168,
            "median": -28.9646110535,
            "min": -49.1708374023,
            "stdev": 6.05410480499,
            "var": 36.6521873474
        },
        "short_term": {
            "dmean": 0.174719050527,
            "dmean2": 0.0797657445073,
            "dvar": 0.0298064053059,
            "dvar2": 0.0125865722075,
            "max": -22.3209037781,
            "mean": -26.0338134766,
            "median": -24.4205379486,
            "min": -34.2630004883,
            "stdev": 3.11706280708,
            "var": 9.71608066559
        }
    },
    "melbands_crest": {
        "dmean": 1.5595741272,
        "dmean2": 2.25003933907,
        "dvar": 2.92699384689,
        "dvar2": 5.80069208145,
        "max": 32.7219314575,
        "mean": 23.219127655,
        "median": 23.5978469849,
        "min": 2.38093113899,
        "stdev": 5.20530748367,
        "var": 27.0952243805
    },
    "melbands_flatness_db": {
        "dmean": 0.0154816042632,
        "dmean2": 0.0219308231026,
        "dvar": 0.000416477618273,
        "dvar2": 0.000532282574568,
        "max": 0.715651810169,
        "mean": 0.52092653513,
        "median": 0.522788703442,
        "min": 0.0101566622034,
        "stdev": 0.0833781659603,
        "var": 0.00695191882551
    },
    "melbands_kurtosis": {
        "dmean": 4.98542928696,
        "dmean2": 7.89385700226,
        "dvar": 39.7152290344,
        "dvar2": 105.959724426,
        "max": 87.3903427124,
        "mean": 15.112578392,
        "median": 13.5875663757,
        "min": -1.05361950397,
        "stdev": 11.5552101135,
        "var": 133.522872925
    },
    "melbands_skewness": {
        "dmean": 0.512346565723,
        "dmean2": 0.826728522778,
        "dvar": 0.287353128195,
        "dvar2": 0.678136408329,
        "max": 4.66036367416,
        "mean": 0.989441752434,
        "median": 0.82974421978,
        "min": -4.63496875763,
        "stdev": 1.46263337135,
        "var": 2.13929653168
    },
    "melbands_spread": {
        "dmean": 0.514330923557,
        "dmean2": 0.670537889004,
        "dvar": 18.3261260986,
        "dvar2": 17.4168052673,
        "max": 121.236763,
        "mean": 1.79154586792,
        "median": 1.25251841545,
        "min": 0.298957854509,
        "stdev": 4.57347202301,
        "var": 20.91664505
    },
    "pitch_salience": {
        "dmean": 0.0495108775795,
        "dmean2": 0.0753040164709,
        "dvar": 0.00270724575967,
        "dvar2": 0.00591927301139,
        "max": 0.945010364056,
        "mean": 0.363537997007,
        "median": 0.362488806248,
        "min": 0.0954682454467,
        "stdev": 0.135011434555,
        "var": 0.0182280857116
    },
    "silence_rate_20dB": {
        "dmean": 0,
        "dmean2": 0,
        "dvar": 0,
        "dvar2": 0,
        "max": 1,
        "mean": 1,
        "median": 1,
        "min": 1,
        "stdev": 0,
        "var": 0
    },
    "silence_rate_30dB": {
        "dmean": 0.00818553846329,
        "dmean2": 0.0163934417069,
        "dvar": 0.00811869930476,
        "dvar2": 0.0188571047038,
        "max": 1,
        "mean": 0.989100813866,
        "median": 1,
        "min": 0,
        "stdev": 0.103828422725,
        "var": 0.0107803419232
    },
    "silence_rate_60dB": {
        "dmean": 0.0327421538532,
        "dmean2": 0.0655737668276,
        "dvar": 0.0316699929535,
        "dvar2": 0.0694699659944,
        "max": 1,
        "mean": 0.35694822669,
        "median": 0,
        "min": 0,
        "stdev": 0.479098111391,
        "var": 0.229535013437
    },
    "spectral_centroid": {
        "dmean": 24.2213363647,
        "dmean2": 27.9343624115,
        "dvar": 149602.984375,
        "dvar2": 146568.203125,
        "max": 10911.3339844,
        "mean": 354.120941162,
        "median": 338.759460449,
        "min": 250.417114258,
        "stdev": 395.030517578,
        "var": 156049.109375
    },
    "spectral_complexity": {
        "dmean": 0.635743498802,
        "dmean2": 1.13114750385,
        "dvar": 0.507157027721,
        "dvar2": 1.19864499569,
        "max": 10,
        "mean": 3.31743860245,
        "median": 3,
        "min": 0,
        "stdev": 1.50703668594,
        "var": 2.2711596489
    },
    "spectral_decrease": {
        "dmean": 8.1535578289e-10,
        "dmean2": 1.08783482222e-09,
        "dvar": 5.91903728409e-18,
        "dvar2": 1.13484870431e-17,
        "max": 7.23365805602e-29,
        "mean": -3.82622955541e-09,
        "median": -1.39554690026e-09,
        "min": -3.70146722162e-08,
        "stdev": 5.4148046047e-09,
        "var": 2.93201083349e-17
    },
    "spectral_energy": {
        "dmean": 0.00316996825859,
        "dmean2": 0.00422720983624,
        "dvar": 8.93238538993e-05,
        "dvar2": 0.000171154621057,
        "max": 0.142949968576,
        "mean": 0.0148851489648,
        "median": 0.00544448383152,
        "min": 1.07603741516e-20,
        "stdev": 0.0210456550121,
        "var": 0.000442919612397
    },
    "spectral_energyband_high": {
        "dmean": 4.4772058061e-08,
        "dmean2": 7.4598460742e-08,
        "dvar": 1.77044391415e-15,
        "dvar2": 4.74727238585e-15,
        "max": 7.77776904215e-07,
        "mean": 2.19427434445e-07,
        "median": 2.0982078297e-07,
        "min": 7.67428364744e-21,
        "stdev": 1.02348934661e-07,
        "var": 1.04753038925e-14
    },
    "spectral_energyband_low": {
        "dmean": 4.46852318419e-05,
        "dmean2": 7.78538233135e-05,
        "dvar": 8.56548965089e-09,
        "dvar2": 2.27649703533e-08,
        "max": 0.0011153704254,
        "mean": 7.36671936465e-05,
        "median": 4.81035349367e-05,
        "min": 4.83694797202e-23,
        "stdev": 0.000108521278889,
        "var": 1.17768683694e-08
    },
    "spectral_energyband_middle_high": {
        "dmean": 8.84590463102e-06,
        "dmean2": 1.20443219203e-05,
        "dvar": 1.65875158054e-09,
        "dvar2": 3.15690296127e-09,
        "max": 0.000874258344993,
        "mean": 2.40067347477e-05,
        "median": 5.79843435844e-06,
        "min": 1.83495337247e-21,
        "stdev": 7.07079161657e-05,
        "var": 4.9996096152e-09
    },
    "spectral_energyband_middle_low": {
        "dmean": 0.00316159031354,
        "dmean2": 0.00422240840271,
        "dvar": 8.90214578249e-05,
        "dvar2": 0.000170743602212,
        "max": 0.142389714718,
        "mean": 0.0148058068007,
        "median": 0.0053790723905,
        "min": 2.46006614081e-22,
        "stdev": 0.0210049953312,
        "var": 0.000441209791461
    },
    "spectral_entropy": {
        "dmean": 0.137085050344,
        "dmean2": 0.194418773055,
        "dvar": 0.0365231968462,
        "dvar2": 0.0435226522386,
        "max": 9.79839134216,
        "mean": 4.72724151611,
        "median": 4.68052196503,
        "min": 3.23858642578,
        "stdev": 0.662873923779,
        "var": 0.439401805401
    },
    "spectral_flux": {
        "dmean": 0.00921901967376,
        "dmean2": 0.0157507881522,
        "dvar": 0.000699989555869,
        "dvar2": 0.00187314173672,
        "max": 0.30997133255,
        "mean": 0.018809363246,
        "median": 0.0125303566456,
        "min": 1.03732224199e-10,
        "stdev": 0.0265171770006,
        "var": 0.000703160709236
    },
    "spectral_kurtosis": {
        "dmean": 18.2446460724,
        "dmean2": 30.7047634125,
        "dvar": 392.990783691,
        "dvar2": 1092.19970703,
        "max": 287.755310059,
        "mean": 83.6876907349,
        "median": 79.1869125366,
        "min": -1.21809995174,
        "stdev": 49.6280136108,
        "var": 2462.93969727
    },
    "spectral_rms": {
        "dmean": 0.000306250120047,
        "dmean2": 0.00039384822594,
        "dvar": 4.52563682529e-07,
        "dvar2": 7.7971679957e-07,
        "max": 0.0118094617501,
        "mean": 0.00306960660964,
        "median": 0.00230471021496,
        "min": 3.2400503721e-12,
        "stdev": 0.00225822767243,
        "var": 5.09959227202e-06
    },
    "spectral_rolloff": {
        "dmean": 41.7738265991,
        "dmean2": 53.3034820557,
        "dvar": 489814.53125,
        "dvar2": 489705.625,
        "max": 19315.2832031,
        "mean": 403.350830078,
        "median": 366.064453125,
        "min": 258.3984375,
        "stdev": 707.096252441,
        "var": 499985.09375
    },
    "spectral_skewness": {
        "dmean": 0.846780359745,
        "dmean2": 1.41647303104,
        "dvar": 0.580517113209,
        "dvar2": 1.48812496662,
        "max": 14.7931957245,
        "mean": 7.5040845871,
        "median": 7.56102895737,
        "min": 0.021556481719,
        "stdev": 2.4837436676,
        "var": 6.1689825058
    },
    "spectral_spread": {
        "dmean": 521779.28125,
        "dmean2": 855478.8125,
        "dvar": 2.14391062528e+12,
        "dvar2": 1.83906035302e+12,
        "max": 41241120,
        "mean": 1705347.5,
        "median": 1564994,
        "min": 362410.0625,
        "stdev": 1907511.875,
        "var": 3.63860171162e+12
    },
    "spectral_strongpeak": {
        "dmean": 0.156450137496,
        "dmean2": 0.218126103282,
        "dvar": 0.0951255485415,
        "dvar2": 0.178059235215,
        "max": 5.23995876312,
        "mean": 1.13170838356,
        "median": 0.884694874287,
        "min": 3.18477444416e-09,
        "stdev": 0.934624135494,
        "var": 0.873522281647
    },
    "zerocrossingrate": {
        "dmean": 0.00137358240318,
        "dmean2": 0.00122804066632,
        "dvar": 0.000117921641504,
        "dvar2": 3.02041389659e-05,
        "max": 0.5166015625,
        "mean": 0.0167552307248,
        "median": 0.015625,
        "min": 0.0107421875,
        "stdev": 0.0223588347435,
        "var": 0.000499917485286
    },
    "barkbands": {
        "dmean": [3.69519011656e-06, 3.30028415192e-05, 1.25647793539e-05, 2.41210327658e-05, 0.00159439665731, 0.00135655642953, 0.000203733317903, 0.000358137302101, 5.5922428146e-05, 1.01498035292e-05, 1.86198633401e-06, 2.40952931563e-06, 1.98557017939e-07, 2.43180380721e-07, 2.21628880581e-07, 5.81839678659e-08, 2.84021997032e-08, 1.7478162917e-08, 1.36211362189e-08, 1.12529159324e-08, 1.04363664377e-08, 1.09268443182e-08, 1.38231870395e-08, 2.00721785859e-08, 1.03650652505e-08, 4.41117853356e-09, 6.02290550766e-10],
        "dmean2": [6.1088462644e-06, 5.80375890422e-05, 2.28672925005e-05, 4.33468267147e-05, 0.0022059797775, 0.00190168828703, 0.000310629344312, 0.000457329209894, 7.58737369324e-05, 1.39990315802e-05, 2.67573818746e-06, 3.13028840537e-06, 3.42391587083e-07, 3.99078686542e-07, 3.83510638358e-07, 9.83964696388e-08, 4.79948703003e-08, 2.99801570236e-08, 2.37086030808e-08, 1.8741671326e-08, 1.7786492279e-08, 1.82284871642e-08, 2.31127827988e-08, 3.37133450046e-08, 1.76671850483e-08, 7.40726102677e-09, 1.10542197618e-09],
        "dvar": [2.58469981529e-11, 4.14853351671e-09, 1.72104375196e-09, 3.2347600154e-09, 4.39980722149e-05, 3.18970014632e-05, 1.87007651675e-06, 3.17298054142e-06, 7.55443991807e-08, 4.67879690547e-09, 4.73413912239e-11, 2.03556227429e-10, 2.72872761713e-13, 9.95904639138e-13, 6.49103912439e-14, 4.53270962295e-15, 7.99362462378e-16, 3.35686965582e-16, 2.37027400152e-16, 1.21470255344e-16, 1.0906794599e-16, 1.18964731886e-16, 1.62913631924e-16, 3.72248031019e-16, 1.04176013083e-16, 3.1321948283e-17, 1.07274427344e-18],
        "dvar2": [6.6519630082e-11, 1.20921459512e-08, 5.0528048412e-09, 9.49299661102e-09, 9.20499005588e-05, 5.91723837715e-05, 4.35756237493e-06, 4.8961178436e-06, 1.43266859709e-07, 8.43008418627e-09, 9.54317944113e-11, 2.71152295062e-10, 7.2830435259e-13, 1.72358199761e-12, 1.73232427209e-13, 1.00016244337e-14, 2.17373514682e-15, 9.52476796605e-16, 7.0577331558e-16, 3.53108024557e-16, 3.0977802767e-16, 3.41059430868e-16, 4.60844580338e-16, 9.87247710848e-16, 2.93056406151e-16, 7.90043577946e-17, 3.42691270447e-18],
        "max": [4.84939373564e-05, 0.000949504261371, 0.000488233723445, 0.000961482408457, 0.140310257673, 0.122482933104, 0.0330277234316, 0.0383256301284, 0.00800770800561, 0.00160395074636, 0.00014476236538, 0.000471434643259, 8.64116100274e-06, 2.61694640358e-05, 2.86010185846e-06, 9.57148586167e-07, 3.65438182826e-07, 2.81263254465e-07, 2.49878610248e-07, 1.10386423557e-07, 1.42500439893e-07, 1.43119322615e-07, 1.51844403717e-07, 3.3207933825e-07, 1.24935866097e-07, 5.55684280812e-08, 9.34373289851e-09],
        "mean": [5.02504826727e-06, 4.6311695769e-05, 1.3439957911e-05, 2.73548139376e-05, 0.00606417516246, 0.00699079455808, 0.000463814445538, 0.00105473014992, 0.000182838077308, 2.47530788329e-05, 3.71969622392e-06, 6.56706879454e-06, 3.51288548472e-07, 4.44109588216e-07, 3.71975346525e-07, 1.238974221e-07, 6.37429522499e-08, 4.27235988809e-08, 3.32409939574e-08, 2.85369647912e-08, 2.73524811689e-08, 2.93899145021e-08, 3.25326041661e-08, 7.95128585196e-08, 2.86732575461e-08, 6.0379488076e-09, 7.93337007199e-10],
        "median": [3.08836797558e-06, 2.90285024676e-05, 5.29117914994e-06, 1.584218262e-05, 0.00089304195717, 0.00167430844158, 4.52389431302e-05, 7.64929063735e-05, 1.97324170585e-05, 2.62283697339e-06, 4.96770667269e-07, 6.73035287946e-07, 2.1327574018e-07, 2.11229462366e-07, 2.80289327748e-07, 1.02187115658e-07, 5.66789921663e-08, 3.85812342074e-08, 3.04251344119e-08, 2.66690598494e-08, 2.47710723045e-08, 2.67459228098e-08, 2.86976309383e-08, 7.5216348705e-08, 2.59664911795e-08, 2.72999001183e-09, 3.13702841481e-10],
        "min": [5.30492708226e-24, 1.06089974616e-23, 6.97493930773e-24, 5.83243742295e-23, 4.95995158198e-23, 8.15220771255e-24, 2.65351256836e-23, 2.06263776433e-23, 7.18261577627e-23, 6.85239670808e-23, 8.82529870454e-23, 4.15300840709e-23, 2.81112237028e-22, 1.69635172311e-22, 5.11387412181e-23, 9.80023864444e-23, 2.3171025829e-22, 2.34671200366e-22, 3.46680866101e-22, 3.26097352003e-22, 3.60429335905e-22, 6.28605667726e-22, 6.3640779238e-22, 7.77960892238e-22, 1.066433719e-21, 1.42911889418e-21, 2.87599793772e-21],
        "stdev": [6.02338104727e-06, 6.93605470587e-05, 3.76308998966e-05, 4.90314450872e-05, 0.0139185730368, 0.0145920561627, 0.00192755786702, 0.00342208333313, 0.000590855896007, 0.000117468829558, 1.07394262159e-05, 3.30027651216e-05, 6.30610827557e-07, 1.52990082825e-06, 3.38805278943e-07, 1.05593308319e-07, 3.95570936007e-08, 2.58023167277e-08, 1.98716723077e-08, 1.62274975679e-08, 1.55406816305e-08, 1.66472329255e-08, 2.01846450665e-08, 4.49444996775e-08, 1.74763936656e-08, 7.82204523375e-09, 1.14942855234e-09],
        "var": [3.62811169996e-11, 4.81088546778e-09, 1.41608469395e-09, 2.40408271068e-09, 0.000193726664293, 0.000212928091059, 3.71547935174e-06, 1.17106546895e-05, 3.49110678144e-07, 1.37989264459e-08, 1.15335276052e-10, 1.08918252195e-09, 3.97670015407e-13, 2.34059668348e-12, 1.14789010545e-13, 1.11499470003e-14, 1.56476366813e-15, 6.65759585031e-16, 3.94883345408e-16, 2.63331690692e-16, 2.41512783715e-16, 2.77130360328e-16, 4.07419909484e-16, 2.02000819602e-15, 3.05424331261e-16, 6.11843926235e-17, 1.32118590246e-18]
    },
    "erbbands": {
        "dmean": [0.0012349137105, 0.00667359307408, 0.0134977614507, 0.0463541448116, 0.612376272678, 8.36634063721, 9.08492279053, 12.3787508011, 5.03370285034, 3.20023918152, 7.73993110657, 1.76731681824, 0.845507800579, 0.077140301466, 0.0862426832318, 0.112236574292, 0.0167929306626, 0.0120194843039, 0.0148757845163, 0.00352159957401, 0.00258854287677, 0.00138750113547, 0.000955750874709, 0.00071609497536, 0.000622770865448, 0.000522260728758, 0.000434589863289, 0.000417240633396, 0.000400446617277, 0.000372037582565, 0.000413759989897, 0.000661632046103, 0.000180082017323, 0.000124132478959, 7.68394311308e-05, 3.24542852468e-05, 5.04020454173e-06, 4.57072559357e-07, 1.46629145092e-06, 3.50525601789e-06],
        "dmean2": [0.00203637126833, 0.0121315857396, 0.0239554215223, 0.0816641077399, 0.874612629414, 11.6282873154, 12.0731153488, 17.7965526581, 6.90592193604, 4.51941347122, 10.0475883484, 2.41455459595, 1.04861199856, 0.111616648734, 0.12074072659, 0.141069144011, 0.0248093809932, 0.0196850858629, 0.0253995917737, 0.00605560140684, 0.0043094358407, 0.00233771838248, 0.00162389595062, 0.00122417602688, 0.00106097233947, 0.000886379391886, 0.000750009960029, 0.000712250417564, 0.000670464534778, 0.000633645278867, 0.000697041221429, 0.00111466413364, 0.000308397691697, 0.00021386325534, 0.000131182765472, 5.45291877643e-05, 8.05012678029e-06, 7.64455364788e-07, 1.93794699044e-06, 4.66991150461e-06],
        "dvar": [5.06401829625e-06, 0.000208076628041, 0.00181161263026, 0.0130663616583, 3.91517734528, 1508.60534668, 1075.3861084, 3974.67382812, 1228.04711914, 119.846908569, 2225.61767578, 79.3303146362, 11.5750236511, 0.0763866603374, 0.12275134027, 0.52085351944, 0.0034575520549, 0.0019443181809, 0.000433451641584, 1.27854646053e-05, 8.55675352796e-06, 1.9799842903e-06, 9.55596874519e-07, 7.89485682162e-07, 3.56979910521e-07, 2.61486860609e-07, 2.1073739731e-07, 1.52226704131e-07, 1.54756477855e-07, 1.38490662493e-07, 1.42453359331e-07, 4.44040011871e-07, 2.79255463198e-08, 1.40752378641e-08, 6.21181861504e-09, 1.7304135902e-09, 4.69986896623e-11, 5.74511141785e-13, 1.87614559305e-11, 1.08983683189e-10],
        "dvar2": [1.30559847094e-05, 0.000617268902715, 0.00510661816224, 0.034457411617, 6.67751407623, 3145.24926758, 1576.59753418, 7483.11669922, 2622.86547852, 212.262466431, 3441.12988281, 145.298614502, 19.1872997284, 0.157200455666, 0.256478846073, 0.674708783627, 0.00619343155995, 0.00329044018872, 0.00103533791844, 3.49146066583e-05, 2.09619938687e-05, 5.3777271205e-06, 2.66555252892e-06, 2.40568374466e-06, 9.93579078568e-07, 7.28647478354e-07, 6.04572107932e-07, 4.31314674643e-07, 4.41622205472e-07, 3.94323876662e-07, 3.85106858403e-07, 1.17214960937e-06, 7.8972838935e-08, 3.89955978619e-08, 1.71307323882e-08, 4.30029967191e-09, 1.10642203732e-10, 1.51014010324e-12, 3.53433046718e-11, 2.08539088775e-10],
        "max": [0.0429877415299, 0.152719259262, 0.558106541634, 2.26603984833, 43.9038925171, 826.185241699, 864.18939209, 1547.79199219, 858.050048828, 294.088378906, 1043.75061035, 225.407394409, 64.7147979736, 6.15201282501, 7.7620306015, 24.1403503418, 1.56525826454, 1.2016941309, 0.371125072241, 0.0469854287803, 0.0372259952128, 0.0151260457933, 0.0141207044944, 0.0140588991344, 0.00667912233621, 0.00523257348686, 0.00742770824581, 0.00451057450846, 0.00424837414175, 0.00493371440098, 0.00521792285144, 0.0113467825577, 0.00219303485937, 0.0013748962665, 0.00101849576458, 0.000510116340593, 9.11764218472e-05, 9.33988121687e-06, 6.52580492897e-05, 0.000156944457558],
        "mean": [0.00192543899175, 0.00810039509088, 0.016783984378, 0.0812174603343, 1.86421811581, 31.9819583893, 39.5787277222, 68.9683380127, 16.384475708, 9.22320079803, 23.0416297913, 5.79604291916, 3.16075396538, 0.233989492059, 0.189478546381, 0.322606086731, 0.0407733619213, 0.0242678467184, 0.0257498752326, 0.00883695855737, 0.0061223199591, 0.00353636406362, 0.00246614404023, 0.00192955986131, 0.00155541719869, 0.00135513779242, 0.00117005908396, 0.00106462906115, 0.00105789909139, 0.00100973492954, 0.00112791394349, 0.00243739783764, 0.000605937966611, 0.000371003261534, 0.000191837563762, 5.56877348572e-05, 1.08824315248e-05, 1.1972269931e-06, 6.98715984981e-06, 1.64820594364e-05],
        "median": [0.00124440109357, 0.00430845841765, 0.00729449698702, 0.0416733026505, 0.372398734093, 3.03235626221, 11.5417957306, 12.2252759933, 2.65815925598, 1.8801292181, 1.30086803436, 1.02851271629, 0.260870605707, 0.0757920444012, 0.0369816608727, 0.0312466993928, 0.0139088854194, 0.0124346017838, 0.0177322924137, 0.00781020382419, 0.00529905129224, 0.00323088769801, 0.00219015264884, 0.00176205858588, 0.00144927809015, 0.00125564041082, 0.00107421097346, 0.000981465331279, 0.000993476482108, 0.000924373860471, 0.00100808404386, 0.00226982915774, 0.000564939866308, 0.000337421661243, 0.000167373276781, 3.13731179631e-05, 6.55656504023e-06, 6.11477446455e-07, 2.59356784227e-06, 6.04104297963e-06],
        "min": [5.35676388965e-22, 1.5885131247e-21, 1.04612102275e-20, 1.03473586713e-19, 2.05462797816e-19, 1.33957402408e-19, 8.42050735027e-20, 9.13544407735e-20, 4.39967131457e-19, 3.03672659475e-19, 8.33447229476e-19, 1.46368989006e-18, 1.4473215367e-18, 3.41885555171e-18, 2.28836848805e-18, 3.38743385538e-18, 1.35978698885e-17, 7.14212390861e-18, 6.87027554978e-18, 3.31635836124e-18, 6.59166498945e-18, 1.16441139494e-17, 1.45338247516e-17, 1.44729376411e-17, 1.98482748988e-17, 1.59677919743e-17, 1.28872580494e-17, 1.53272249623e-17, 1.98482649727e-17, 2.76913185713e-17, 1.5382900835e-17, 1.39397270921e-17, 1.32159448833e-17, 1.41052277347e-17, 7.23882049503e-18, 5.10482810431e-18, 2.28884515088e-18, 1.34736296353e-18, 3.99306008622e-19, 4.44326302199e-20],
        "stdev": [0.00262251822278, 0.014740774408, 0.0425159186125, 0.136509791017, 4.51096868515, 81.9848937988, 76.4129104614, 174.108779907, 55.6652107239, 23.2741527557, 89.7543869019, 17.9640483856, 7.96248817444, 0.494469612837, 0.527666091919, 1.68441486359, 0.118870079517, 0.0714354589581, 0.0297733452171, 0.00581812579185, 0.00450050318614, 0.00204881001264, 0.00143050472252, 0.00114362873137, 0.00085237500025, 0.000761188974138, 0.000664368795697, 0.000599338905886, 0.000603478751145, 0.000577297119889, 0.00064969266532, 0.00151204550639, 0.000303855747916, 0.000211838079849, 0.000128480256535, 6.30329595879e-05, 1.25421465782e-05, 1.43814361309e-06, 9.79557717073e-06, 2.3273692932e-05],
        "var": [6.87760211804e-06, 0.000217290435103, 0.00180760328658, 0.0186349228024, 20.3488368988, 6721.52294922, 5838.93310547, 30313.8691406, 3098.61572266, 541.686157227, 8055.85009766, 322.70703125, 63.4012145996, 0.24450019002, 0.278431475163, 2.83725357056, 0.0141300950199, 0.00510302511975, 0.000886452035047, 3.38505888067e-05, 2.0254528863e-05, 4.19762227466e-06, 2.04634375223e-06, 1.30788680508e-06, 7.26543134988e-07, 5.7940866327e-07, 4.41385878958e-07, 3.59207092515e-07, 3.64186632851e-07, 3.33271970021e-07, 4.22100555397e-07, 2.28628164223e-06, 9.23283138832e-08, 4.48753745275e-08, 1.65071760705e-08, 3.97315425005e-09, 1.57305446447e-10, 2.06825702398e-12, 9.5953328616e-11, 5.41664768594e-10]
    },
    "gfcc": {
        "mean": [-288.400024414, 184.865615845, -47.1847953796, -15.2659549713, -90.9230575562, -23.4858894348, -52.3352928162, -16.3074932098, -6.72586584091, -10.017829895, 5.53526735306, -8.09377765656, 13.7996740341],
        "cov": [[6830.18945312, 1371.08691406, 44.9503211975, -1013.03607178, -611.838317871, -442.061523438, 56.5958862305, -182.016586304, -22.1966762543, -260.772186279, -39.9101905823, -155.778182983, 105.678245544], [1371.08691406, 390.247711182, 28.9095726013, -300.955566406, -136.940002441, -106.215530396, 70.5949707031, -31.3130645752, 11.0847768784, -73.3875198364, -8.91697978973, -44.1496315002, 16.9800357819], [44.9503211975, 28.9095726013, 229.343841553, -114.517906189, -0.344572365284, -133.049697876, 4.99329376221, -39.9756813049, -34.200504303, -26.6728553772, -37.7657737732, 34.5638008118, 17.7994842529], [-1013.03607178, -300.955566406, -114.517906189, 595.053039551, 219.858734131, 245.261703491, -97.3111572266, 36.2995300293, -5.13944959641, 30.5233440399, 12.1229753494, -2.34386134148, 17.8747749329], [-611.838317871, -136.940002441, -0.344572365284, 219.858734131, 167.903091431, 110.914787292, -21.0463848114, -5.38049697876, -34.8131599426, -2.50100040436, -9.10926151276, 20.2269496918, 14.2657966614], [-442.061523438, -106.215530396, -133.049697876, 245.261703491, 110.914787292, 232.970291138, 28.1231269836, 50.2848892212, -18.0814170837, -6.77465867996, -11.5607242584, -24.0960502625, -11.4590921402], [56.5958862305, 70.5949707031, 4.99329376221, -97.3111572266, -21.0463848114, 28.1231269836, 111.797920227, 38.8348808289, 4.43320131302, -32.7584190369, -28.4864234924, -26.9989910126, -14.201426506], [-182.016586304, -31.3130645752, -39.9756813049, 36.2995300293, -5.38049697876, 50.2848892212, 38.8348808289, 125.880157471, 79.6271286011, 70.3931655884, -3.9932820797, -18.4856071472, -37.9286651611], [-22.1966762543, 11.0847768784, -34.200504303, -5.13944959641, -34.8131599426, -18.0814170837, 4.43320131302, 79.6271286011, 132.843948364, 94.7596359253, 44.8970146179, -19.4831352234, -31.5736618042], [-260.772186279, -73.3875198364, -26.6728553772, 30.5233440399, -2.50100040436, -6.77465867996, -32.7584190369, 70.3931655884, 94.7596359253, 157.137145996, 61.3797874451, 26.7181873322, -42.1077728271], [-39.9101905823, -8.91697978973, -37.7657737732, 12.1229753494, -9.10926151276, -11.5607242584, -28.4864234924, -3.9932820797, 44.8970146179, 61.3797874451, 91.6848602295, 39.1059150696, 10.9808855057], [-155.778182983, -44.1496315002, 34.5638008118, -2.34386134148, 20.2269496918, -24.0960502625, -26.9989910126, -18.4856071472, -19.4831352234, 26.7181873322, 39.1059150696, 89.3909835815, 39.431892395], [105.678245544, 16.9800357819, 17.7994842529, 17.8747749329, 14.2657966614, -11.4590921402, -14.201426506, -37.9286651611, -31.5736618042, -42.1077728271, 10.9808855057, 39.431892395, 78.8247451782]],
        "icov": [[0.000765980221331, -0.0027052804362, -9.33928895392e-05, 4.97921701026e-06, 0.00134392478503, -0.000561710970942, 0.00176249060314, -0.000212977509364, 0.000763364019804, -0.000512206694111, 0.000465168355731, 0.000556491606403, -0.00084507005522], [-0.0027052804362, 0.0156853478402, -0.000506789481733, 0.00322758057155, -0.00347993988544, 0.000257348729065, -0.00596771715209, 0.00115997774992, -0.00443244539201, 0.00391848012805, -0.00380664248951, 0.00238401419483, -0.000563740148209], [-9.33928895392e-05, -0.000506789481733, 0.0126318847761, -0.00227578240447, -0.00544362934306, 0.0121237356216, -0.00642109196633, 0.00134052999783, 0.000652723480016, -0.000933917472139, 0.00712867127731, -0.00607282062992, 0.00194128009025], [4.97921701026e-06, 0.00322758057155, -0.00227578240447, 0.0101455291733, -0.00472013885155, -0.00854186341166, 0.0103553617373, -0.00370595953427, -0.00203177891672, 0.00274228700437, -0.0033617564477, 0.00618775980547, -0.00476979278028], [0.00134392478503, -0.00347993988544, -0.00544362934306, -0.00472013885155, 0.0210131406784, -0.00895817577839, 0.000811053032521, 0.00621883291751, -0.00041998384404, -0.00329839414917, 0.00408888980746, -0.00321888853796, -0.00160890736151], [-0.000561710970942, 0.000257348729065, 0.0121237356216, -0.00854186341166, -0.00895817577839, 0.0272334385663, -0.0150502352044, -0.00537647865713, 0.00926418043673, -0.000895849603694, -0.000260584813077, -0.00150475010742, 0.00420001987368], [0.00176249060314, -0.00596771715209, -0.00642109196633, 0.0103553617373, 0.000811053032521, -0.0150502352044, 0.0321700274944, -0.0124677540734, -0.000812388723716, 0.00930395722389, -0.00413837097585, 0.00553854322061, -0.00206309976056], [-0.000212977509364, 0.00115997774992, 0.00134052999783, -0.00370595953427, 0.00621883291751, -0.00537647865713, -0.0124677540734, 0.0323879532516, -0.0178886689246, -0.0102527746931, 0.0181770958006, -0.00991376768798, 0.00178908999078], [0.000763364019804, -0.00443244539201, 0.000652723480016, -0.00203177891672, -0.00041998384404, 0.00926418043673, -0.000812388723716, -0.0178886689246, 0.0349029898643, -0.0117916576564, -0.0157040748745, 0.0182942543179, -0.00636888807639], [-0.000512206694111, 0.00391848012805, -0.000933917472139, 0.00274228700437, -0.00329839414917, -0.000895849603694, 0.00930395722389, -0.0102527746931, -0.0117916576564, 0.0299162901938, -0.00990429893136, -0.0110370442271, 0.0148001080379], [0.000465168355731, -0.00380664248951, 0.00712867127731, -0.0033617564477, 0.00408888980746, -0.000260584813077, -0.00413837097585, 0.0181770958006, -0.0157040748745, -0.00990429893136, 0.0362428054214, -0.0183248948306, -0.000891196366865], [0.000556491606403, 0.00238401419483, -0.00607282062992, 0.00618775980547, -0.00321888853796, -0.00150475010742, 0.00553854322061, -0.00991376768798, 0.0182942543179, -0.0110370442271, -0.0183248948306, 0.0403014086187, -0.0208760760725], [-0.00084507005522, -0.000563740148209, 0.00194128009025, -0.00476979278028, -0.00160890736151, 0.00420001987368, -0.00206309976056, 0.00178908999078, -0.00636888807639, 0.0148001080379, -0.000891196366865, -0.0208760760725, 0.0318973734975]]
    },
    "melbands": {
        "dmean": [9.87989187706e-06, 6.72820715408e-06, 1.28448746182e-05, 0.00028823284083, 0.000355095806299, 0.000263063178863, 6.70680456096e-05, 4.00106437155e-05, 5.60204971407e-05, 8.82137101144e-06, 4.06270146414e-06, 2.51886490332e-07, 2.68324299668e-07, 2.84546132434e-07, 1.61385756314e-07, 1.66853020289e-08, 2.50252991663e-08, 2.57368419909e-08, 8.55012594059e-09, 4.91488005849e-09, 2.98017588385e-09, 1.66842384353e-09, 1.17660570176e-09, 8.88961293466e-10, 6.38889441351e-10, 5.65946789433e-10, 4.26012919386e-10, 3.75059316937e-10, 3.04674646623e-10, 2.80370504591e-10, 2.6821325716e-10, 2.53939785866e-10, 2.44420733653e-10, 2.33730507171e-10, 2.54295112745e-10, 3.93523574838e-10, 3.47690515268e-10, 1.39823222445e-10, 1.19829021705e-10, 1.17043194581e-10],
        "dmean2": [1.6899251932e-05, 1.19936166811e-05, 2.15497439058e-05, 0.000401109224185, 0.000482350616949, 0.000376985204639, 9.29007728701e-05, 5.44119357073e-05, 7.35285211704e-05, 1.20567638078e-05, 4.95904896525e-06, 3.91320014614e-07, 3.8077180875e-07, 3.73730387082e-07, 2.12530622434e-07, 2.87230008666e-08, 4.07215736686e-08, 4.41704344212e-08, 1.46895473563e-08, 8.42598169015e-09, 5.04862596173e-09, 2.81993450812e-09, 1.99250171917e-09, 1.51572809859e-09, 1.09777109625e-09, 9.74334279924e-10, 7.16976422677e-10, 6.37353669841e-10, 5.21539977871e-10, 4.74116690352e-10, 4.64213112394e-10, 4.30542435037e-10, 4.18855422568e-10, 4.00966260194e-10, 4.33446362136e-10, 6.65129340494e-10, 5.86904969069e-10, 2.40250208616e-10, 2.08824138537e-10, 2.01986774528e-10],
        "dvar": [3.38702371705e-10, 3.46507544879e-10, 9.19650688935e-10, 1.65912206285e-06, 1.44691000514e-06, 1.61198659043e-06, 2.16823025312e-07, 2.03760084361e-08, 1.24792009615e-07, 2.49474774172e-09, 2.68485150778e-10, 7.44203797979e-13, 1.01334674159e-12, 2.64742416357e-12, 6.95794767289e-13, 1.38444009454e-15, 9.81906596369e-15, 1.9296878023e-15, 8.74762026621e-17, 3.33036215678e-17, 1.12535755125e-17, 2.86012441285e-18, 2.13187480835e-18, 6.74601306605e-19, 6.79780181022e-19, 3.66505221256e-19, 1.80560861517e-19, 1.39980311244e-19, 9.88873613545e-20, 7.0933270767e-20, 6.82952754713e-20, 6.30873657218e-20, 6.14070193932e-20, 5.52810167118e-20, 5.70054168704e-20, 1.32867553177e-19, 1.22821199069e-19, 1.73768060789e-20, 1.36074264225e-20, 1.28961528777e-20],
        "dvar2": [9.43691014221e-10, 9.62566693019e-10, 2.34673236399e-09, 3.34886613018e-06, 2.62497064796e-06, 3.07352092932e-06, 4.62077309749e-07, 3.36164021064e-08, 1.96702615085e-07, 4.57286430944e-09, 4.45305375907e-10, 1.81535765153e-12, 2.11241050693e-12, 3.68768383885e-12, 9.63201632169e-13, 3.72466560226e-15, 1.6215361573e-14, 4.2462820437e-15, 2.48346036728e-16, 7.54587241995e-17, 2.98374965732e-17, 7.78090586484e-18, 6.34842632648e-18, 1.87440533012e-18, 2.10462665179e-18, 1.0860916598e-18, 5.02524629835e-19, 3.95752931849e-19, 2.93420789758e-19, 1.93806091076e-19, 1.97887361444e-19, 1.75369398445e-19, 1.76530579079e-19, 1.56075940569e-19, 1.53413724391e-19, 3.57953750535e-19, 3.21322522397e-19, 5.00995315054e-20, 3.84472417804e-20, 3.66803549114e-20],
        "max": [0.000317355908919, 0.000211637088796, 0.000586775422562, 0.0277072153986, 0.0234572570771, 0.0296605415642, 0.0114538995549, 0.00368996942416, 0.0077274478972, 0.00154551968444, 0.000321485393215, 1.83189222298e-05, 2.14271076402e-05, 5.2192601288e-05, 2.67683099082e-05, 8.7664017201e-07, 2.72543229585e-06, 9.0380791562e-07, 1.14664544526e-07, 9.16868003742e-08, 4.17906598216e-08, 1.71713736563e-08, 2.46339428855e-08, 6.89865675696e-09, 1.2764651558e-08, 7.96330557051e-09, 4.38868941188e-09, 3.70202024591e-09, 5.01213737181e-09, 2.4534927423e-09, 2.9110611699e-09, 2.80753176263e-09, 2.77034395424e-09, 2.68276356685e-09, 2.7770910016e-09, 5.54937873432e-09, 6.31872643098e-09, 1.49269052674e-09, 1.22770549282e-09, 1.23518217876e-09],
        "mean": [1.44829491546e-05, 8.98052894627e-06, 2.25257117563e-05, 0.00105774332769, 0.0015276040649, 0.00141494057607, 0.000203609568416, 0.000115011323942, 0.000166533791344, 3.00463143503e-05, 1.48602302943e-05, 5.06077242335e-07, 5.44602926311e-07, 7.75849457568e-07, 4.1597010636e-07, 3.06788727755e-08, 4.42850272009e-08, 4.37177440915e-08, 1.74364078731e-08, 9.58697743414e-09, 6.35140873229e-09, 3.69349351104e-09, 2.57863597142e-09, 1.98418481645e-09, 1.50576051627e-09, 1.2132307381e-09, 9.90188930849e-10, 8.73570771276e-10, 7.3618122709e-10, 6.53060661104e-10, 6.00453076149e-10, 5.97251303969e-10, 5.64104762901e-10, 5.54845391854e-10, 5.21739595971e-10, 1.32878730241e-09, 1.28855282e-09, 3.74894726374e-10, 3.40460326598e-10, 2.93899432569e-10],
        "median": [9.0950898084e-06, 4.4779790187e-06, 1.13489259093e-05, 9.85776277957e-05, 0.000460422423203, 0.00025446570362, 3.64521147276e-05, 1.79632697836e-05, 6.53031156617e-06, 4.21022195951e-06, 8.75935086242e-07, 1.98179080257e-07, 7.78229463094e-08, 7.70235715208e-08, 4.55700046587e-08, 2.09532160511e-08, 2.02973957641e-08, 2.85909180775e-08, 1.44771856725e-08, 7.75126629549e-09, 5.43613820625e-09, 3.27953841861e-09, 2.33099450853e-09, 1.74715220069e-09, 1.32365007843e-09, 1.09482378718e-09, 9.25308052402e-10, 7.90026155606e-10, 6.74151734437e-10, 5.85777537587e-10, 5.38957434237e-10, 5.47539791285e-10, 5.12238140793e-10, 4.93579399574e-10, 4.47281267579e-10, 1.26675914203e-09, 1.17922693832e-09, 3.4144409522e-10, 3.15107107074e-10, 2.59661264712e-10],
        "min": [3.87968419619e-24, 4.92196311734e-24, 2.13246820497e-23, 1.30028463656e-23, 3.29994420327e-24, 2.12953671896e-24, 6.20942395214e-24, 3.28763383163e-24, 8.28349625528e-24, 9.19803611334e-24, 7.41922734727e-24, 1.39792542178e-23, 1.05447628847e-23, 3.69475113975e-24, 2.27297758505e-23, 2.42765806244e-23, 1.17685496282e-23, 1.34166559752e-23, 2.69821431819e-24, 5.57942306715e-24, 8.60213058554e-24, 1.27237386998e-23, 1.13934060359e-23, 1.44187775375e-23, 1.13703468427e-23, 1.22780748869e-23, 1.49998272368e-23, 9.120714334e-24, 7.53818362748e-24, 7.70577002704e-24, 9.6980579647e-24, 1.03347412904e-23, 1.39435393292e-23, 1.65612401368e-23, 7.36238991905e-24, 8.83179087201e-24, 8.13788673168e-24, 8.31034434733e-24, 9.64196758776e-24, 1.32327922197e-23],
