{
"metadata": {
    "version": {
        "essentia": "2.1-beta6-dev",
        "essentia_git_sha": "v2.1_beta5-778-gc9eadba6",
        "extractor": "music 2.0"
    },
    "audio_properties": {
        "analysis": {
            "equal_loudness": 0,
            "length": 16.9999771118,
            "sample_rate": 44100,
            "start_time": 0,
            "downmix": "mix"
        },
        "bit_rate": 128000,
        "length": 17,
        "lossless": 0,
        "number_channels": 2,
        "replay_gain": -12.884563446,
        "sample_rate": 48000,
        "codec": "mp3",
        "md5_encoded": "b27768a26593b068228f3bca7588466c"
    },
    "tags": {
        "file_name": "cannons-baddream.mp3",
        "encoding": ["Lavf59.16.100"]
    }
},
"lowlevel": {
    "average_loudness": 0.987114548683,
    "barkbands_crest": {
        "dmean": 3.25320768356,
        "dmean2": 4.6551527977,
        "dvar": 9.20274543762,
        "dvar2": 17.1333904266,
        "max": 25.2245006561,
        "mean": 12.9082221985,
        "median": 11.8616857529,
        "min": 3.24585866928,
        "stdev": 4.79225540161,
        "var": 22.9657115936
    },
    "barkbands_flatness_db": {
        "dmean": 0.028639016673,
        "dmean2": 0.0449555777013,
        "dvar": 0.00094843324041,
        "dvar2": 0.00236545060761,
        "max": 0.299978375435,
        "mean": 0.152546495199,
        "median": 0.153481513262,
        "min": 0.041276615113,
        "stdev": 0.0409965217113,
        "var": 0.00168071477674
    },
    "barkbands_kurtosis": {
        "dmean": 6.30971908569,
        "dmean2": 10.4730949402,
        "dvar": 128.332214355,
        "dvar2": 324.258911133,
        "max": 118.412818909,
        "mean": 9.83620071411,
        "median": 6.71662759781,
        "min": -1.12383460999,
        "stdev": 11.9455566406,
        "var": 142.69631958
    },
    "barkbands_skewness": {
        "dmean": 0.732633709908,
        "dmean2": 1.17332625389,
        "dvar": 0.976238667965,
        "dvar2": 2.2904548645,
        "max": 9.43643093109,
        "mean": 2.35876250267,
        "median": 2.03547668457,
        "min": 0.476434051991,
        "stdev": 1.26003599167,
        "var": 1.58769071102
    },
    "barkbands_spread": {
        "dmean": 5.35146570206,
        "dmean2": 9.21251869202,
        "dvar": 56.4067230225,
        "dvar2": 163.896713257,
        "max": 56.9009742737,
        "mean": 12.2199420929,
        "median": 10.0512113571,
        "min": 1.69268429279,
        "stdev": 7.45550918579,
        "var": 55.5846138
    },
    "dissonance": {
        "dmean": 0.021034585312,
        "dmean2": 0.0351573638618,
        "dvar": 0.000455193599919,
        "dvar2": 0.0009735392523,
        "max": 0.499320447445,
        "mean": 0.456539154053,
        "median": 0.460641115904,
        "min": 0.131090477109,
        "stdev": 0.0274641681463,
        "var": 0.000754280481488
    },
    "dynamic_complexity": 1.60948836803,
    "erbbands_crest": {
        "dmean": 2.65674805641,
        "dmean2": 4.05061531067,
        "dvar": 6.34281349182,
        "dvar2": 13.5696392059,
        "max": 23.5541992188,
        "mean": 10.5904045105,
        "median": 9.80842971802,
        "min": 2.27020168304,
        "stdev": 4.70195055008,
        "var": 22.1083374023
    },
    "erbbands_flatness_db": {
        "dmean": 0.0189636778086,
        "dmean2": 0.0244076065719,
        "dvar": 0.000398265430704,
        "dvar2": 0.000639872741885,
        "max": 0.231079235673,
        "mean": 0.147041067481,
        "median": 0.154222548008,
        "min": 0.0513095036149,
        "stdev": 0.041717171669,
        "var": 0.00174032256473
    },
    "erbbands_kurtosis": {
        "dmean": 1.00210559368,
        "dmean2": 1.57708454132,
        "dvar": 1.08603048325,
        "dvar2": 2.3527803421,
        "max": 9.64060592651,
        "mean": 1.12341928482,
        "median": 0.80474793911,
        "min": -1.53547990322,
        "stdev": 1.82459890842,
        "var": 3.32916116714
    },
    "erbbands_skewness": {
        "dmean": 0.407336682081,
        "dmean2": 0.643596410751,
        "dvar": 0.169478669763,
        "dvar2": 0.443227171898,
        "max": 2.92713069916,
        "mean": 1.06067955494,
        "median": 1.13304030895,
        "min": -0.892540574074,
        "stdev": 0.679743230343,
        "var": 0.46205085516
    },
    "erbbands_spread": {
        "dmean": 8.17535591125,
        "dmean2": 11.1221656799,
        "dvar": 79.6021652222,
        "dvar2": 134.114089966,
        "max": 102.959457397,
        "mean": 36.7100334167,
        "median": 30.8173294067,
        "min": 10.7819757462,
        "stdev": 19.0282421112,
        "var": 362.074005127
    },
    "hfc": {
        "dmean": 8.10673999786,
        "dmean2": 13.5980205536,
        "dvar": 220.787597656,
        "dvar2": 590.654418945,
        "max": 116.242584229,
        "mean": 19.1329917908,
        "median": 14.224105835,
        "min": 1.91891746937e-09,
        "stdev": 16.0013866425,
        "var": 256.044372559
    },
    "loudness_ebu128": {
        "integrated": -7.75077724457,
        "loudness_range": 0.385537624359,
        "momentary": {
            "dmean": 0.409440129995,
            "dmean2": 0.529055595398,
            "dvar": 0.242167234421,
            "dvar2": 0.142895206809,
            "max": -6.84621620178,
            "mean": -8.087849617,
            "median": -7.54376983643,
            "min": -20.655954361,
            "stdev": 2.06788754463,
            "var": 4.27615880966
        },
        "short_term": {
            "dmean": 0.0500172264874,
            "dmean2": 0.0663144811988,
            "dvar": 0.00178147281986,
            "dvar2": 0.00204940279946,
            "max": -7.28205823898,
            "mean": -7.57509040833,
            "median": -7.54273796082,
            "min": -8.65870666504,
            "stdev": 0.227689117193,
            "var": 0.0518423318863
        }
    },
    "melbands_crest": {
        "dmean": 3.51186060905,
        "dmean2": 4.91771221161,
        "dvar": 11.3238687515,
        "dvar2": 17.9829597473,
        "max": 32.0930709839,
        "mean": 15.8166341782,
        "median": 14.3187351227,
        "min": 5.95445680618,
        "stdev": 6.24828910828,
        "var": 39.0411186218
    },
    "melbands_flatness_db": {
        "dmean": 0.0307564809918,
        "dmean2": 0.0492621921003,
        "dvar": 0.00132327934261,
        "dvar2": 0.00330819399096,
        "max": 0.414455890656,
        "mean": 0.231340289116,
        "median": 0.230696111917,
        "min": 0.0987024456263,
        "stdev": 0.046435251832,
        "var": 0.00215623248369
    },
    "melbands_kurtosis": {
        "dmean": 13.768986702,
        "dmean2": 22.919342041,
        "dvar": 624.846191406,
        "dvar2": 1608.60180664,
        "max": 186.250045776,
        "mean": 21.8173446655,
        "median": 11.7971124649,
        "min": 1.63637065887,
        "stdev": 28.3871936798,
        "var": 805.832763672
    },
    "melbands_skewness": {
        "dmean": 0.944478154182,
        "dmean2": 1.43250644207,
        "dvar": 1.8399977684,
        "dvar2": 3.89911913872,
        "max": 12.3498306274,
        "mean": 3.03849411011,
        "median": 2.36102294922,
        "min": 0.470074117184,
        "stdev": 2.04323196411,
        "var": 4.17479658127
    },
    "melbands_spread": {
        "dmean": 4.36208534241,
        "dmean2": 7.53593873978,
        "dvar": 49.6987991333,
        "dvar2": 142.971878052,
        "max": 49.3248443604,
        "mean": 10.8678970337,
        "median": 9.93725585938,
        "min": 1.20511472225,
        "stdev": 6.09927558899,
        "var": 37.2011642456
    },
    "pitch_salience": {
        "dmean": 0.0868107229471,
        "dmean2": 0.127846688032,
        "dvar": 0.00740069616586,
        "dvar2": 0.0151793379337,
        "max": 0.86153191328,
        "mean": 0.546809375286,
        "median": 0.571913599968,
        "min": 0.119087651372,
        "stdev": 0.140723913908,
        "var": 0.0198032204062
    },
    "silence_rate_20dB": {
        "dmean": 0,
        "dmean2": 0,
        "dvar": 0,
        "dvar2": 0,
        "max": 1,
        "mean": 1,
        "median": 1,
        "min": 1,
        "stdev": 0,
        "var": 0
    },
    "silence_rate_30dB": {
        "dmean": 0.0818553864956,
        "dmean2": 0.16393442452,
        "dvar": 0.0751545503736,
        "dvar2": 0.137058749795,
        "max": 1,
        "mean": 0.863760232925,
        "median": 1,
        "min": 0,
        "stdev": 0.343043595552,
        "var": 0.117678903043
    },
    "silence_rate_60dB": {
        "dmean": 0.00545702595264,
        "dmean2": 0.0109289614484,
        "dvar": 0.00542726926506,
        "dvar2": 0.0135415317491,
        "max": 1,
        "mean": 0.0408719331026,
        "median": 0,
        "min": 0,
        "stdev": 0.197994306684,
        "var": 0.0392017476261
    },
    "spectral_centroid": {
        "dmean": 223.767974854,
        "dmean2": 379.192504883,
        "dvar": 147452.109375,
        "dvar2": 439359.875,
        "max": 2475.7590332,
        "mean": 800.884765625,
        "median": 655.981079102,
        "min": 353.972961426,
        "stdev": 415.036071777,
        "var": 172254.9375
    },
    "spectral_complexity": {
        "dmean": 4.02455663681,
        "dmean2": 6.67486333847,
        "dvar": 27.6092281342,
        "dvar2": 64.3340606689,
        "max": 54,
        "mean": 18.5340595245,
        "median": 17,
        "min": 0,
        "stdev": 7.64939546585,
        "var": 58.5132522583
    },
    "spectral_decrease": {
        "dmean": 4.88814899668e-09,
        "dmean2": 7.87783349665e-09,
        "dvar": 5.95014506539e-17,
        "dvar2": 1.33539746923e-16,
        "max": -8.29985116721e-19,
        "mean": -1.19566321288e-08,
        "median": -8.15871370463e-09,
        "min": -4.99368653095e-08,
        "stdev": 1.08065405513e-08,
        "var": 1.16781319176e-16
    },
    "spectral_energy": {
        "dmean": 0.0188648253679,
        "dmean2": 0.0302729811519,
        "dvar": 0.000863640161697,
        "dvar2": 0.0019224913558,
        "max": 0.191822513938,
        "mean": 0.0468625463545,
        "median": 0.0322714596987,
        "min": 3.30660932663e-12,
        "stdev": 0.0416573882103,
        "var": 0.00173533789348
    },
    "spectral_energyband_high": {
        "dmean": 0.000490915088449,
        "dmean2": 0.000855511985719,
        "dvar": 9.78891989689e-07,
        "dvar2": 2.60598744717e-06,
        "max": 0.0072060059756,
        "mean": 0.000666981097311,
        "median": 0.000163624150446,
        "min": 6.92751791261e-14,
        "stdev": 0.00114500487689,
        "var": 1.31103615786e-06
    },
    "spectral_energyband_low": {
        "dmean": 0.0154900206253,
        "dmean2": 0.0247016679496,
        "dvar": 0.000975095259491,
        "dvar2": 0.00218476681039,
        "max": 0.182073220611,
        "mean": 0.0233898740262,
        "median": 0.0059148715809,
        "min": 1.35069397073e-12,
        "stdev": 0.0418317727745,
        "var": 0.00174989714287
    },
    "spectral_energyband_middle_high": {
        "dmean": 0.00165760319214,
        "dmean2": 0.00297462381423,
        "dvar": 1.20180911836e-05,
        "dvar2": 3.5009754356e-05,
        "max": 0.0274905767292,
        "mean": 0.00297111296095,
        "median": 0.00247637182474,
        "min": 4.62338988708e-13,
        "stdev": 0.00285929697566,
        "var": 8.17557884147e-06
    },
    "spectral_energyband_middle_low": {
        "dmean": 0.00657983636484,
        "dmean2": 0.0100214052945,
        "dvar": 5.4517218814e-05,
        "dvar2": 0.000128914805828,
        "max": 0.0708640217781,
        "mean": 0.0209812130779,
        "median": 0.0204521007836,
        "min": 1.32244291472e-12,
        "stdev": 0.0113989915699,
        "var": 0.000129937005113
    },
    "spectral_entropy": {
        "dmean": 0.194886729121,
        "dmean2": 0.2963758111,
        "dvar": 0.0444500669837,
        "dvar2": 0.0909687653184,
        "max": 9.01812744141,
        "mean": 7.37635850906,
        "median": 7.2926607132,
        "min": 6.59499406815,
        "stdev": 0.412941396236,
        "var": 0.170520603657
    },
    "spectral_flux": {
        "dmean": 0.0460269860923,
        "dmean2": 0.0721344873309,
        "dvar": 0.00340659497306,
        "dvar2": 0.00722341053188,
        "max": 0.387840658426,
        "mean": 0.101187177002,
        "median": 0.0676308348775,
        "min": 1.87574023585e-05,
        "stdev": 0.0804844945669,
        "var": 0.00647775363177
    },
    "spectral_kurtosis": {
        "dmean": 1.78660798073,
        "dmean2": 2.87782359123,
        "dvar": 3.06108045578,
        "dvar2": 7.96064805984,
        "max": 17.2439975739,
        "mean": 5.95848417282,
        "median": 5.7253575325,
        "min": 1.05641698837,
        "stdev": 2.69677329063,
        "var": 7.27258682251
    },
    "spectral_rms": {
        "dmean": 0.00116417102981,
        "dmean2": 0.00178500264883,
        "dvar": 2.32078764384e-06,
        "dvar2": 4.46779040431e-06,
        "max": 0.0136800557375,
        "mean": 0.00622126460075,
        "median": 0.00561109185219,
        "min": 5.67975391164e-08,
        "stdev": 0.00264866231009,
        "var": 7.01541239323e-06
    },
    "spectral_rolloff": {
        "dmean": 277.052429199,
        "dmean2": 498.881500244,
        "dvar": 336531,
        "dvar2": 955714.5625,
        "max": 3337.64648438,
        "mean": 572.448120117,
        "median": 516.796875,
        "min": 64.599609375,
        "stdev": 458.903656006,
        "var": 210592.5625
    },
    "spectral_skewness": {
        "dmean": 0.24261264503,
        "dmean2": 0.387885540724,
        "dvar": 0.0507577359676,
        "dvar2": 0.12467969209,
        "max": 3.10398292542,
        "mean": 1.95655059814,
        "median": 2.01918172836,
        "min": 0.97792494297,
        "stdev": 0.41833755374,
        "var": 0.175006300211
    },
    "spectral_spread": {
        "dmean": 751594.9375,
        "dmean2": 1004465.5625,
        "dvar": 1.55080471347e+12,
        "dvar2": 1.9308567593e+12,
        "max": 30289054,
        "mean": 4651781,
        "median": 4210556.5,
        "min": 2498507.75,
        "stdev": 1737024.125,
        "var": 3.01725279846e+12
    },
    "spectral_strongpeak": {
        "dmean": 0.45597538352,
        "dmean2": 0.739380121231,
        "dvar": 0.216244295239,
        "dvar2": 0.47646677494,
        "max": 4.28429365158,
        "mean": 1.09058785439,
        "median": 0.939986348152,
        "min": 0,
        "stdev": 0.75977230072,
        "var": 0.577253937721
    },
    "zerocrossingrate": {
        "dmean": 0.00710305990651,
        "dmean2": 0.00940808560699,
        "dvar": 6.85867344146e-05,
        "dvar2": 0.000117620409583,
        "max": 0.1787109375,
        "mean": 0.0343067459762,
        "median": 0.03125,
        "min": 0.00146484375,
        "stdev": 0.0153342420235,
        "var": 0.000235138970311
    },
    "barkbands": {
        "dmean": [0.000612194999121, 0.0128578133881, 0.00428480794653, 0.00168753007893, 0.00270263664424, 0.002753889421, 0.00212892401032, 0.00112897262443, 0.000425517238909, 0.000347971072188, 0.00027949878131, 0.000184744712897, 0.000227349766647, 0.000193194427993, 0.000255396851571, 0.00016772087838, 0.000196951223188, 0.000253193167737, 0.000210307305679, 0.000185642697033, 0.000108136475319, 6.59809375065e-05, 5.64762558497e-05, 6.54619943816e-05, 5.86458991165e-05, 7.93746148702e-05, 5.0224084589e-06],
        "dmean2": [0.000811106991023, 0.0191837027669, 0.00787264667451, 0.00287055713125, 0.00406072009355, 0.00409652804956, 0.0030614186544, 0.00168851215858, 0.000653086928651, 0.000540819833986, 0.000455787056126, 0.00031852646498, 0.00038750236854, 0.000341466628015, 0.000473377935123, 0.000298845319776, 0.000367952743545, 0.000476792280097, 0.000394243106712, 0.00034758541733, 0.000195711429114, 0.000110969638627, 9.26583088585e-05, 0.000107366387965, 9.34720301302e-05, 0.00012867480109, 8.86245652509e-06],
        "dvar": [1.3640275256e-06, 0.000763309595641, 0.000179920956725, 1.82445201062e-05, 1.75015120476e-05, 1.55935613293e-05, 1.47776227095e-05, 6.76147101331e-06, 3.29171001567e-07, 1.94672381326e-07, 1.17433806679e-07, 8.23428436547e-08, 7.19002173355e-08, 1.26210096596e-07, 3.75842091671e-07, 5.47680834018e-08, 1.81525450671e-07, 5.69705719045e-07, 3.58489870678e-07, 2.89226022687e-07, 6.12784347709e-08, 1.63528657282e-08, 1.32545974196e-08, 1.27003163541e-08, 1.06655839716e-08, 2.10864055106e-08, 1.25508325954e-10],
        "dvar2": [2.29091210713e-06, 0.00147051806562, 0.000512554426678, 4.63647375e-05, 3.87958571082e-05, 3.3600601455e-05, 2.94756391668e-05, 1.50320365719e-05, 7.13320787327e-07, 4.77620858419e-07, 2.95564746011e-07, 2.46447882546e-07, 1.96142508457e-07, 3.64599401337e-07, 1.0903850125e-06, 1.51972457729e-07, 5.26372275544e-07, 1.66122947576e-06, 1.04383980215e-06, 8.63450907218e-07, 1.74375898609e-07, 4.19141095165e-08, 3.40651276076e-08, 3.01258147317e-08, 2.58492427463e-08, 4.88311044933e-08, 3.44660355811e-10],
        "max": [0.00851560104638, 0.175707370043, 0.0846218168736, 0.0303249545395, 0.0615543648601, 0.0373771227896, 0.0500972419977, 0.0430870763958, 0.00840566214174, 0.00635256059468, 0.00310173770413, 0.00223095319234, 0.00267913541757, 0.00303628505208, 0.00536115001887, 0.00177707977127, 0.00301642622799, 0.00530544901267, 0.00436929613352, 0.00436499528587, 0.00167754746508, 0.0011571215, 0.00143140461296, 0.000957920448855, 0.000875458179507, 0.00112236605491, 0.000113992151455],
        "mean": [0.000816881016362, 0.0181552711874, 0.00339163187891, 0.00164828298148, 0.00586106535047, 0.00607943860814, 0.00447579426691, 0.00193517177831, 0.000744810386095, 0.000573095399886, 0.000419696472818, 0.000274178077234, 0.000353232520865, 0.000253916776273, 0.000277277285932, 0.000233554586885, 0.000236207604758, 0.000212907209061, 0.000190274207853, 0.000168538870639, 0.000126856728457, 9.75943839876e-05, 7.90259655332e-05, 8.22346628411e-05, 7.61295013945e-05, 9.56529256655e-05, 3.84435179512e-06],
        "median": [0.000146783873788, 0.00360602885485, 0.000846039387397, 0.000520020897966, 0.00338120223023, 0.00341019453481, 0.00190308119636, 0.000717367860489, 0.000489552563522, 0.000420243537519, 0.00030848843744, 0.00020281135221, 0.000280210457277, 0.000164198761922, 0.000161548814503, 0.000165545672644, 0.000152216467541, 7.52603373257e-05, 6.85527120368e-05, 5.52939236513e-05, 3.79774355679e-05, 3.1333300285e-05, 2.02300216188e-05, 1.78836853593e-05, 1.77717884071e-05, 6.45694581181e-06, 1.94775495288e-07],
        "min": [4.79363564902e-13, 6.43968602401e-13, 3.34105464649e-13, 2.48384591974e-13, 3.65761593105e-13, 2.84306324143e-13, 2.60108801902e-13, 1.16839467246e-13, 3.50452089223e-14, 4.29110109804e-14, 6.23558347426e-14, 8.80636302813e-14, 1.68849411178e-14, 4.61447828733e-14, 2.963047288e-14, 4.95310342491e-14, 1.33734152631e-14, 9.30914281208e-14, 1.28727374761e-14, 1.71372417396e-14, 1.59173025373e-14, 1.68022114099e-14, 7.56922278897e-15, 8.80770269543e-15, 9.71119038862e-15, 3.35906818277e-15, 3.29226227071e-15],
        "stdev": [0.001606189413, 0.0367428772151, 0.0102234268561, 0.00390312541276, 0.0067433565855, 0.00660692946985, 0.00642089918256, 0.00384718948044, 0.000849150645081, 0.000566184520721, 0.000401086261263, 0.000271469878498, 0.000309276860207, 0.000320478895446, 0.000490637205075, 0.000232841688558, 0.00034708075691, 0.000568050192669, 0.000458137597889, 0.000416786409914, 0.000240461959038, 0.000169405626366, 0.000146116493852, 0.000140801959787, 0.000132939603645, 0.00018726453709, 9.44135535974e-06],
        "var": [2.57984447671e-06, 0.00135003915057, 0.00010451846174, 1.52343882291e-05, 4.54728578916e-05, 4.36515147157e-05, 4.12279441662e-05, 1.48008675751e-05, 7.21056835573e-07, 3.20564936374e-07, 1.60870186505e-07, 7.36958938319e-08, 9.56521688522e-08, 1.02706714245e-07, 2.40724887135e-07, 5.42152527316e-08, 1.20465060149e-07, 3.22680989484e-07, 2.09890060887e-07, 1.73710915874e-07, 5.78219570002e-08, 2.86982650977e-08, 2.13500293e-08, 1.98251921546e-08, 1.76729368917e-08, 3.50680053884e-08, 8.91391960245e-11]
    },
    "erbbands": {
        "dmean": [0.523977696896, 2.66259646416, 4.93806743622, 5.65733194351, 3.92531704903, 10.3219099045, 17.0461387634, 30.0501041412, 28.768409729, 27.6380290985, 13.8602819443, 10.5169534683, 10.5861577988, 7.65582180023, 12.1601018906, 6.84543085098, 9.57294559479, 8.8676700592, 10.6926746368, 11.1382837296, 8.43507862091, 11.1328382492, 13.3026800156, 14.055565834, 8.11039543152, 8.62099933624, 5.81341648102, 4.12865161896, 2.38984537125, 1.85889256001, 1.61782860756, 1.15852570534, 1.25707685947, 0.738949656487, 0.394666552544, 0.314621776342, 0.172187685966, 0.0249801389873, 0.000600304803811, 3.35906916007e-05],
        "dmean2": [0.638273119926, 4.38275575638, 8.94188499451, 9.79610157013, 6.36515569687, 15.3177843094, 26.2998771667, 44.4825210571, 40.9794082642, 40.2616462708, 22.3217315674, 16.2981109619, 16.4500331879, 12.5878610611, 20.0304527283, 11.9151248932, 16.314491272, 15.5926151276, 19.6882076263, 20.519071579, 15.1503801346, 20.8497848511, 24.9798488617, 26.6001319885, 15.2361011505, 16.1661148071, 10.548330307, 7.47141742706, 4.21884346008, 2.97312521935, 2.66574430466, 1.82499730587, 2.10603141785, 1.1883610487, 0.632541656494, 0.51600933075, 0.281404703856, 0.0401955805719, 0.00101055973209, 5.26761141373e-05],
        "dvar": [1.14963006973, 35.0557670593, 208.657501221, 255.978775024, 56.1789665222, 275.558868408, 640.662902832, 2044.66931152, 2736.65405273, 2862.02587891, 848.314025879, 209.275680542, 143.996231079, 114.994529724, 231.230560303, 119.915649414, 128.420455933, 208.644500732, 576.952392578, 586.956665039, 157.393249512, 654.313537598, 1419.05627441, 1782.99926758, 558.431030273, 643.179321289, 215.279602051, 91.5363235474, 22.8270320892, 13.5776453018, 12.0492935181, 4.21290826797, 4.8473405838, 1.61127066612, 0.519343793392, 0.337022542953, 0.10396797955, 0.00216739578173, 1.62459184594e-06, 2.75053801957e-09],
        "dvar2": [1.92339074612, 77.431854248, 581.185302734, 688.073364258, 143.159317017, 617.353088379, 1527.62878418, 4220.43017578, 5629.57617188, 5916.74853516, 2086.76831055, 431.379425049, 343.282226562, 296.414093018, 595.712402344, 354.444732666, 345.274749756, 596.952209473, 1658.28137207, 1694.24584961, 437.982971191, 1897.33764648, 4133.96289062, 5168.75244141, 1653.40966797, 1923.86657715, 627.020385742, 262.788909912, 60.4402275085, 32.9094047546, 31.8863754272, 9.72781181335, 11.9333496094, 3.9596850872, 1.25962173939, 0.856385529041, 0.245687037706, 0.00515062361956, 4.22542279921e-06, 5.7836651024e-09],
        "max": [7.3687543869, 33.5366325378, 87.8324890137, 121.739585876, 89.7791671753, 241.721435547, 319.277801514, 437.413604736, 641.325683594, 684.788024902, 401.038238525, 217.292678833, 143.791900635, 110.442840576, 148.501022339, 92.6252746582, 127.998031616, 135.213485718, 192.856964111, 207.267333984, 95.7378082275, 174.44934082, 266.023803711, 281.235656738, 192.959197998, 205.355163574, 91.7013626099, 72.7551651001, 38.0306549072, 39.6467704773, 45.2736320496, 25.1016330719, 16.6241264343, 10.7881526947, 6.63780260086, 5.11221027374, 1.93410146236, 0.330698430538, 0.0124731995165, 0.000346847577021],
        "mean": [0.671839475632, 3.4584312439, 4.33003234863, 5.3018860817, 6.75942182541, 22.1014060974, 35.1243782043, 68.4451828003, 64.4649658203, 59.312374115, 25.0974674225, 18.5364437103, 19.2971115112, 13.3813886642, 17.3468112946, 10.8663349152, 15.3473091125, 12.5971269608, 13.8170127869, 13.9423065186, 12.7950305939, 13.0820522308, 12.3699789047, 11.8077354431, 7.87452840805, 7.58964300156, 6.24331521988, 4.75492525101, 3.36654448509, 2.81183505058, 2.23613667488, 1.64160072803, 1.45501792431, 0.924425780773, 0.506604909897, 0.353567302227, 0.200000017881, 0.0287643373013, 0.000643498147838, 7.23412522348e-05],
        "median": [0.125032842159, 0.617540001869, 1.09989738464, 1.7283141613, 3.45121479034, 11.6867313385, 24.5601062775, 37.725769043, 32.8264808655, 28.1957149506, 13.8975086212, 11.7920446396, 14.6204776764, 9.89337158203, 12.279291153, 7.94096136093, 12.2325839996, 9.04347419739, 9.26837158203, 9.13287734985, 9.68991661072, 7.91133117676, 5.49288797379, 3.90593910217, 2.89974546432, 2.21200799942, 1.79757273197, 1.38055074215, 1.04395651817, 0.808827161789, 0.58176857233, 0.416451394558, 0.300671815872, 0.254404723644, 0.0836551487446, 0.0338138565421, 0.01111199148, 0.00134924566373, 4.72382234875e-05, 3.94246671931e-05],
        "min": [2.47506320994e-11, 1.25275179119e-10, 3.58271884382e-10, 6.76884104323e-10, 9.82748660228e-10, 1.24248966671e-09, 1.66522762246e-09, 2.54380316811e-09, 3.57418072916e-09, 3.56128593282e-09, 2.01860483884e-09, 8.14611433864e-10, 1.15059306527e-09, 1.6594960961e-09, 3.31530558562e-09, 3.12860293228e-09, 8.62915516819e-10, 2.19082174624e-09, 2.29420638043e-09, 1.27041366316e-09, 2.59305221739e-09, 1.19711784929e-09, 5.06366903963e-09, 1.60770075031e-09, 9.65360902327e-10, 8.18864420715e-10, 7.1239097954e-10, 5.09970232709e-10, 5.53391721336e-10, 5.42960565397e-10, 1.73574432605e-10, 2.00274033468e-10, 1.6586047813e-10, 1.317977949e-10, 4.06641872952e-11, 1.22629328567e-11, 7.71200811545e-12, 1.77856535923e-12, 4.71480276695e-13, 5.24240142941e-14],
        "stdev": [1.42257118225, 7.27081298828, 11.7338294983, 13.5195608139, 9.58955383301, 26.6319274902, 37.1753845215, 76.8452987671, 85.134475708, 88.4379959106, 37.6524429321, 21.7899990082, 16.738483429, 12.435842514, 17.0852050781, 10.4419050217, 13.0855951309, 13.2410402298, 19.2453193665, 19.9227867126, 11.9701452255, 20.5089206696, 28.5841636658, 31.7536773682, 18.2818317413, 19.6258716583, 13.0267486572, 9.11542892456, 5.78660917282, 5.11130237579, 4.24155187607, 2.85793066025, 2.50771307945, 1.52966713905, 0.950897991657, 0.699089765549, 0.396918118, 0.056600317359, 0.00129687972367, 7.57420057198e-05],
        "var": [2.02370882034, 52.8647193909, 137.682754517, 182.778518677, 91.9595336914, 709.259521484, 1382.00915527, 5905.20019531, 7247.87939453, 7821.27880859, 1417.70654297, 474.804077148, 280.176849365, 154.650177002, 291.904205322, 109.03338623, 171.232788086, 175.325134277, 370.382324219, 396.917449951, 143.284378052, 420.615844727, 817.054382324, 1008.29608154, 334.225341797, 385.174865723, 169.696182251, 83.0910491943, 33.4848442078, 26.1254119873, 17.9907608032, 8.16776752472, 6.28862476349, 2.33988142014, 0.904206991196, 0.488726526499, 0.157543987036, 0.00320359598845, 1.68189706073e-06, 5.73685099425e-09]
    },
    "gfcc": {
        "mean": [11.9330005646, 106.81590271, -100.144798279, 26.2370891571, -59.8562774658, 8.73154258728, -44.7955322266, 10.8363542557, -18.431350708, 11.5528488159, -8.04672241211, 9.05940818787, -3.81165218353],
        "cov": [[7275.1875, -958.047607422, 389.577728271, 205.285873413, 178.885955811, 113.755187988, 48.7777328491, 226.137741089, -162.928543091, 220.828445435, -251.951080322, 100.56199646, -339.141174316], [-958.047607422, 1076.91955566, -464.353637695, -146.069656372, -194.410827637, -101.718101501, -83.1734313965, -134.694885254, 106.433609009, -188.987594604, 153.132583618, -160.964477539, 219.94039917], [389.577728271, -464.353637695, 389.804046631, 94.8245315552, 156.128509521, 107.141029358, 69.4458847046, 95.4717788696, -30.4758777618, 94.4919433594, -60.9383888245, 90.9209136963, -81.7325973511], [205.285873413, -146.069656372, 94.8245315552, 160.417175293, 89.7235107422, 60.2459640503, 47.6745834351, 19.3423557281, -11.6174936295, 13.7387285233, -5.68388175964, 15.3991260529, -12.0745096207], [178.885955811, -194.410827637, 156.128509521, 89.7235107422, 158.792938232, 66.975151062, 64.5931930542, 48.6908950806, -17.6712017059, 41.2863082886, -19.4631309509, 32.2501983643, -33.8488693237], [113.755187988, -101.718101501, 107.141029358, 60.2459640503, 66.975151062, 114.487678528, 52.111618042, 39.7000465393, 10.1822423935, 26.0123558044, 8.05665302277, 29.7683792114, 3.1212952137], [48.7777328491, -83.1734313965, 69.4458847046, 47.6745834351, 64.5931930542, 52.111618042, 87.6781158447, 53.6022453308, 24.4744758606, 32.6651535034, 5.86191749573, 15.6819419861, -15.70703125], [226.137741089, -134.694885254, 95.4717788696, 19.3423557281, 48.6908950806, 39.7000465393, 53.6022453308, 92.5236434937, 31.4110469818, 55.4176864624, -9.55541992188, 23.5879764557, -35.3119316101], [-162.928543091, 106.433609009, -30.4758777618, -11.6174936295, -17.6712017059, 10.1822423935, 24.4744758606, 31.4110469818, 88.3218154907, 22.1791954041, 41.4749488831, -11.9483289719, 19.5306186676], [220.828445435, -188.987594604, 94.4919433594, 13.7387285233, 41.2863082886, 26.0123558044, 32.6651535034, 55.4176864624, 22.1791954041, 92.8828659058, 1.07729077339, 44.9005699158, -40.9273529053], [-251.951080322, 153.132583618, -60.9383888245, -5.68388175964, -19.4631309509, 8.05665302277, 5.86191749573, -9.55541992188, 41.4749488831, 1.07729077339, 84.2698822021, 5.31324625015, 59.9671669006], [100.56199646, -160.964477539, 90.9209136963, 15.3991260529, 32.2501983643, 29.7683792114, 15.6819419861, 23.5879764557, -11.9483289719, 44.9005699158, 5.31324625015, 78.9203643799, 1.76966309547], [-339.141174316, 219.94039917, -81.7325973511, -12.0745096207, -33.8488693237, 3.1212952137, -15.70703125, -35.3119316101, 19.5306186676, -40.9273529053, 59.9671669006, 1.76966309547, 111.185890198]],
        "icov": [[0.000201114875381, -0.000211445410969, 0.000145891186548, -0.000394733127905, 0.000185939250514, -0.000256828847341, 0.000323167449096, -0.000629968068097, 0.000643812352791, -0.000592748168856, 0.000423918943852, -0.000237524422118, 0.000449347600807], [-0.000211445410969, 0.00649539148435, 0.00144926807843, 0.00347537710331, -0.00167929381132, 0.000954143179115, 6.01089632255e-05, 0.00131009635516, -0.00509462784976, 0.00647356407717, -0.00504294876009, 0.00711834104732, -0.00627998495474], [0.000145891186548, 0.00144926807843, 0.00859448034316, -0.000189806887647, -0.00395017396659, -0.00364295882173, 0.00227540452033, -0.00294304499403, -0.000554673373699, -8.36150138639e-05, 0.00298662716523, -0.00393123365939, 0.000680193246808], [-0.000394733127905, 0.00347537710331, -0.000189806887647, 0.0124619761482, -0.00518930191174, -0.0016030324623, -0.00293980585411, 0.00401100842282, -0.00287089124322, 0.00474756164476, -0.00373915303499, 0.00467999652028, -0.00334714259952], [0.000185939250514, -0.00167929381132, -0.00395017396659, -0.00518930191174, 0.0165604334325, -0.00133047043346, -0.00646849768236, -0.00164144067094, 0.00703277811408, -0.00467776507139, 0.000601713021751, 0.00108026934322, 0.000766568351537], [-0.000256828847341, 0.000954143179115, -0.00364295882173, -0.0016030324623, -0.00133047043346, 0.0172177236527, -0.00522224931046, -0.000678435200825, -0.00199491414241, 0.00283688958734, -0.00282481778413, 0.000446714868303, -0.00445331260562], [0.000323167449096, 6.01089632255e-05, 0.00227540452033, -0.00293980585411, -0.00646849768236, -0.00522224931046, 0.0269227214158, -0.0108742872253, -0.00367262936197, 0.00186875637155, -0.00230874936096, -0.00136226858012, 0.003347202437], [-0.000629968068097, 0.00131009635516, -0.00294304499403, 0.00401100842282, -0.00164144067094, -0.000678435200825, -0.0108742872253, 0.0310369543731, -0.0120970821008, -0.00459395581856, 0.0038684324827, 0.00041681266157, -5.97718099016e-05], [0.000643812352791, -0.00509462784976, -0.000554673373699, -0.00287089124322, 0.00703277811408, -0.00199491414241, -0.00367262936197, -0.0120970821008, 0.0318685211241, -0.0151525456458, -0.00499529857188, 0.0059807789512, 0.00058176019229], [-0.000592748168856, 0.00647356407717, -8.36150138639e-05, 0.00474756164476, -0.00467776507139, 0.00283688958734, 0.00186875637155, -0.00459395581856, -0.0151525456458, 0.0397098064423, -0.0132297407836, -0.00919656921178, 0.00770229799673], [0.000423918943852, -0.00504294876009, 0.00298662716523, -0.00373915303499, 0.000601713021751, -0.00282481778413, -0.00230874936096, 0.0038684324827, -0.00499529857188, -0.0132297407836, 0.0341031439602, -0.00876014027745, -0.00802321266383], [-0.000237524422118, 0.00711834104732, -0.00393123365939, 0.00467999652028, 0.00108026934322, 0.000446714868303, -0.00136226858012, 0.00041681266157, 0.0059807789512, -0.00919656921178, -0.00876014027745, 0.0377582423389, -0.0172429401428], [0.000449347600807, -0.00627998495474, 0.000680193246808, -0.00334714259952, 0.000766568351537, -0.00445331260562, 0.003347202437, -5.97718099016e-05, 0.00058176019229, 0.00770229799673, -0.00802321266383, -0.0172429401428, 0.0310706794262]]
    },
    "melbands": {
        "dmean": [0.00405215937644, 0.00264422735199, 0.000887934060302, 0.000445739307906, 0.000618808087893, 0.000609538867138, 0.000425795908086, 0.000310963951051, 9.67178784776e-05, 6.87854553689e-05, 5.45632356079e-05, 3.33425305143e-05, 3.50990812876e-05, 2.32369020523e-05, 2.60601391346e-05, 2.29389188462e-05, 1.68238075275e-05, 1.65255878528e-05, 2.32917373069e-05, 1.25198212118e-05, 9.38100492931e-06, 1.12490542961e-05, 1.12855623229e-05, 1.34469355544e-05, 1.16974060802e-05, 6.46177704766e-06, 4.76196237287e-06, 6.62935281071e-06, 4.5097540351e-06, 2.33501395996e-06, 2.43149906964e-06, 1.46657350797e-06, 1.09764994249e-06, 1.02287617665e-06, 9.75646912593e-07, 8.70868461789e-07, 7.22489460259e-07, 9.03060595192e-07, 7.68855613842e-07, 6.0338794583e-07],
        "dmean2": [0.00505326827988, 0.00464952737093, 0.00152821780648, 0.000674186856486, 0.0009274581098, 0.000899800565094, 0.000608156551607, 0.00045057022362, 0.000156398833496, 0.000106625593617, 8.45279500936e-05, 5.47078416275e-05, 5.79139268666e-05, 3.94071503251e-05, 4.43552489742e-05, 3.88685621147e-05, 2.96708785754e-05, 3.00228821288e-05, 4.31377266068e-05, 2.2380543669e-05, 1.68270107679e-05, 2.07621742447e-05, 2.12579561776e-05, 2.5272325729e-05, 2.21239497478e-05, 1.2042041817e-05, 8.86864654603e-06, 1.24991483972e-05, 8.27866915643e-06, 4.15927252106e-06, 4.37290918853e-06, 2.604556812e-06, 1.82431460871e-06, 1.62442825058e-06, 1.63320328284e-06, 1.39526844123e-06, 1.14438694254e-06, 1.52562279254e-06, 1.26650377297e-06, 9.80992354016e-07],
        "dvar": [6.79112563375e-05, 4.14392306993e-05, 5.63662979403e-06, 4.13205867744e-07, 8.69778546075e-07, 7.67468577578e-07, 5.73842214635e-07, 3.731474294e-07, 3.59664866778e-08, 9.03715413614e-09, 3.98482757902e-09, 2.15512052648e-09, 1.85950477238e-09, 9.84524906045e-10, 1.18555265605e-09, 9.10333308735e-10, 7.60179585946e-10, 1.18443965746e-09, 3.13365711158e-09, 3.02557368048e-10, 2.08227740606e-10, 5.10494035932e-10, 1.00026598115e-09, 1.79343562223e-09, 1.19461907033e-09, 3.40673350641e-10, 1.58347376877e-10, 4.02047450887e-10, 1.44803127822e-10, 2.64943362388e-11, 3.33050323431e-11, 8.42369490134e-12, 5.27868851061e-12, 3.8011048302e-12, 4.42620159274e-12, 2.83111598401e-12, 1.57563090179e-12, 2.47598903186e-12, 1.85855887971e-12, 1.10445322592e-12],
        "dvar2": [0.000119377233204, 0.000112313122372, 1.52219381562e-05, 9.67892106019e-07, 2.00663316718e-06, 1.59071169037e-06, 1.17373667763e-06, 7.8947749671e-07, 8.96958454177e-08, 1.8227968468e-08, 9.53513001889e-09, 5.49710543751e-09, 4.78317163655e-09, 2.80173018119e-09, 3.12315573403e-09, 2.51357912262e-09, 2.18734608204e-09, 3.38693273427e-09, 9.10392738973e-09, 8.43279057694e-10, 5.82061565613e-10, 1.49001855299e-09, 2.90133383984e-09, 5.23579446465e-09, 3.45375417155e-09, 1.00460317842e-09, 4.71096994747e-10, 1.20125287495e-09, 4.28690388743e-10, 7.13473793934e-11, 9.80661662986e-11, 2.23202151206e-11, 1.37094866709e-11, 9.24230657284e-12, 1.2085612025e-11, 7.28975473735e-12, 3.60603040483e-12, 6.04738047832e-12, 4.64244875181e-12, 2.69490766508e-12],
        "max": [0.0570351108909, 0.0389800220728, 0.0177185833454, 0.0075025013648, 0.0136756896973, 0.00851192884147, 0.00844095367938, 0.009143400006, 0.00242532044649, 0.00137214187998, 0.000813008577097, 0.000531564757694, 0.000393508264096, 0.000230168458074, 0.000292862736387, 0.000261727778707, 0.000254635000601, 0.00026976360823, 0.000496377295349, 0.000112366906251, 0.000113306195999, 0.000146660604514, 0.000223480674322, 0.000316365010804, 0.000229238168686, 0.000143605575431, 0.000111957015179, 0.000163613251061, 8.28241027193e-05, 3.5706521885e-05, 4.64026961708e-05, 2.22768139793e-05, 2.35611987591e-05, 2.06315871765e-05, 2.58098207269e-05, 2.11609531107e-05, 1.40795900734e-05, 1.07784208012e-05, 1.20149843497e-05, 9.19333524507e-06],
        "mean": [0.00549092283472, 0.0029458841309, 0.000912281568162, 0.000976978219114, 0.00132351275533, 0.00140901841223, 0.000945020990912, 0.000620506005362, 0.000168895887327, 0.000116773851914, 9.64544742601e-05, 5.52188976144e-05, 5.20962421433e-05, 3.35233635269e-05, 3.78430813726e-05, 3.24368120346e-05, 2.24384712055e-05, 2.14229548874e-05, 2.44140883296e-05, 1.7397069314e-05, 1.37290380735e-05, 1.3817188119e-05, 1.0792105968e-05, 1.12809302664e-05, 9.59295903158e-06, 6.0589181885e-06, 4.84668089484e-06, 5.39160782864e-06, 4.37753442384e-06, 2.95049676424e-06, 2.67394489128e-06, 1.9672995677e-06, 1.64157927429e-06, 1.4678852267e-06, 1.30520925268e-06, 1.1283417507e-06, 9.70626047092e-07, 1.03245872651e-06, 9.00626844214e-07, 7.54823645366e-07],
        "median": [0.00111190904863, 0.00071763782762, 0.000386806437746, 0.000553713878617, 0.000887889182195, 0.000847111048643, 0.000454304507002, 0.000256880768575, 9.34374183998e-05, 7.19925446901e-05, 7.18295632396e-05, 3.92741603719e-05, 3.78270488e-05, 2.35334700847e-05, 2.35331499425e-05, 2.29558791034e-05, 1.47245509652e-05, 1.41173322845e-05, 1.27821149363e-05, 1.20710119518e-05, 1.01585719676e-05, 8.98696634977e-06, 5.31148816663e-06, 4.00171938963e-06, 3.15442957799e-06, 2.08923825085e-06, 2.03924992093e-06, 1.36747621582e-06, 1.14586828204e-06, 9.96747758109e-07, 7.54904135647e-07, 6.16123770669e-07, 5.04027866555e-07, 4.0448406935e-07, 3.51365542883e-07, 2.75851192555e-07, 2.34993649428e-07, 2.05374618645e-07, 2.08147582725e-07, 2.28566648275e-07],
        "min": [2.22914243488e-13, 1.80373091138e-13, 1.25356607148e-13, 7.96009308815e-14, 5.8314145884e-14, 5.72646381811e-14, 5.48122643465e-14, 3.65866631967e-14, 1.39570802561e-14, 4.67511026094e-15, 5.7723203184e-15, 6.37641362847e-15, 9.8259176132e-15, 1.12501925026e-14, 3.61179592094e-15, 2.13398050248e-15, 4.25121262249e-15, 3.87802642307e-15, 1.81224181373e-15, 2.76313455284e-15, 2.79157940152e-15, 9.24735832308e-16, 2.61400021468e-15, 5.13711125301e-15, 8.04071489109e-16, 6.29813624332e-16, 7.83031296578e-16, 4.34106741278e-16, 4.12710000816e-16, 4.04178287925e-16, 2.38724960058e-16, 3.62325119452e-16, 2.63437199233e-16, 2.67807412785e-16, 7.55844358003e-17, 1.09024495847e-16, 1.33894825781e-16, 1.02259256932e-16, 1.42815631198e-16, 1.02101821301e-16],
        "stdev": [0.0112688792869, 0.00631296914071, 0.00200408115052, 0.00108027039096, 0.00142946583219, 0.00150173867587, 0.0012302469695, 0.000974653696176, 0.000240197899984, 0.000143692450365, 8.64376561367e-05, 5.41615845577e-05, 4.84902411699e-05, 3.31394039677e-05, 4.04731290473e-05, 3.40839578712e-05, 2.58265336015e-05, 2.86569247692e-05, 4.53893480881e-05, 1.73660664586e-05, 1.36422822834e-05, 1.88047761185e-05, 2.42213900492e-05, 3.16580262734e-05, 2.60314827756e-05, 1.43403958646e-05, 9.96884136839e-06, 1.53232667799e-05, 1.01661253211e-05, 5.22025629834e-06, 5.33496313437e-06, 3.46147362507e-06, 2.95597465083e-06, 2.67722998615e-06, 2.50394646173e-06, 2.06164145311e-06, 1.73795740466e-06, 1.80604581601e-06, 1.54726637902e-06, 1.25707185816e-06],
