{
"metadata": {
    "version": {
        "essentia": "2.1-beta6-dev",
        "essentia_git_sha": "v2.1_beta5-778-gc9eadba6",
        "extractor": "music 2.0"
    },
    "audio_properties": {
        "analysis": {
            "equal_loudness": 0,
            "length": 10.9999771118,
            "sample_rate": 44100,
            "start_time": 0,
            "downmix": "mix"
        },
        "bit_rate": 128000,
        "length": 11,
        "lossless": 0,
        "number_channels": 2,
        "replay_gain": -10.0220737457,
        "sample_rate": 48000,
        "codec": "mp3",
        "md5_encoded": "a191fb72503b1f37f0fa6e808abdfbd5"
    },
    "tags": {
        "file_name": "mcbaise-waterslide1.mp3",
        "encoding": ["Lavf59.16.100"]
    }
},
"lowlevel": {
    "average_loudness": 0.972178936005,
    "barkbands_crest": {
        "dmean": 2.15616774559,
        "dmean2": 3.56610941887,
        "dvar": 5.83281707764,
        "dvar2": 13.9388141632,
        "max": 24.7666339874,
        "mean": 12.2846403122,
        "median": 11.9005222321,
        "min": 4.02948522568,
        "stdev": 3.9105079174,
        "var": 15.2920713425
    },
    "barkbands_flatness_db": {
        "dmean": 0.0267330259085,
        "dmean2": 0.0379656329751,
        "dvar": 0.000897579884622,
        "dvar2": 0.00159731635358,
        "max": 0.433695793152,
        "mean": 0.244860291481,
        "median": 0.253552526236,
        "min": 0.0596981532872,
        "stdev": 0.0715002566576,
        "var": 0.00511228619143
    },
    "barkbands_kurtosis": {
        "dmean": 6.40908288956,
        "dmean2": 10.3429164886,
        "dvar": 53.4064483643,
        "dvar2": 127.498420715,
        "max": 76.950012207,
        "mean": 11.7825975418,
        "median": 9.77436351776,
        "min": -1.82017862797,
        "stdev": 10.9693498611,
        "var": 120.326637268
    },
    "barkbands_skewness": {
        "dmean": 0.748709440231,
        "dmean2": 1.15943539143,
        "dvar": 0.473745942116,
        "dvar2": 1.05217838287,
        "max": 7.52090930939,
        "mean": 2.64209342003,
        "median": 2.70035839081,
        "min": -1.86245250702,
        "stdev": 1.30074548721,
        "var": 1.6919387579
    },
    "barkbands_spread": {
        "dmean": 3.67380547523,
        "dmean2": 5.5793671608,
        "dvar": 40.5376052856,
        "dvar2": 83.9909210205,
        "max": 110.365989685,
        "mean": 11.305937767,
        "median": 7.74603748322,
        "min": 1.72373569012,
        "stdev": 11.0089445114,
        "var": 121.196853638
    },
    "dissonance": {
        "dmean": 0.03784089908,
        "dmean2": 0.0639167279005,
        "dvar": 0.00106604211032,
        "dvar2": 0.00273471325636,
        "max": 0.498074740171,
        "mean": 0.422062039375,
        "median": 0.432969510555,
        "min": 0.255839645863,
        "stdev": 0.0488251335919,
        "var": 0.00238389382139
    },
    "dynamic_complexity": 2.16017246246,
    "erbbands_crest": {
        "dmean": 3.41608548164,
        "dmean2": 5.55159521103,
        "dvar": 9.36370277405,
        "dvar2": 21.344953537,
        "max": 27.0603675842,
        "mean": 10.309463501,
        "median": 9.58213329315,
        "min": 3.06058430672,
        "stdev": 4.54036140442,
        "var": 20.6148815155
    },
    "erbbands_flatness_db": {
        "dmean": 0.0241826251149,
        "dmean2": 0.0329845994711,
        "dvar": 0.000713429646567,
        "dvar2": 0.00101913616527,
        "max": 0.331958115101,
        "mean": 0.193184286356,
        "median": 0.19702783227,
        "min": 0.0517645440996,
        "stdev": 0.0581111647189,
        "var": 0.00337690743618
    },
    "erbbands_kurtosis": {
        "dmean": 1.13614809513,
        "dmean2": 1.90933048725,
        "dvar": 1.55784583092,
        "dvar2": 4.19693422318,
        "max": 8.57153129578,
        "mean": 0.87737518549,
        "median": 0.613173723221,
        "min": -1.58061540127,
        "stdev": 1.64436435699,
        "var": 2.70393419266
    },
    "erbbands_skewness": {
        "dmean": 0.490086555481,
        "dmean2": 0.791166067123,
        "dvar": 0.191067129374,
        "dvar2": 0.456019461155,
        "max": 2.57744216919,
        "mean": 0.598770797253,
        "median": 0.630937635899,
        "min": -2.13944935799,
        "stdev": 0.647644460201,
        "var": 0.419443368912
    },
    "erbbands_spread": {
        "dmean": 10.3252649307,
        "dmean2": 15.129740715,
        "dvar": 141.731292725,
        "dvar2": 267.520904541,
        "max": 138.048248291,
        "mean": 38.1520423889,
        "median": 32.8363723755,
        "min": 8.40013599396,
        "stdev": 21.0988616943,
        "var": 445.16192627
    },
    "hfc": {
        "dmean": 5.72000646591,
        "dmean2": 8.56914806366,
        "dvar": 93.3675308228,
        "dvar2": 199.609741211,
        "max": 84.7469100952,
        "mean": 17.7248916626,
        "median": 13.8294820786,
        "min": 1.21099704899e-16,
        "stdev": 15.2069530487,
        "var": 231.251434326
    },
    "loudness_ebu128": {
        "integrated": -10.6086673737,
        "loudness_range": 1.29580211639,
        "momentary": {
            "dmean": 0.694231688976,
            "dmean2": 0.489531189203,
            "dvar": 0.372724473476,
            "dvar2": 0.187173604965,
            "max": -7.58755874634,
            "mean": -11.2412958145,
            "median": -10.7275333405,
            "min": -22.7135334015,
            "stdev": 2.57270669937,
            "var": 6.61881971359
        },
        "short_term": {
            "dmean": 0.074500285089,
            "dmean2": 0.0545214265585,
            "dvar": 0.00262675294653,
            "dvar2": 0.00294813374057,
            "max": -9.58839130402,
            "mean": -10.5743532181,
            "median": -10.643948555,
            "min": -11.7328529358,
            "stdev": 0.438141584396,
            "var": 0.191968053579
        }
    },
    "melbands_crest": {
        "dmean": 2.54481172562,
        "dmean2": 4.04033041,
        "dvar": 7.41088247299,
        "dvar2": 17.1001548767,
        "max": 34.4125671387,
        "mean": 16.8716239929,
        "median": 16.3840923309,
        "min": 2.50777125359,
        "stdev": 5.51191663742,
        "var": 30.3812236786
    },
    "melbands_flatness_db": {
        "dmean": 0.0284581836313,
        "dmean2": 0.0396325513721,
        "dvar": 0.00123423722107,
        "dvar2": 0.00212220102549,
        "max": 0.564725518227,
        "mean": 0.325216978788,
        "median": 0.33375993371,
        "min": 0.00706627452746,
        "stdev": 0.0919868573546,
        "var": 0.00846158247441
    },
    "melbands_kurtosis": {
        "dmean": 13.6727304459,
        "dmean2": 22.0000953674,
        "dvar": 410.829803467,
        "dvar2": 888.723083496,
        "max": 237.078567505,
        "mean": 26.1073322296,
        "median": 20.2513713837,
        "min": -1.67398774624,
        "stdev": 26.171245575,
        "var": 684.934143066
    },
    "melbands_skewness": {
        "dmean": 0.954283773899,
        "dmean2": 1.46950733662,
        "dvar": 1.09420108795,
        "dvar2": 2.13122653961,
        "max": 13.4203748703,
        "mean": 3.68309044838,
        "median": 3.66431713104,
        "min": 0.0847410336137,
        "stdev": 1.79416501522,
        "var": 3.21902799606
    },
    "melbands_spread": {
        "dmean": 3.49506354332,
        "dmean2": 5.47681283951,
        "dvar": 48.8230018616,
        "dvar2": 96.0911331177,
        "max": 161.468261719,
        "mean": 10.4959306717,
        "median": 6.67717027664,
        "min": 1.51959300041,
        "stdev": 12.5202865601,
        "var": 156.757568359
    },
    "pitch_salience": {
        "dmean": 0.0724901482463,
        "dmean2": 0.11770747602,
        "dvar": 0.00553467869759,
        "dvar2": 0.0147334691137,
        "max": 0.813169956207,
        "mean": 0.468739956617,
        "median": 0.479195147753,
        "min": 0.122005656362,
        "stdev": 0.117944739759,
        "var": 0.0139109622687
    },
    "silence_rate_20dB": {
        "dmean": 0,
        "dmean2": 0,
        "dvar": 0,
        "dvar2": 0,
        "max": 1,
        "mean": 1,
        "median": 1,
        "min": 1,
        "stdev": 0,
        "var": 0
    },
    "silence_rate_30dB": {
        "dmean": 0.0675105452538,
        "dmean2": 0.135306552052,
        "dvar": 0.0629532858729,
        "dvar2": 0.133911535144,
        "max": 1,
        "mean": 0.831578969955,
        "median": 1,
        "min": 0,
        "stdev": 0.374240338802,
        "var": 0.140055835247
    },
    "silence_rate_60dB": {
        "dmean": 0.00421940907836,
        "dmean2": 0.00845665950328,
        "dvar": 0.00420162314549,
        "dvar2": 0.00838515534997,
        "max": 1,
        "mean": 0.0294736847281,
        "median": 0,
        "min": 0,
        "stdev": 0.169130370021,
        "var": 0.028605081141
    },
    "spectral_centroid": {
        "dmean": 170.776855469,
        "dmean2": 255.506759644,
        "dvar": 133374.578125,
        "dvar2": 137450.125,
        "max": 10624.3193359,
        "mean": 692.786865234,
        "median": 523.679138184,
        "min": 229.496749878,
        "stdev": 651.512084961,
        "var": 424467.96875
    },
    "spectral_complexity": {
        "dmean": 2.23628687859,
        "dmean2": 3.57293868065,
        "dvar": 13.361869812,
        "dvar2": 25.885307312,
        "max": 42,
        "mean": 12.5389471054,
        "median": 12,
        "min": 0,
        "stdev": 5.88200235367,
        "var": 34.5979499817
    },
    "spectral_decrease": {
        "dmean": 4.04803968124e-09,
        "dmean2": 6.25350615735e-09,
        "dvar": 7.74075683402e-17,
        "dvar2": 1.73624456186e-16,
        "max": 1.40568556028e-29,
        "mean": -1.50669965393e-08,
        "median": -1.21653691565e-08,
        "min": -7.6079942346e-08,
        "stdev": 1.36210722701e-08,
        "var": 1.85533607076e-16
    },
    "spectral_energy": {
        "dmean": 0.0156749822199,
        "dmean2": 0.024170441553,
        "dvar": 0.0011499109678,
        "dvar2": 0.00258225575089,
        "max": 0.294483631849,
        "mean": 0.0584739968181,
        "median": 0.0488269515336,
        "min": 1.09310423531e-20,
        "stdev": 0.0522908940911,
        "var": 0.0027343374677
    },
    "spectral_energyband_high": {
        "dmean": 0.000361477403203,
        "dmean2": 0.00051320460625,
        "dvar": 5.16230045378e-07,
        "dvar2": 9.43228599226e-07,
        "max": 0.00694611761719,
        "mean": 0.000702155812178,
        "median": 0.000132510991534,
        "min": 7.84321428492e-21,
        "stdev": 0.00134971470106,
        "var": 1.82172982477e-06
    },
    "spectral_energyband_low": {
        "dmean": 0.0120767643675,
        "dmean2": 0.0178906861693,
        "dvar": 0.000798499269877,
        "dvar2": 0.00168417871464,
        "max": 0.242707341909,
        "mean": 0.0388423241675,
        "median": 0.0294662248343,
        "min": 5.16665617389e-23,
        "stdev": 0.04516800493,
        "var": 0.00204014871269
    },
    "spectral_energyband_middle_high": {
        "dmean": 0.00199330737814,
        "dmean2": 0.00326853641309,
        "dvar": 5.41116150998e-06,
        "dvar2": 1.23618829093e-05,
        "max": 0.0191827118397,
        "mean": 0.00370711204596,
        "median": 0.0027813562192,
        "min": 1.71400587481e-21,
        "stdev": 0.00319238845259,
        "var": 1.01913446997e-05
    },
    "spectral_energyband_middle_low": {
        "dmean": 0.00777175929397,
        "dmean2": 0.0133557589725,
        "dvar": 0.000305822759401,
        "dvar2": 0.000845576170832,
        "max": 0.169282078743,
        "mean": 0.0174589250237,
        "median": 0.0135567579418,
        "min": 2.54029695519e-22,
        "stdev": 0.0171425826848,
        "var": 0.00029386812821
    },
    "spectral_entropy": {
        "dmean": 0.236671611667,
        "dmean2": 0.301790744066,
        "dvar": 0.0834538638592,
        "dvar2": 0.12280511111,
        "max": 9.79418468475,
        "mean": 6.81185913086,
        "median": 6.6676530838,
        "min": 5.48913145065,
        "stdev": 0.690569400787,
        "var": 0.476886123419
    },
    "spectral_flux": {
        "dmean": 0.030130347237,
        "dmean2": 0.0481066592038,
        "dvar": 0.00244182464667,
        "dvar2": 0.00452000694349,
        "max": 0.459088712931,
        "mean": 0.08418174088,
        "median": 0.0644429028034,
        "min": 1.04551624303e-10,
        "stdev": 0.0701831951737,
        "var": 0.00492568127811
    },
    "spectral_kurtosis": {
        "dmean": 3.11451840401,
        "dmean2": 5.1093583107,
        "dvar": 19.932094574,
        "dvar2": 44.592414856,
        "max": 43.0229530334,
        "mean": 7.16520357132,
        "median": 5.60478115082,
        "min": -1.15944004059,
        "stdev": 6.07133054733,
        "var": 36.8610534668
    },
    "spectral_rms": {
        "dmean": 0.000890132097993,
        "dmean2": 0.00130794942379,
        "dvar": 2.26506881518e-06,
        "dvar2": 4.62301932203e-06,
        "max": 0.0169499590993,
        "mean": 0.0068256217055,
        "median": 0.00690188771114,
        "min": 3.26564404858e-12,
        "stdev": 0.00323399505578,
        "var": 1.04587234091e-05
    },
    "spectral_rolloff": {
        "dmean": 241.907470703,
        "dmean2": 408.675140381,
        "dvar": 652719.75,
        "dvar2": 1126537.125,
        "max": 18626.2207031,
        "mean": 735.122558594,
        "median": 301.46484375,
        "min": 64.599609375,
        "stdev": 1546.43017578,
        "var": 2391446.25
    },
    "spectral_skewness": {
        "dmean": 0.370252966881,
        "dmean2": 0.555525720119,
        "dvar": 0.170327559114,
        "dvar2": 0.327620685101,
        "max": 4.75794315338,
        "mean": 2.1713051796,
        "median": 2.12196707726,
        "min": 0.0344273746014,
        "stdev": 0.792093038559,
        "var": 0.627411425114
    },
    "spectral_spread": {
        "dmean": 878414.5625,
        "dmean2": 1136045.75,
        "dvar": 2.86912203981e+12,
        "dvar2": 3.65871130214e+12,
        "max": 39531876,
        "mean": 4859306.5,
        "median": 4362124,
        "min": 1447706.5,
        "stdev": 2481803.5,
        "var": 6.15934905549e+12
    },
    "spectral_strongpeak": {
        "dmean": 0.401886254549,
        "dmean2": 0.723673701286,
        "dvar": 0.538706123829,
        "dvar2": 1.40105545521,
        "max": 5.29767227173,
        "mean": 0.784694492817,
        "median": 0.621618688107,
        "min": 0,
        "stdev": 0.721804797649,
        "var": 0.521002173424
    },
    "zerocrossingrate": {
        "dmean": 0.00875918846577,
        "dmean2": 0.00975323747844,
        "dvar": 0.000451233790955,
        "dvar2": 0.000430509855505,
        "max": 0.7255859375,
        "mean": 0.0367105267942,
        "median": 0.0244140625,
        "min": 0.00341796875,
        "stdev": 0.0551284328103,
        "var": 0.00303914421238
    },
    "barkbands": {
        "dmean": [0.000399816053687, 0.00713739078492, 0.00564773799852, 0.00305391731672, 0.00427114451304, 0.00114783539902, 0.000559359730687, 0.000230061268667, 0.000254152168054, 0.000530170102138, 0.00067774404306, 0.00079123233445, 0.00027559424052, 0.00023035054619, 4.8187590437e-05, 4.28938765253e-05, 3.32573290507e-05, 6.30582289887e-05, 5.61108900001e-05, 6.83777252561e-05, 9.29384113988e-05, 7.55504806875e-05, 7.95204832684e-05, 7.9962585005e-05, 6.82840836816e-05, 1.86660272448e-05, 3.10829989303e-07],
        "dmean2": [0.00062439229805, 0.00971240270883, 0.00931006483734, 0.00551528995857, 0.0070256809704, 0.00187691499013, 0.0010242894059, 0.000373540417058, 0.000377796270186, 0.000877233163919, 0.00106219772715, 0.00126846437342, 0.000472815328976, 0.000395116920117, 8.47291084938e-05, 7.5058596849e-05, 5.4485288274e-05, 0.000110364970169, 8.5046303866e-05, 0.000108152948087, 0.000144330959301, 0.000117091665743, 0.000119210919365, 0.00012416325626, 9.69959219219e-05, 2.83392600977e-05, 5.31460273123e-07],
        "dvar": [2.47217371907e-06, 0.000378917931812, 0.000242843001615, 0.000132113753352, 4.14422756876e-05, 5.08304310642e-06, 7.7462578929e-07, 8.96330760725e-08, 1.27183184873e-07, 1.19833669032e-06, 1.06748518647e-06, 2.41680231738e-06, 3.36766902365e-07, 5.09157757733e-07, 4.47447057184e-08, 2.25217036132e-08, 1.0884783741e-08, 2.75044325093e-08, 1.23219550119e-08, 1.65252806994e-08, 5.14272677776e-08, 2.56115910702e-08, 2.86977677177e-08, 3.9250906525e-08, 2.97899962476e-08, 2.79618928012e-09, 1.22061974243e-12],
        "dvar2": [4.28089060733e-06, 0.000640544400085, 0.000643309555016, 0.000374333467335, 0.000114820315503, 1.37211864057e-05, 2.54122824117e-06, 2.41369718879e-07, 3.13794117801e-07, 2.81826464743e-06, 2.58168392975e-06, 4.49698018201e-06, 9.18672810712e-07, 1.30570765577e-06, 1.28932811094e-07, 6.1404016094e-08, 2.77714811148e-08, 7.70389974036e-08, 2.78289959965e-08, 4.46743584348e-08, 1.25356919511e-07, 6.22155766905e-08, 6.19900788479e-08, 8.29385840007e-08, 6.7245210289e-08, 5.92516435916e-09, 3.13354550641e-12],
        "max": [0.0235355831683, 0.237970203161, 0.124782443047, 0.118888653815, 0.0711426958442, 0.0230880230665, 0.00602830434218, 0.00240249978378, 0.00402691122144, 0.00988910719752, 0.0100011574104, 0.0172821879387, 0.00512726046145, 0.0079450821504, 0.00219487980939, 0.00119730911683, 0.0011480525136, 0.00187568238471, 0.00129024870694, 0.00154279987328, 0.00318979122676, 0.00170988286845, 0.00161377596669, 0.00181592686567, 0.00155623373576, 0.000494869309478, 1.10018891064e-05],
        "mean": [0.000711865082849, 0.021422713995, 0.0145557969809, 0.00335148605518, 0.00922480132431, 0.00262552453205, 0.000784596370067, 0.00062212132616, 0.000716495793313, 0.000748003949411, 0.00100245443173, 0.00106835912447, 0.000367754633771, 0.000244135866524, 3.77153119189e-05, 3.71724381694e-05, 3.60079902748e-05, 7.63271964388e-05, 7.43128548493e-05, 0.000112799651106, 0.000160147465067, 0.000116782088298, 0.000134360801894, 0.000124305064674, 9.3423150247e-05, 2.43549075094e-05, 2.24990472475e-07],
        "median": [4.36060981883e-05, 0.00931026507169, 0.00562126096338, 0.000883999513462, 0.00642685452476, 0.0022086687386, 0.000448615144705, 0.000488744699396, 0.000623509578872, 0.000248484662734, 0.000383124483051, 0.000342895684298, 0.000102238824184, 1.08036601887e-05, 2.19073785956e-06, 2.03070499083e-06, 2.83164899884e-06, 6.15751423538e-06, 1.04217106127e-05, 1.86231009138e-05, 2.1118838049e-05, 1.39452140502e-05, 1.99767255253e-05, 1.04531936813e-05, 1.05679391709e-05, 1.06619336293e-06, 2.35197461507e-09],
        "min": [1.95097150552e-23, 2.0754110001e-23, 1.90729748368e-23, 8.72025382863e-25, 5.15511324558e-23, 2.48403179822e-23, 1.65936496983e-23, 3.63140190142e-23, 4.91598994145e-23, 1.84249432736e-22, 1.28978215267e-22, 1.0554710894e-22, 1.34768858208e-22, 1.21337422135e-22, 7.35183969331e-23, 2.22384205829e-22, 2.33762760769e-22, 2.11424504474e-22, 1.86559141736e-22, 2.3214735034e-22, 4.20143910242e-22, 5.85014350063e-22, 4.64825673489e-22, 1.02203900015e-21, 1.42000667982e-21, 1.79714075755e-21, 2.22878121108e-21],
        "stdev": [0.00218830630183, 0.031841982156, 0.018736410886, 0.0092689730227, 0.00911800935864, 0.00247002136894, 0.000916645454708, 0.000505346572027, 0.000532104051672, 0.00143052299973, 0.00141761952545, 0.00200798292644, 0.000693124369718, 0.00076838163659, 0.000163826945936, 0.000130069398438, 0.000102794852864, 0.00016876673908, 0.000146853926708, 0.000204476542422, 0.000358951656381, 0.00023164715094, 0.00027955006226, 0.000292587501463, 0.000224298404646, 6.67458007229e-05, 9.65296635513e-07],
        "var": [4.7886842367e-06, 0.00101391191129, 0.000351053109625, 8.5913867224e-05, 8.31380893942e-05, 6.10100596532e-06, 8.40238840283e-07, 2.55375141478e-07, 2.83134738766e-07, 2.04639604817e-06, 2.00964518626e-06, 4.03199555876e-06, 4.80421363136e-07, 5.90410309087e-07, 2.68392703617e-08, 1.69180474074e-08, 1.0566782116e-08, 2.84822139207e-08, 2.15660751479e-08, 4.18106580469e-08, 1.288462812e-07, 5.36604041201e-08, 7.81482398793e-08, 8.56074535704e-08, 5.03097723481e-08, 4.45500170088e-09, 9.31797607823e-13]
    },
    "erbbands": {
        "dmean": [0.211007192731, 1.77654850483, 5.25854206085, 10.2074127197, 9.59322452545, 18.2503318787, 14.2976827621, 8.65849781036, 9.90068435669, 4.49791431427, 5.44168615341, 5.34271478653, 11.0792293549, 16.9893417358, 27.2577362061, 32.319683075, 15.9228754044, 14.0322504044, 4.04857587814, 2.82010436058, 1.8250784874, 2.10940337181, 2.65170836449, 3.17881989479, 3.15860462189, 3.19232058525, 3.60030460358, 3.13532686234, 2.42859387398, 2.5038189888, 2.44525265694, 2.00989317894, 1.19520664215, 0.730750322342, 0.514855086803, 0.139524668455, 0.0255747232586, 0.00238305679522, 6.17791665718e-05, 1.99342684937e-05],
        "dmean2": [0.266778975725, 2.44836807251, 8.24703979492, 17.8347644806, 16.0523777008, 30.3541679382, 23.1098327637, 14.1521234512, 18.0964126587, 7.47661066055, 8.82590198517, 8.11189174652, 17.7157268524, 29.2812957764, 42.7185707092, 51.778263092, 26.1025714874, 24.2540225983, 6.94012928009, 5.08321619034, 3.10993003845, 3.54765033722, 4.53156232834, 5.29293823242, 4.99162340164, 4.96512031555, 5.75420284271, 4.62812423706, 3.65466380119, 3.8296687603, 3.6253156662, 3.11221957207, 1.85001051426, 1.07504725456, 0.765081822872, 0.20983068645, 0.0389870740473, 0.00388416834176, 9.56774310907e-05, 2.97735805361e-05],
        "dvar": [0.558436393738, 20.7604637146, 163.887161255, 1399.80358887, 319.560852051, 867.445739746, 664.624633789, 322.208282471, 285.38494873, 43.6300849915, 57.412071228, 66.2835083008, 542.484985352, 948.107849121, 1807.71032715, 4518.60644531, 814.972900391, 1423.93945312, 135.927703857, 109.58795166, 34.3052825928, 44.9294624329, 81.4247894287, 52.3812828064, 38.7848091125, 40.4260292053, 87.2941589355, 37.9026527405, 30.9443264008, 31.1677474976, 25.4916706085, 23.4291667938, 9.46692276001, 3.34572911263, 1.80334627628, 0.148091837764, 0.00604973267764, 5.41328954569e-05, 3.20106785523e-08, 1.68472913398e-09],
        "dvar2": [0.897362112999, 42.1239471436, 412.774200439, 3888.42236328, 889.452636719, 2427.82348633, 1780.75915527, 861.631225586, 937.979431152, 122.479568481, 146.55267334, 171.926467896, 1179.75598145, 2512.12280273, 4212.81933594, 8562.98144531, 1975.75756836, 3664.25268555, 378.042480469, 305.538757324, 92.2524414062, 116.796089172, 227.515029907, 151.612014771, 103.676063538, 108.983406067, 236.21421814, 83.717010498, 76.2720184326, 73.0496826172, 58.7390594482, 53.6207046509, 20.1637535095, 7.19189310074, 4.22263765335, 0.324043631554, 0.0124094076455, 0.000127741877805, 7.27219813257e-08, 3.63164409656e-09],
        "max": [10.5963659286, 55.2856292725, 104.843765259, 350.621887207, 154.024414062, 255.433105469, 267.396789551, 170.552719116, 133.615859985, 59.7106285095, 84.1455230713, 77.0665969849, 218.086776733, 251.794967651, 479.790649414, 707.24786377, 264.469421387, 430.438751221, 100.230033875, 72.2814254761, 48.1175422668, 75.5918045044, 129.931976318, 69.3030776978, 57.6762275696, 84.3768692017, 129.489044189, 67.4867858887, 64.1158676147, 58.9684066772, 53.5021209717, 46.7580604553, 28.651725769, 18.1582012177, 10.9753656387, 3.32265019417, 0.944706082344, 0.0737372413278, 0.00201886356808, 0.000358500226866],
        "mean": [0.457675933838, 5.30791187286, 16.8325481415, 14.8366451263, 17.7624607086, 34.5237503052, 28.0462417603, 19.3545227051, 16.8114814758, 10.14204216, 15.5382575989, 14.8202390671, 18.6907482147, 24.547624588, 45.8438339233, 45.6458587646, 22.721036911, 15.6002454758, 4.00787258148, 2.24751901627, 1.7728010416, 2.28966736794, 3.54332566261, 4.28636407852, 4.77533340454, 5.33069133759, 5.77282953262, 5.81066131592, 3.84604430199, 4.17454624176, 3.95786809921, 2.96995615959, 1.86380457878, 1.03513157368, 0.671634197235, 0.187869384885, 0.0310688838363, 0.00229331036098, 8.81712694536e-05, 6.95799608366e-05],
        "median": [0.115687526762, 2.57987570763, 6.54996395111, 7.25034618378, 12.327876091, 19.5769062042, 17.0377426147, 14.5158109665, 7.50586652756, 7.85350227356, 13.3566360474, 12.704419136, 7.84012174606, 11.3826951981, 18.2418956757, 15.5713415146, 8.06718254089, 2.56105685234, 0.406875312328, 0.144798979163, 0.13501727581, 0.235996901989, 0.347906976938, 0.547746121883, 0.81532895565, 1.03131425381, 0.735222458839, 0.973619699478, 0.630506813526, 0.529621839523, 0.628481984138, 0.276101261377, 0.152798369527, 0.0881508439779, 0.0876951813698, 0.0130234062672, 0.00126378494315, 0.000137955474202, 3.32886484102e-05, 5.91454663663e-05],
        "min": [3.48761414163e-22, 5.85352906445e-21, 2.57776749982e-20, 7.42616662218e-21, 5.09862271168e-20, 2.23432753786e-19, 2.42964271657e-19, 1.84285112978e-19, 2.28783190633e-19, 6.59090842939e-19, 5.12407628698e-19, 1.36970728322e-18, 5.10161533482e-18, 4.26611866197e-18, 5.30321703448e-18, 5.31300382189e-18, 4.93974518793e-18, 4.47160521538e-18, 5.18351779599e-18, 6.75219510375e-18, 1.09226246853e-17, 1.36475503561e-17, 1.36089665164e-17, 9.27748404247e-18, 9.99185128154e-18, 1.20405965063e-17, 1.62527457692e-17, 1.39305453873e-17, 2.08045817137e-17, 1.84113976547e-17, 1.39957801591e-17, 2.05634585652e-17, 1.58609764875e-17, 1.65105597681e-17, 1.01949712712e-17, 5.34107378239e-18, 3.74318252334e-18, 1.62769819543e-18, 3.05923004331e-19, 2.93938598359e-20],
        "stdev": [1.00612163544, 7.32148075104, 19.9503555298, 31.795753479, 20.7651386261, 39.0408477783, 31.5424365997, 19.9081058502, 20.8388118744, 8.45301437378, 10.6404371262, 11.8730115891, 32.8275794983, 35.4996490479, 63.6993637085, 86.8120422363, 35.7377929688, 40.1525115967, 10.5656270981, 8.56746196747, 5.38048791885, 6.39325809479, 8.79507637024, 9.23994159698, 8.42261791229, 10.3704004288, 13.4211196899, 11.1828289032, 7.85475683212, 8.29679584503, 8.31589221954, 6.98888349533, 4.41185760498, 2.50471067429, 1.61915230751, 0.485821217299, 0.0937350317836, 0.00741051696241, 0.000193133906578, 6.20870050625e-05],
        "var": [1.01228070259, 53.6040802002, 398.016662598, 1010.96990967, 431.190979004, 1524.18774414, 994.925354004, 396.332702637, 434.256072998, 71.453453064, 113.218894958, 140.968399048, 1077.65002441, 1260.22497559, 4057.60913086, 7536.33105469, 1277.18981934, 1612.22412109, 111.632476807, 73.4014053345, 28.9496517181, 40.8737487793, 77.3533630371, 85.3765258789, 70.9404907227, 107.545196533, 180.126464844, 125.055671692, 61.6972045898, 68.8368225098, 69.1540603638, 48.8444900513, 19.4644889832, 6.27357530594, 2.62165403366, 0.236022248864, 0.00878625549376, 5.49157593923e-05, 3.73007047472e-08, 3.85479648202e-09]
    },
    "gfcc": {
        "mean": [-45.3943824768, 125.16859436, -76.4258880615, 26.7502479553, -85.3429336548, 23.7844715118, -21.6421489716, -4.81018590927, -39.5633430481, -4.55096530914, -3.51843690872, -2.73117399216, -10.0999794006],
        "cov": [[17705.6230469, -384.883972168, -278.962493896, 665.548034668, -627.161987305, 782.624816895, -400.693145752, 439.764221191, -424.033630371, 416.116333008, -106.670806885, 213.170166016, -102.457717896], [-384.883972168, 2127.45776367, 387.693145752, 190.666595459, 525.343017578, 14.1063394547, 632.817321777, -218.104904175, 308.98840332, -77.7011032104, 259.961578369, -350.074920654, 51.8527336121], [-278.962493896, 387.693145752, 760.961120605, 435.489532471, 410.92477417, 237.281021118, 323.878387451, 227.591537476, 251.230529785, 51.6085739136, -3.06721329689, -24.6405639648, 12.7182731628], [665.548034668, 190.666595459, 435.489532471, 682.70715332, 469.100463867, 229.712005615, 282.198516846, 276.539764404, 288.873657227, 74.0777740479, -29.8182163239, -33.0157585144, 31.739566803], [-627.161987305, 525.343017578, 410.92477417, 469.100463867, 668.840087891, 177.328308105, 290.050964355, 123.81652832, 356.520874023, 95.5115127563, 13.3120660782, -136.598815918, 42.5884475708], [782.624816895, 14.1063394547, 237.281021118, 229.712005615, 177.328308105, 286.497497559, 97.5805892944, 104.498680115, 120.326072693, 134.63772583, -10.9294300079, -20.584066391, 8.14619159698], [-400.693145752, 632.817321777, 323.878387451, 282.198516846, 290.050964355, 97.5805892944, 464.595031738, 59.83751297, 156.727600098, 13.2392425537, 125.275878906, -76.6248779297, 14.99700737], [439.764221191, -218.104904175, 227.591537476, 276.539764404, 123.81652832, 104.498680115, 59.83751297, 341.172729492, 109.56652832, -52.1360626221, -109.940322876, 139.523605347, 42.4393806458], [-424.033630371, 308.98840332, 251.230529785, 288.873657227, 356.520874023, 120.326072693, 156.727600098, 109.56652832, 310.756286621, 62.9181022644, -30.5312023163, -77.1330413818, 58.9774551392], [416.116333008, -77.7011032104, 51.6085739136, 74.0777740479, 95.5115127563, 134.63772583, 13.2392425537, -52.1360626221, 62.9181022644, 267.606567383, 71.9967803955, -76.5218963623, -31.4428157806], [-106.670806885, 259.961578369, -3.06721329689, -29.8182163239, 13.3120660782, -10.9294300079, 125.275878906, -109.940322876, -30.5312023163, 71.9967803955, 210.461761475, -37.2495803833, -60.204574585], [213.170166016, -350.074920654, -24.6405639648, -33.0157585144, -136.598815918, -20.584066391, -76.6248779297, 139.523605347, -77.1330413818, -76.5218963623, -37.2495803833, 199.94102478, -0.173571094871], [-102.457717896, 51.8527336121, 12.7182731628, 31.739566803, 42.5884475708, 8.14619159698, 14.99700737, 42.4393806458, 58.9774551392, -31.4428157806, -60.204574585, -0.173571094871, 96.4792175293]],
        "icov": [[0.000166973244632, -0.000454621767858, 0.000291104224743, -0.000587466696743, 0.000399225624278, -0.000474333530292, 0.000496335502248, -0.000478802627185, 0.000712395005394, -0.000587947492022, 0.00027766689891, -0.000185254830285, 0.000119668453408], [-0.000454621767858, 0.00311464001425, -0.00119980727322, 0.00215677707456, -0.0013911324786, 0.000931346032303, -0.00257127848454, 0.00213327072561, -0.00315324449912, 0.0038773608394, -0.00267288996838, 0.0025862895418, -0.00118344218936], [0.000291104224743, -0.00119980727322, 0.00363889615983, -0.00109973386861, 6.77047719364e-05, -0.00199934164993, -0.000264701928245, -0.00199047476053, 0.00107234879397, -0.00126880244352, 0.0014820661163, -0.000810540164821, 0.00174606463406], [-0.000587466696743, 0.00215677707456, -0.00109973386861, 0.00734506687149, -0.00326056196354, 0.000659326615278, -0.00320847239345, -0.00179920205846, -0.0031475215219, 0.0023064345587, -0.00135293789208, 0.00276297214441, 0.00045582986786], [0.000399225624278, -0.0013911324786, 6.77047719364e-05, -0.00326056196354, 0.0066039012745, -0.000890844967216, 0.00112641975284, -0.000959799683187, -0.00213301018812, -0.00158983713482, 0.000386780739063, 0.000771377934143, 0.000671060581226], [-0.000474333530292, 0.000931346032303, -0.00199934164993, 0.000659326615278, -0.000890844967216, 0.00881240330637, -0.00169036537409, 0.000409833359299, -0.00151424726937, -0.00273453188129, 0.0009324492421, -9.38447628869e-05, -0.000609815411735], [0.000496335502248, -0.00257127848454, -0.000264701928245, -0.00320847239345, 0.00112641975284, -0.00169036537409, 0.0082837427035, -0.00295661133714, 0.00291107059456, -0.000990231288597, -0.00326066627167, 0.000375033618184, -0.00147844129242], [-0.000478802627185, 0.00213327072561, -0.00199047476053, -0.00179920205846, -0.000959799683187, 0.000409833359299, -0.00295661133714, 0.01495314762, -0.00464220810682, 0.00320893758908, 0.00299133476801, -0.00848420988768, -0.000794707622845], [0.000712395005394, -0.00315324449912, 0.00107234879397, -0.0031475215219, -0.00213301018812, -0.00151424726937, 0.00291107059456, -0.00464220810682, 0.0145325139165, -0.00536312162876, 0.00288777658716, 0.000163114105817, -0.00282493326813], [-0.000587947492022, 0.0038773608394, -0.00126880244352, 0.0023064345587, -0.00158983713482, -0.00273453188129, -0.000990231288597, 0.00320893758908, -0.00536312162876, 0.012499188073, -0.00686438754201, 0.00508912559599, -0.000547072675545], [0.00027766689891, -0.00267288996838, 0.0014820661163, -0.00135293789208, 0.000386780739063, 0.0009324492421, -0.00326066627167, 0.00299133476801, 0.00288777658716, -0.00686438754201, 0.0149040967226, -0.00672457227483, 0.00620856927708], [-0.000185254830285, 0.0025862895418, -0.000810540164821, 0.00276297214441, 0.000771377934143, -9.38447628869e-05, 0.000375033618184, -0.00848420988768, 0.000163114105817, 0.00508912559599, -0.00672457227483, 0.0174216069281, -0.00165373098571], [0.000119668453408, -0.00118344218936, 0.00174606463406, 0.00045582986786, 0.000671060581226, -0.000609815411735, -0.00147844129242, -0.000794707622845, -0.00282493326813, -0.000547072675545, 0.00620856927708, -0.00165373098571, 0.0165024287999]]
    },
    "melbands": {
        "dmean": [0.00184132612776, 0.00236025964841, 0.00158275081776, 0.000942742393818, 0.000595813849941, 0.000205319345696, 0.000134319998324, 4.78510119137e-05, 4.88849946123e-05, 3.33686148224e-05, 5.93000440858e-05, 7.2128874308e-05, 8.77326892805e-05, 6.77992138662e-05, 8.00825582701e-05, 2.75894726656e-05, 2.77919862128e-05, 7.14235648047e-06, 3.9580027078e-06, 3.36607513418e-06, 1.86063221008e-06, 2.21386767407e-06, 2.24116433856e-06, 2.71422959486e-06, 2.72907209364e-06, 1.84538896519e-06, 2.95471249956e-06, 1.99166902348e-06, 1.90696732716e-06, 2.96309508485e-06, 1.79579399173e-06, 1.43545696574e-06, 1.48860897298e-06, 1.37815436574e-06, 1.55893303599e-06, 1.31131810122e-06, 1.28523743115e-06, 9.08042011361e-07, 6.89976729973e-07, 6.12636597452e-07],
        "dmean2": [0.00251156487502, 0.00359227624722, 0.00277792965062, 0.00157338497229, 0.000980264390819, 0.000339746882673, 0.000244227616349, 7.76725282776e-05, 7.81142953201e-05, 5.01596696267e-05, 9.48367451201e-05, 0.00012341159163, 0.000137672992423, 0.000107480147562, 0.000128109866637, 4.62204516225e-05, 4.84065785713e-05, 1.23228783195e-05, 7.00903592588e-06, 6.06087996857e-06, 3.22394816976e-06, 3.81865220334e-06, 3.8655894059e-06, 4.67722111352e-06, 4.61982426714e-06, 2.80052154267e-06, 5.05911339133e-06, 3.05319463223e-06, 3.10460313813e-06, 4.555990472e-06, 2.74634976449e-06, 2.12246141018e-06, 2.36379560192e-06, 2.10947882806e-06, 2.34440381064e-06, 2.03851482183e-06, 2.01484999707e-06, 1.42583076013e-06, 1.07248513359e-06, 8.94601896562e-07],
        "dvar": [3.31737683155e-05, 2.86110152956e-05, 2.86702579615e-05, 2.09824224839e-06, 9.02235797184e-07, 1.52356477656e-07, 4.93856227024e-08, 4.55089255169e-09, 4.85396967065e-09, 2.47048492774e-09, 1.65402180841e-08, 1.85023338872e-08, 1.98203213841e-08, 1.42522829094e-08, 3.00290814437e-08, 4.65492666635e-09, 7.20603798854e-09, 4.00206118245e-10, 2.70467565011e-10, 1.45035983223e-10, 3.48168785469e-11, 6.13803452509e-11, 4.96253767246e-11, 4.76525000015e-11, 4.24254242848e-11, 1.53556386356e-11, 4.28168646371e-11, 1.82322386355e-11, 1.73323421587e-11, 9.66948812686e-11, 1.39779568128e-11, 1.12177654318e-11, 1.05497104108e-11, 1.01631888669e-11, 1.07479207825e-11, 8.68872682136e-12, 1.07006591088e-11, 5.69977962397e-12, 2.81629515715e-12, 2.48537453638e-12],
        "dvar2": [5.2395676903e-05, 6.37324847048e-05, 7.88385004853e-05, 5.77520449951e-06, 2.45540195465e-06, 4.11595920013e-07, 1.58834126296e-07, 1.26837296222e-08, 1.22861116836e-08, 6.18742213021e-09, 3.59519134463e-08, 4.83732591761e-08, 4.66671856714e-08, 3.14679695634e-08, 5.31231840739e-08, 1.28822437162e-08, 1.84819022309e-08, 1.09172515472e-09, 7.73423491918e-10, 3.94075216903e-10, 9.40619457324e-11, 1.61679641897e-10, 1.39025083112e-10, 1.28224861284e-10, 1.24186549932e-10, 3.42194536596e-11, 1.27201305045e-10, 4.76165148977e-11, 4.7557010413e-11, 2.22338175648e-10, 3.23421844861e-11, 2.7777103534e-11, 2.62637273041e-11, 2.31574551202e-11, 2.61226318354e-11, 2.03334033638e-11, 2.53508446874e-11, 1.24899170867e-11, 6.32809343121e-12, 5.39251672829e-12],
        "max": [0.0702160820365, 0.0428827926517, 0.0507967956364, 0.0155927399173, 0.00960591528565, 0.00378018897027, 0.0017478170339, 0.000604934117291, 0.000827350013424, 0.000441335141659, 0.0012296710629, 0.00110638525803, 0.00142764300108, 0.0015014493838, 0.00206424458884, 0.00060511531774, 0.000969577115029, 0.000173548367457, 0.000160872426932, 9.4741488283e-05, 4.94175874337e-05, 9.13702751859e-05, 9.60327670327e-05, 7.1733542427e-05, 6.16468096268e-05, 3.86435822293e-05, 6.5912186983e-05, 5.17121479788e-05, 3.54853109457e-05, 0.000148450126289, 4.25833495683e-05, 3.90474160668e-05, 2.82774963125e-05, 3.41668564943e-05, 3.4983997466e-05, 3.04273053189e-05, 3.02606531477e-05, 2.30773221119e-05, 1.3920181118e-05, 1.68138794834e-05],
        "mean": [0.00498448777944, 0.00818636827171, 0.00260449922644, 0.00194559874944, 0.0011579686543, 0.000456879584817, 0.000232095728279, 0.000110360218969, 0.000137279566843, 8.98797952686e-05, 9.56792137004e-05, 9.81959674391e-05, 0.000138361094287, 0.000110746404971, 0.000104271050077, 3.45025109709e-05, 2.94467045023e-05, 6.95552080288e-06, 3.02807916341e-06, 2.75189972854e-06, 1.8305336198e-06, 2.2367287329e-06, 2.78770562545e-06, 3.46155911757e-06, 3.51987796421e-06, 2.54696601587e-06, 4.41211568614e-06, 3.25357245856e-06, 2.81102711597e-06, 4.70379427497e-06, 3.08853441311e-06, 2.09906556847e-06, 2.24338646149e-06, 2.27201621783e-06, 2.43085196416e-06, 1.89984359622e-06, 1.79571929948e-06, 1.3982191831e-06, 9.93024400486e-07, 8.12764255897e-07],
        "median": [0.00189136876725, 0.00503979763016, 0.00144437770359, 0.00135942397173, 0.000671058369335, 0.000347708584741, 0.00011052917398, 8.46492330311e-05, 0.000119605407235, 7.07225772203e-05, 3.55680749635e-05, 3.18834208883e-05, 5.39501343155e-05, 3.74113369617e-05, 3.54359654011e-05, 5.45105331184e-06, 2.53221969615e-06, 4.29970782534e-07, 1.59502789643e-07, 1.59928532639e-07, 1.17531811838e-07, 1.59092977015e-07, 1.74790429242e-07, 2.62967745357e-07, 3.19775836033e-07, 3.1491671848e-07, 5.52671451715e-07, 4.70685108667e-07, 3.17086914947e-07, 3.52296837036e-07, 5.19713637459e-07, 2.84952022866e-07, 1.88847764093e-07, 2.89522603225e-07, 4.24864111892e-07, 1.85807550679e-07, 1.47592785993e-07, 1.11386924573e-07, 8.93653009371e-08, 5.44350697851e-08],
        "min": [5.88704253258e-24, 1.10338921446e-23, 2.38195288154e-24, 9.36106131915e-24, 9.94001580383e-24, 4.27265998929e-24, 3.31137262842e-24, 7.77761868943e-24, 4.00269048828e-24, 8.78996152252e-24, 2.59866780279e-23, 1.7443418554e-23, 1.97036927963e-23, 1.206797204e-23, 1.75396059419e-23, 8.02473094571e-24, 9.25715808275e-24, 9.34616920299e-24, 7.11375673894e-24, 1.45316177791e-23, 1.14092810727e-23, 1.23253820865e-23, 1.56452369418e-23, 1.02904980265e-23, 6.81882373459e-24, 8.69475942189e-24, 7.31484842774e-24, 7.5336169117e-24, 9.38219648053e-24, 9.71499717492e-24, 7.77971627058e-24, 1.06561334784e-23, 1.26932184603e-23, 8.83604125457e-24, 7.85475271988e-24, 8.7432735787e-24, 1.36047929902e-23, 1.02333474205e-23, 1.30702545299e-23, 1.41240985464e-23],
        "stdev": [0.00853714812547, 0.00926845241338, 0.00470105046406, 0.00195367541164, 0.00128200929612, 0.000446604390163, 0.000280772481347, 9.60632096394e-05, 9.55859504757e-05, 7.75439475547e-05, 0.000181013470865, 0.000157623973791, 0.00019747269107, 0.000177516427357, 0.000214724743273, 7.99262925284e-05, 9.0368099336e-05, 1.88597350643e-05, 1.29104209918e-05, 1.02261637949e-05, 5.50372033103e-06, 7.22599133951e-06, 6.92995763529e-06, 7.58690930525e-06, 8.1957105067e-06, 5.36589823241e-06, 8.56109090819e-06, 6.82816198605e-06, 5.7127058426e-06, 1.42097233038e-05, 6.2274029915e-06, 4.55225017504e-06, 4.55730241811e-06, 4.61935132989e-06, 5.14547173225e-06, 4.31163425674e-06, 4.44375791631e-06, 3.36628318109e-06, 2.29031684285e-06, 2.06422191695e-06],
