{
"metadata": {
    "version": {
        "essentia": "2.1-beta6-dev",
        "essentia_git_sha": "v2.1_beta5-778-gc9eadba6",
        "extractor": "music 2.0"
    },
    "audio_properties": {
        "analysis": {
            "equal_loudness": 0,
            "length": 19.9999771118,
            "sample_rate": 44100,
            "start_time": 0,
            "downmix": "mix"
        },
        "bit_rate": 128000,
        "length": 20,
        "lossless": 0,
        "number_channels": 2,
        "replay_gain": -12.0767192841,
        "sample_rate": 48000,
        "codec": "mp3",
        "md5_encoded": "7a2ec3e6dd538cd4433a090d0dc06f15"
    },
    "tags": {
        "file_name": "mcbaise-waterslide2.mp3",
        "encoding": ["Lavf59.16.100"]
    }
},
"lowlevel": {
    "average_loudness": 0.976100921631,
    "barkbands_crest": {
        "dmean": 1.79989254475,
        "dmean2": 2.80398082733,
        "dvar": 4.92852687836,
        "dvar2": 11.0050086975,
        "max": 24.448343277,
        "mean": 11.5499401093,
        "median": 11.5439634323,
        "min": 2.78343009949,
        "stdev": 3.60365152359,
        "var": 12.9863042831
    },
    "barkbands_flatness_db": {
        "dmean": 0.0165558513254,
        "dmean2": 0.0245256088674,
        "dvar": 0.000283599860268,
        "dvar2": 0.000617142708506,
        "max": 0.269386142492,
        "mean": 0.173800617456,
        "median": 0.178459003568,
        "min": 0.0684970468283,
        "stdev": 0.0336443893611,
        "var": 0.00113194505684
    },
    "barkbands_kurtosis": {
        "dmean": 1.87506127357,
        "dmean2": 2.89210128784,
        "dvar": 10.5497751236,
        "dvar2": 23.3346805573,
        "max": 45.994556427,
        "mean": 3.57284522057,
        "median": 2.73040819168,
        "min": -1.28332233429,
        "stdev": 4.00726032257,
        "var": 16.0581359863
    },
    "barkbands_skewness": {
        "dmean": 0.392065554857,
        "dmean2": 0.588880062103,
        "dvar": 0.240442454815,
        "dvar2": 0.510114729404,
        "max": 6.46965312958,
        "mean": 1.70939290524,
        "median": 1.6685115099,
        "min": -1.69824075699,
        "stdev": 0.731931090355,
        "var": 0.535723149776
    },
    "barkbands_spread": {
        "dmean": 3.00060796738,
        "dmean2": 4.66399908066,
        "dvar": 12.4095449448,
        "dvar2": 29.6857337952,
        "max": 44.0299606323,
        "mean": 15.9640655518,
        "median": 15.101398468,
        "min": 5.52311420441,
        "stdev": 5.58574819565,
        "var": 31.2005825043
    },
    "dissonance": {
        "dmean": 0.0210053194314,
        "dmean2": 0.0351257398725,
        "dvar": 0.000367706874385,
        "dvar2": 0.000897666905075,
        "max": 0.499008834362,
        "mean": 0.454291284084,
        "median": 0.456786513329,
        "min": 0.180148974061,
        "stdev": 0.0274295955896,
        "var": 0.000752382678911
    },
    "dynamic_complexity": 1.26572299004,
    "erbbands_crest": {
        "dmean": 2.29365944862,
        "dmean2": 3.62911105156,
        "dvar": 3.9614648819,
        "dvar2": 8.59058094025,
        "max": 23.3975639343,
        "mean": 10.1031274796,
        "median": 9.67431354523,
        "min": 3.32909059525,
        "stdev": 3.62571573257,
        "var": 13.1458148956
    },
    "erbbands_flatness_db": {
        "dmean": 0.013026596047,
        "dmean2": 0.0176671557128,
        "dvar": 0.000153288259753,
        "dvar2": 0.000259356660536,
        "max": 0.257244408131,
        "mean": 0.168253183365,
        "median": 0.16965970397,
        "min": 0.0793697461486,
        "stdev": 0.0289583466947,
        "var": 0.00083858583821
    },
    "erbbands_kurtosis": {
        "dmean": 0.64426189661,
        "dmean2": 0.993748247623,
        "dvar": 0.380052000284,
        "dvar2": 0.870635509491,
        "max": 5.00527191162,
        "mean": 0.437821120024,
        "median": 0.288213729858,
        "min": -1.47119367123,
        "stdev": 1.1189109087,
        "var": 1.25196170807
    },
    "erbbands_skewness": {
        "dmean": 0.265999525785,
        "dmean2": 0.412292718887,
        "dvar": 0.0586903654039,
        "dvar2": 0.143267929554,
        "max": 1.86186659336,
        "mean": 0.398402094841,
        "median": 0.427396267653,
        "min": -1.03458964825,
        "stdev": 0.452729403973,
        "var": 0.204963922501
    },
    "erbbands_spread": {
        "dmean": 5.76223945618,
        "dmean2": 8.30803108215,
        "dvar": 32.3940658569,
        "dvar2": 64.1689300537,
        "max": 82.9097061157,
        "mean": 31.6045818329,
        "median": 29.7592487335,
        "min": 10.9836730957,
        "stdev": 11.1137962341,
        "var": 123.516456604
    },
    "hfc": {
        "dmean": 4.16487216949,
        "dmean2": 5.92373323441,
        "dvar": 24.5492954254,
        "dvar2": 53.1320419312,
        "max": 80.7918777466,
        "mean": 24.2345924377,
        "median": 23.9346103668,
        "min": 1.16544388178e-16,
        "stdev": 9.64218139648,
        "var": 92.9716567993
    },
    "loudness_ebu128": {
        "integrated": -8.50574111938,
        "loudness_range": 0.925651073456,
        "momentary": {
            "dmean": 0.359196573496,
            "dmean2": 0.293140202761,
            "dvar": 0.234225004911,
            "dvar2": 0.0762233287096,
            "max": -6.99887895584,
            "mean": -8.9413356781,
            "median": -8.32908630371,
            "min": -22.545135498,
            "stdev": 2.25547981262,
            "var": 5.08718967438
        },
        "short_term": {
            "dmean": 0.0469611175358,
            "dmean2": 0.0301778055727,
            "dvar": 0.00210697599687,
            "dvar2": 0.000703232246451,
            "max": -7.75307703018,
            "mean": -8.38062667847,
            "median": -8.39184570312,
            "min": -10.1028862,
            "stdev": 0.388503402472,
            "var": 0.150934904814
        }
    },
    "melbands_crest": {
        "dmean": 2.14151954651,
        "dmean2": 3.33259272575,
        "dvar": 7.55326604843,
        "dvar2": 14.7392721176,
        "max": 31.3311691284,
        "mean": 16.7081184387,
        "median": 15.5692682266,
        "min": 1.94475615025,
        "stdev": 5.48881053925,
        "var": 30.127040863
    },
    "melbands_flatness_db": {
        "dmean": 0.0188250727952,
        "dmean2": 0.0278683044016,
        "dvar": 0.000491921848152,
        "dvar2": 0.00100592582021,
        "max": 0.361626923084,
        "mean": 0.243805393577,
        "median": 0.249991431832,
        "min": 0.00721020996571,
        "stdev": 0.0422943644226,
        "var": 0.00178881338798
    },
    "melbands_kurtosis": {
        "dmean": 4.72636318207,
        "dmean2": 7.19990348816,
        "dvar": 86.6128082275,
        "dvar2": 193.601486206,
        "max": 154.32611084,
        "mean": 10.2365818024,
        "median": 8.21467971802,
        "min": -1.2076728344,
        "stdev": 10.8965034485,
        "var": 118.733795166
    },
    "melbands_skewness": {
        "dmean": 0.562459528446,
        "dmean2": 0.844933331013,
        "dvar": 0.508396744728,
        "dvar2": 1.06574821472,
        "max": 10.5056314468,
        "mean": 2.57217097282,
        "median": 2.51517128944,
        "min": 0.000267706956947,
        "stdev": 1.07874131203,
        "var": 1.16368293762
    },
    "melbands_spread": {
        "dmean": 3.35459661484,
        "dmean2": 5.07886838913,
        "dvar": 28.1414661407,
        "dvar2": 46.7792396545,
        "max": 130.122421265,
        "mean": 15.3349494934,
        "median": 14.1997241974,
        "min": 2.8391327858,
        "stdev": 7.22923183441,
        "var": 52.2617912292
    },
    "pitch_salience": {
        "dmean": 0.0540971010923,
        "dmean2": 0.0862188115716,
        "dvar": 0.00386445131153,
        "dvar2": 0.00885165017098,
        "max": 0.845569849014,
        "mean": 0.442859321833,
        "median": 0.424210369587,
        "min": 0.141084805131,
        "stdev": 0.10266726464,
        "var": 0.0105405673385
    },
    "silence_rate_20dB": {
        "dmean": 0,
        "dmean2": 0,
        "dvar": 0,
        "dvar2": 0,
        "max": 1,
        "mean": 1,
        "median": 1,
        "min": 1,
        "stdev": 0,
        "var": 0
    },
    "silence_rate_30dB": {
        "dmean": 0.0440835282207,
        "dmean2": 0.088269457221,
        "dvar": 0.0421399660408,
        "dvar2": 0.0967371836305,
        "max": 1,
        "mean": 0.952491283417,
        "median": 1,
        "min": 0,
        "stdev": 0.21272456646,
        "var": 0.0452517382801
    },
    "silence_rate_60dB": {
        "dmean": 0.00464037107304,
        "dmean2": 0.00929152127355,
        "dvar": 0.00461876345798,
        "dvar2": 0.00920516531914,
        "max": 1,
        "mean": 0.0278099644929,
        "median": 0,
        "min": 0,
        "stdev": 0.164428129792,
        "var": 0.0270366091281
    },
    "spectral_centroid": {
        "dmean": 186.005569458,
        "dmean2": 282.353546143,
        "dvar": 145315.921875,
        "dvar2": 186897.6875,
        "max": 11439.3554688,
        "mean": 1040.78796387,
        "median": 967.508178711,
        "min": 460.726287842,
        "stdev": 493.214691162,
        "var": 243260.734375
    },
    "spectral_complexity": {
        "dmean": 3.08816695213,
        "dmean2": 4.79210233688,
        "dvar": 8.54442882538,
        "dvar2": 17.2842769623,
        "max": 44,
        "mean": 20.8563156128,
        "median": 21,
        "min": 0,
        "stdev": 6.37584877014,
        "var": 40.6514472961
    },
    "spectral_decrease": {
        "dmean": 3.01434521788e-09,
        "dmean2": 4.73846739624e-09,
        "dvar": 2.75788368972e-17,
        "dvar2": 6.69476047966e-17,
        "max": -1.03099748451e-28,
        "mean": -1.58496593627e-08,
        "median": -1.58525619298e-08,
        "min": -5.4064823729e-08,
        "stdev": 7.96938870451e-09,
        "var": 6.35111524249e-17
    },
    "spectral_energy": {
        "dmean": 0.011614928022,
        "dmean2": 0.0182280857116,
        "dvar": 0.000401793979108,
        "dvar2": 0.000976391369477,
        "max": 0.207400977612,
        "mean": 0.0620184391737,
        "median": 0.0622258484364,
        "min": 1.09600534512e-20,
        "stdev": 0.030624570325,
        "var": 0.000937864359003
    },
    "spectral_energyband_high": {
        "dmean": 0.000137030903716,
        "dmean2": 0.000186837554793,
        "dvar": 8.95878855545e-08,
        "dvar2": 1.63310616585e-07,
        "max": 0.0030481859576,
        "mean": 0.00034693357884,
        "median": 0.000197640416445,
        "min": 7.64642365511e-21,
        "stdev": 0.00044998791418,
        "var": 2.02489118806e-07
    },
    "spectral_energyband_low": {
        "dmean": 0.00959170795977,
        "dmean2": 0.015035928227,
        "dvar": 0.000344508589478,
        "dvar2": 0.000810808618553,
        "max": 0.192456766963,
        "mean": 0.038893468678,
        "median": 0.0392465256155,
        "min": 8.68636325973e-23,
        "stdev": 0.0269008073956,
        "var": 0.000723653414752
    },
    "spectral_energyband_middle_high": {
        "dmean": 0.00197539106011,
        "dmean2": 0.00284873880446,
        "dvar": 4.76709283248e-06,
        "dvar2": 1.01977657323e-05,
        "max": 0.0296466164291,
        "mean": 0.00740197207779,
        "median": 0.00639644265175,
        "min": 1.75210202527e-21,
        "stdev": 0.00446305749938,
        "var": 1.99188816623e-05
    },
    "spectral_energyband_middle_low": {
        "dmean": 0.00512718502432,
        "dmean2": 0.00848591513932,
        "dvar": 7.70094266045e-05,
        "dvar2": 0.000203200004762,
        "max": 0.0918058902025,
        "mean": 0.0180051922798,
        "median": 0.0178267508745,
        "min": 3.86041592148e-22,
        "stdev": 0.0101800784469,
        "var": 0.000103634003608
    },
    "spectral_entropy": {
        "dmean": 0.111702390015,
        "dmean2": 0.163520753384,
        "dvar": 0.0151378838345,
        "dvar2": 0.0249628629535,
        "max": 9.80704593658,
        "mean": 7.37350463867,
        "median": 7.33774232864,
        "min": 6.7203912735,
        "stdev": 0.261726468801,
        "var": 0.0685007423162
    },
    "spectral_flux": {
        "dmean": 0.0276120305061,
        "dmean2": 0.0419207587838,
        "dvar": 0.00123710837215,
        "dvar2": 0.00240857712924,
        "max": 0.373108357191,
        "mean": 0.0886714756489,
        "median": 0.0711810514331,
        "min": 1.04690277281e-10,
        "stdev": 0.05479131639,
        "var": 0.00300208828412
    },
    "spectral_kurtosis": {
        "dmean": 1.683624506,
        "dmean2": 2.89437437057,
        "dvar": 2.2391898632,
        "dvar2": 6.46217441559,
        "max": 17.0761909485,
        "mean": 5.50040912628,
        "median": 5.24202156067,
        "min": -1.22649610043,
        "stdev": 2.36144018173,
        "var": 5.57639980316
    },
    "spectral_rms": {
        "dmean": 0.000692905567121,
        "dmean2": 0.00106780533679,
        "dvar": 1.03031686649e-06,
        "dvar2": 2.44208490585e-06,
        "max": 0.0142247118056,
        "mean": 0.00747287366539,
        "median": 0.00779154337943,
        "min": 3.26997478574e-12,
        "stdev": 0.00215911306441,
        "var": 4.66176970804e-06
    },
    "spectral_rolloff": {
        "dmean": 196.621170044,
        "dmean2": 322.39730835,
        "dvar": 455260.40625,
        "dvar2": 557147.5,
        "max": 19143.0175781,
        "mean": 778.838256836,
        "median": 710.595703125,
        "min": 64.599609375,
        "stdev": 720.099609375,
        "var": 518543.4375
    },
    "spectral_skewness": {
        "dmean": 0.211232572794,
        "dmean2": 0.336820781231,
        "dvar": 0.034247636795,
        "dvar2": 0.0827936381102,
        "max": 3.49263381958,
        "mean": 1.73269164562,
        "median": 1.73822343349,
        "min": -0.0126689923927,
        "stdev": 0.349499583244,
        "var": 0.122149959207
    },
    "spectral_spread": {
        "dmean": 378966.71875,
        "dmean2": 503743.375,
        "dvar": 1.70965873459e+12,
        "dvar2": 1.77012028211e+12,
        "max": 41659064,
        "mean": 3852664.25,
        "median": 3534156.75,
        "min": 2328280,
        "stdev": 1599181.375,
        "var": 2.5573809193e+12
    },
    "spectral_strongpeak": {
        "dmean": 0.279767304659,
        "dmean2": 0.507031619549,
        "dvar": 0.281393110752,
        "dvar2": 0.740493714809,
        "max": 4.04555702209,
        "mean": 0.737254142761,
        "median": 0.616898596287,
        "min": 1.50832735191e-09,
        "stdev": 0.51458722353,
        "var": 0.264800012112
    },
    "zerocrossingrate": {
        "dmean": 0.00575741380453,
        "dmean2": 0.0067508709617,
        "dvar": 0.000145119891386,
        "dvar2": 9.72227062448e-05,
        "max": 0.5,
        "mean": 0.0345440581441,
        "median": 0.03125,
        "min": 0.009765625,
        "stdev": 0.0219733770937,
        "var": 0.000482829316752
    },
    "barkbands": {
        "dmean": [0.000283437373582, 0.00617059040815, 0.0044743376784, 0.00195832387544, 0.00154893950094, 0.00117036432493, 0.00152069097385, 0.00104308954906, 0.0013947772095, 0.000916391727515, 0.00074434565613, 0.000402744772146, 0.000570903532207, 9.06277273316e-05, 0.00020021207456, 0.000295760808513, 0.000332155701471, 9.46891086642e-05, 0.000317581638228, 6.92205430823e-05, 4.52305393992e-05, 2.63108358922e-05, 3.39120451827e-05, 2.25402927754e-05, 1.5914274627e-05, 2.21383152166e-06, 7.13292109822e-08],
        "dmean2": [0.000412700203015, 0.0090074390173, 0.0075312689878, 0.00343084684573, 0.00269573484547, 0.00198050751351, 0.00241443328559, 0.00154210359324, 0.00213687657379, 0.00139924325049, 0.00113210442942, 0.000627481727861, 0.000866857648361, 0.000149418177898, 0.000322155392496, 0.000500226044096, 0.000556547020096, 0.000156101348693, 0.000498524459545, 0.000108830980025, 6.89123698976e-05, 3.69870904251e-05, 5.16181098646e-05, 3.34449905495e-05, 2.25467920245e-05, 3.1699335068e-06, 1.24346229313e-07],
        "dvar": [1.14661906991e-06, 0.000186939694686, 0.000110604421934, 2.93406374112e-05, 1.04561804619e-05, 4.76718150821e-06, 5.1222637012e-06, 2.43478802986e-06, 5.60081980439e-06, 2.10407165468e-06, 1.37960330449e-06, 4.70247982776e-07, 6.36570916868e-07, 2.26090985933e-08, 1.37651369414e-07, 1.74528665298e-07, 2.48172540296e-07, 2.59575063666e-08, 4.76040611375e-07, 3.39718830844e-08, 1.25143442276e-08, 2.9486662001e-09, 4.69390304403e-09, 3.80253917243e-09, 7.41971928342e-10, 3.59824704754e-11, 3.56991556271e-14],
        "dvar2": [2.10959979086e-06, 0.000363393744919, 0.000310937204631, 8.20622881292e-05, 2.96862544928e-05, 1.23630388771e-05, 1.20770573631e-05, 4.88455907544e-06, 1.24676153064e-05, 4.91666150992e-06, 2.86955469164e-06, 1.1465639318e-06, 1.23994573187e-06, 5.73631737666e-08, 2.7813740644e-07, 4.44449909764e-07, 5.96711345224e-07, 6.6535811527e-08, 1.13148257697e-06, 8.17078174009e-08, 3.1525598132e-08, 4.84231810205e-09, 9.76083569526e-09, 7.85338727383e-09, 1.37832667502e-09, 7.72319569409e-11, 1.01607809081e-13],
        "max": [0.0176671668887, 0.17568282783, 0.123080939054, 0.0558868199587, 0.0400971136987, 0.0247199777514, 0.0243491567671, 0.0181263945997, 0.0288066323847, 0.0237138271332, 0.0135702043772, 0.00805885158479, 0.00980317592621, 0.00145275250543, 0.00541062653065, 0.00699159409851, 0.0073184245266, 0.00185023259837, 0.01417868305, 0.00423438008875, 0.0021858473774, 0.000655286130495, 0.0008405863191, 0.000701667158864, 0.000310199917294, 0.00011383889796, 2.33680361816e-06],
        "mean": [0.000440967269242, 0.0219182185829, 0.014268681407, 0.00305503467098, 0.00263848854229, 0.00241776998155, 0.00342152710073, 0.00265980162658, 0.00302494782954, 0.00205472065136, 0.0015280910302, 0.000746693811379, 0.00112313497812, 0.000142150005559, 0.000336173048709, 0.000500370690133, 0.000581836444326, 0.000161748335813, 0.000584393797908, 0.000121243530884, 8.44919341034e-05, 5.30886281922e-05, 6.74599068589e-05, 4.78013826068e-05, 3.50385453203e-05, 4.48404080089e-06, 6.05728374126e-08],
        "median": [3.10988980345e-05, 0.0198900457472, 0.00777334161103, 0.00215763808228, 0.00187048583757, 0.00131027156021, 0.00177906861063, 0.00100768962875, 0.00140429800376, 0.00104801775888, 0.000740949122701, 0.000356197095243, 0.000676092342474, 9.05849810806e-05, 0.000177161331521, 0.000364791805623, 0.000387950363802, 9.61172481766e-05, 0.000321412138874, 7.27672304492e-05, 4.88050172862e-05, 2.8038977689e-05, 3.31221199303e-05, 1.52921529661e-05, 1.89744223462e-05, 1.5544968619e-06, 1.35630635612e-08],
        "min": [1.85538680736e-23, 5.30827721676e-23, 2.99001909463e-24, 3.17335738986e-23, 3.54681013774e-23, 6.4514666727e-23, 7.75633916651e-23, 3.47061374736e-23, 1.28297156938e-22, 1.47977217039e-22, 4.96680520552e-23, 4.3279673429e-23, 1.4718690463e-22, 1.11764008138e-22, 1.00344975167e-22, 2.47671729058e-22, 1.67644554392e-22, 3.70435601037e-22, 1.9846863162e-22, 2.39683382744e-22, 6.68920877604e-22, 6.69060676378e-22, 6.66593674825e-22, 9.09682488055e-22, 1.04751731412e-21, 1.55049765262e-21, 2.4078086623e-21],
        "stdev": [0.00144154950976, 0.0206860899925, 0.015693616122, 0.00478299614042, 0.00308062392287, 0.00310670537874, 0.00412022136152, 0.00366301415488, 0.00410534814, 0.00266361166723, 0.00216668378562, 0.0010933643207, 0.00139187299646, 0.000176082816324, 0.000557762454264, 0.000517736072652, 0.000691982742865, 0.000199005677132, 0.000911717361305, 0.000199275003979, 0.00012197822798, 8.06497773738e-05, 9.94681759039e-05, 8.91873132787e-05, 4.42685668531e-05, 8.48926174513e-06, 1.70069739625e-07],
        "var": [2.07806510844e-06, 0.000427914288593, 0.000246289564529, 2.28770513786e-05, 9.49024433794e-06, 9.65161780186e-06, 1.69762242876e-05, 1.34176734718e-05, 1.68538826983e-05, 7.0948267421e-06, 4.69451879326e-06, 1.19544563404e-06, 1.93731034415e-06, 3.10051575525e-08, 3.11098972361e-07, 2.6805065545e-07, 4.7884009291e-07, 3.96032575622e-08, 8.31228589959e-07, 3.97105246464e-08, 1.48786876153e-08, 6.50438636285e-09, 9.89391857331e-09, 7.95437671286e-09, 1.95970595307e-09, 7.20675671917e-11, 2.89237153651e-14]
    },
    "erbbands": {
        "dmean": [0.173229545355, 1.48864424229, 4.56033611298, 6.71266078949, 3.46751475334, 5.70348548889, 9.47478675842, 11.1343736649, 18.7019233704, 24.6415729523, 13.2849264145, 32.7230033875, 29.5403690338, 27.9778404236, 28.4636974335, 15.4025201797, 25.6000461578, 7.70053243637, 11.7499237061, 8.74325942993, 13.7673273087, 18.7717418671, 3.88795948029, 12.8158283234, 15.1918172836, 3.24092888832, 2.08931422234, 1.66897177696, 0.99423968792, 0.858974993229, 1.02980589867, 0.565194904804, 0.344731390476, 0.161379575729, 0.152678251266, 0.0215521659702, 0.00310905533843, 0.000390075496398, 1.23785948745e-05, 1.29651589305e-05],
        "dmean2": [0.25148203969, 2.26561617851, 7.5618686676, 11.5734443665, 6.10340738297, 9.77851295471, 16.810338974, 18.5977249146, 29.9513721466, 38.1302947998, 19.779510498, 50.1391487122, 46.4209327698, 42.6027374268, 43.930480957, 23.9110641479, 38.0742149353, 12.4334278107, 18.7109775543, 14.5165138245, 22.9656181335, 31.5608196259, 6.26722097397, 20.5340194702, 24.5475025177, 5.01373100281, 3.2509393692, 2.41610503197, 1.38930940628, 1.21737372875, 1.56867814064, 0.88028973341, 0.495882153511, 0.225431650877, 0.22390884161, 0.0304411202669, 0.00442400341853, 0.000601515406743, 1.7848718926e-05, 2.01950188057e-05],
        "dvar": [0.304064780474, 9.91214370728, 91.9629440308, 373.181091309, 60.0316200256, 140.874160767, 466.873687744, 364.745178223, 761.817382812, 930.840148926, 327.9559021, 3191.02026367, 2076.03369141, 2407.22485352, 1967.76330566, 883.957214355, 1323.71936035, 116.389198303, 494.137359619, 168.089859009, 338.250183105, 892.443969727, 21.1255931854, 483.720794678, 1784.47192383, 66.9188537598, 44.6942901611, 7.61214160919, 4.30454778671, 3.53550887108, 4.01290082932, 2.40017390251, 0.82207685709, 0.115171469748, 0.052625618875, 0.00210178899579, 6.08367481618e-05, 6.20022490239e-07, 5.21604759385e-10, 4.93212526376e-10],
        "dvar2": [0.581065893173, 21.6041584015, 244.624938965, 1046.93212891, 166.454498291, 390.79586792, 1326.65014648, 913.369018555, 1842.11608887, 1881.33813477, 712.922912598, 6842.20214844, 5127.56103516, 5537.52099609, 4399.70654297, 2210.33251953, 2385.22436523, 270.053985596, 998.71496582, 429.775817871, 825.036437988, 2171.70922852, 49.6208229065, 1125.32543945, 4365.30664062, 161.200119019, 116.073158264, 15.7000808716, 7.42326402664, 6.13614034653, 8.55810165405, 5.30439805984, 1.73731124401, 0.206860423088, 0.108941145241, 0.00422181468457, 0.000142040094943, 1.59997648552e-06, 1.23370569316e-09, 1.18584186914e-09],
        "max": [7.55997848511, 41.9329490662, 98.159614563, 219.489059448, 68.4622192383, 140.887527466, 232.620483398, 223.306411743, 314.49597168, 334.667541504, 286.880432129, 605.183532715, 496.644866943, 655.517822266, 611.882568359, 361.855834961, 510.014556885, 148.643951416, 332.741241455, 198.649291992, 271.760437012, 392.99911499, 48.7314987183, 295.038635254, 960.149963379, 184.775390625, 132.991775513, 34.3681373596, 25.3249855042, 21.995639801, 24.4751262665, 15.9268846512, 10.1806907654, 3.4605679512, 2.66146540642, 0.861391246319, 0.117454431951, 0.00917098298669, 0.000319561280776, 0.000235179715673],
        "mean": [0.391152143478, 5.74021053314, 17.4524002075, 13.4490289688, 6.0266251564, 9.52032661438, 14.7867431641, 24.5003528595, 44.4038696289, 68.1801376343, 35.4361457825, 73.9091339111, 65.7045974731, 64.6129074097, 60.3522262573, 31.9614124298, 52.31848526, 15.6418914795, 19.6340866089, 16.6263942719, 28.0119495392, 32.3419685364, 8.61078262329, 23.4179515839, 25.5150947571, 6.18643951416, 3.75248217583, 3.14904212952, 1.98858618736, 1.73699688911, 2.02059912682, 1.1788393259, 0.701920866966, 0.348557531834, 0.292826503515, 0.0451810620725, 0.00572191551328, 0.00063160067657, 4.66845085612e-05, 7.10818785592e-05],
        "median": [0.226887464523, 5.53616905212, 9.70523643494, 10.6847362518, 4.25323438644, 6.24242591858, 10.517988205, 13.0518522263, 23.3662776947, 38.7579116821, 22.3346862793, 32.187084198, 37.6352996826, 29.9872131348, 35.2156562805, 17.8570137024, 31.5523509979, 11.3565254211, 10.2347135544, 13.464840889, 20.942024231, 20.3097457886, 6.66356039047, 13.3482646942, 13.4281644821, 3.8684887886, 2.1182718277, 1.83448815346, 1.07257544994, 0.812358736992, 1.03584849834, 0.394620448351, 0.239544555545, 0.13462215662, 0.173662140965, 0.020921792835, 0.00219691405073, 0.000310361385345, 4.08774649259e-05, 7.10917811375e-05],
        "min": [2.75338335609e-21, 7.41743114255e-21, 5.93647613518e-21, 5.66051325397e-20, 6.49915548789e-20, 1.86066278406e-19, 2.03135163271e-19, 6.69344522113e-19, 7.91778574805e-19, 1.29356654861e-18, 7.42020145443e-19, 3.42176019644e-18, 3.93504954797e-18, 3.58898199509e-18, 1.83141737407e-18, 2.28027597333e-18, 7.02775543557e-18, 5.94737731906e-18, 4.5004552072e-18, 8.50670639434e-18, 1.3513662075e-17, 1.02633973058e-17, 2.25246773277e-17, 1.02574631121e-17, 1.42580146113e-17, 1.03961606213e-17, 2.41663396761e-17, 2.0485769762e-17, 2.14147481838e-17, 2.98525545691e-17, 1.60768011442e-17, 2.52069543934e-17, 9.54408683543e-18, 1.15819852408e-17, 7.82774000395e-18, 5.6300828302e-18, 2.75981573548e-18, 1.0222549266e-18, 3.02380034671e-19, 3.91447876813e-20],
        "stdev": [0.684681475163, 4.77001810074, 17.2798213959, 17.1777839661, 7.21566724777, 11.8465976715, 19.2894649506, 32.3001480103, 51.2276115417, 69.8082122803, 38.3212242126, 102.303855896, 79.1624603271, 95.6625900269, 75.6876678467, 45.6902160645, 64.6571731567, 16.3397064209, 32.9361686707, 14.5559930801, 25.5699691772, 40.4590034485, 6.99532270432, 32.1266098022, 49.6583175659, 9.20142459869, 6.61038780212, 3.86708164215, 2.98701763153, 2.83287596703, 2.87036848068, 2.18786692619, 1.27818369865, 0.546144902706, 0.339752823114, 0.0694960802794, 0.0104901362211, 0.000930870824959, 3.12055235554e-05, 3.42066596204e-05],
        "var": [0.468788743019, 22.7530727386, 298.592224121, 295.076293945, 52.0658531189, 140.341873169, 372.083435059, 1043.29968262, 2624.26831055, 4873.18701172, 1468.51623535, 10466.0791016, 6266.6953125, 9151.33105469, 5728.62353516, 2087.59570312, 4180.54980469, 266.986022949, 1084.79125977, 211.876937866, 653.823303223, 1636.93103027, 48.9345397949, 1032.11901855, 2465.94848633, 84.6662063599, 43.697227478, 14.9543209076, 8.92227458954, 8.02518558502, 8.23901462555, 4.78676176071, 1.63375365734, 0.298274248838, 0.115431979299, 0.00482970522717, 0.000110042950837, 8.6652050868e-07, 9.73784719527e-10, 1.17009546496e-09]
    },
    "gfcc": {
        "mean": [23.3626480103, 125.766738892, -120.365776062, 32.5982894897, -54.5940589905, 18.7811565399, -30.4712696075, 20.545293808, -19.3620319366, -2.08036446571, -9.27332115173, -4.13114404678, -9.92185592651],
        "cov": [[5748.78662109, 194.1065979, -47.7916030884, 315.141662598, -5.75669813156, 145.413711548, 93.6798400879, 145.405807495, -24.5351524353, 76.6128463745, 21.0268764496, 54.5159873962, -32.2672767639], [194.1065979, 421.549133301, -80.1205444336, -41.2816772461, 147.822372437, -87.8582839966, 89.9569473267, -3.65843272209, 79.4636459351, -5.22493696213, 65.27709198, -18.4454154968, 28.763835907], [-47.7916030884, -80.1205444336, 315.195465088, 98.8935317993, 29.676776886, 112.821517944, -12.5182037354, 49.2323989868, 60.097202301, 69.6727905273, 32.2953605652, 55.3048171997, 5.15466070175], [315.141662598, -41.2816772461, 98.8935317993, 186.157867432, 67.5215988159, 58.4975585938, 61.8464431763, 69.0884399414, 53.3089599609, 60.3726425171, 51.0799293518, 35.4396705627, 18.5954170227], [-5.75669813156, 147.822372437, 29.676776886, 67.5215988159, 193.835876465, 49.3447227478, 107.504646301, 40.7808647156, 78.5421142578, 55.459690094, 69.6956481934, 22.4915027618, 26.3008079529], [145.413711548, -87.8582839966, 112.821517944, 58.4975585938, 49.3447227478, 196.879638672, 44.4650115967, 23.2818603516, 14.2790088654, 57.3164863586, 34.3513145447, 37.2230377197, 16.3614635468], [93.6798400879, 89.9569473267, -12.5182037354, 61.8464431763, 107.504646301, 44.4650115967, 170.184051514, 61.0571060181, 49.9873924255, 39.0667953491, 52.5242233276, 12.6989555359, 16.522102356], [145.405807495, -3.65843272209, 49.2323989868, 69.0884399414, 40.7808647156, 23.2818603516, 61.0571060181, 113.324501038, 70.0436630249, 37.047870636, 25.866563797, 10.3386983871, 2.62647747993], [-24.5351524353, 79.4636459351, 60.097202301, 53.3089599609, 78.5421142578, 14.2790088654, 49.9873924255, 70.0436630249, 118.084098816, 54.8722991943, 33.5221710205, 10.7275686264, 11.1156301498], [76.6128463745, -5.22493696213, 69.6727905273, 60.3726425171, 55.459690094, 57.3164863586, 39.0667953491, 37.047870636, 54.8722991943, 87.6941375732, 46.6818275452, 29.8107738495, 4.77911710739], [21.0268764496, 65.27709198, 32.2953605652, 51.0799293518, 69.6956481934, 34.3513145447, 52.5242233276, 25.866563797, 33.5221710205, 46.6818275452, 95.6871795654, 30.1906871796, 17.9573898315], [54.5159873962, -18.4454154968, 55.3048171997, 35.4396705627, 22.4915027618, 37.2230377197, 12.6989555359, 10.3386983871, 10.7275686264, 29.8107738495, 30.1906871796, 78.6127166748, 34.3454704285], [-32.2672767639, 28.763835907, 5.15466070175, 18.5954170227, 26.3008079529, 16.3614635468, 16.522102356, 2.62647747993, 11.1156301498, 4.77911710739, 17.9573898315, 34.3454704285, 64.2412872314]],
        "icov": [[0.00036939085112, -0.00138177268673, 0.000529806537088, -0.00137446227018, 0.000876927340869, -0.000992989633232, 0.000590636569541, -0.00111918372568, 0.00135584920645, -0.000806068535894, 0.00110311165918, -0.000741445925087, 0.000860713596921], [-0.00138177268673, 0.012541516684, -0.00225532520562, 0.00822116527706, -0.00741625204682, 0.00735794985667, -0.00465102307498, 0.00777158141136, -0.0104140602052, 0.00661580171436, -0.00874972250313, 0.00470480090007, -0.00522723980248], [0.000529806537088, -0.00225532520562, 0.00677501456812, -0.00403813552111, 0.00169835996348, -0.00443601375446, 0.00366998789832, -0.00215189647861, -0.000650795525871, -0.00145519257057, 0.0018007120816, -0.00406008400023, 0.00336793554015], [-0.00137446227018, 0.00822116527706, -0.00403813552111, 0.0157165378332, -0.00604718085378, 0.00554892513901, -0.00417568767443, 0.00161804642994, -0.00522803561762, 0.00160771713126, -0.00705949543044, 0.00347509887069, -0.00562595389783], [0.000876927340869, -0.00741625204682, 0.00169835996348, -0.00604718085378, 0.0162153672427, -0.00550532015041, -0.00234203110449, -0.00054565013852, -0.00051200366579, -0.00347858364694, 0.00138226139825, -0.00242383382283, 0.00202018418349], [-0.000992989633232, 0.00735794985667, -0.00443601375446, 0.00554892513901, -0.00550532015041, 0.0129126943648, -0.00471483310685, 0.00427435804158, -0.00199809018523, -0.000888125679921, -0.00438198214397, 0.00322818825953, -0.00512966606766], [0.000590636569541, -0.00465102307498, 0.00366998789832, -0.00417568767443, -0.00234203110449, -0.00471483310685, 0.0140080386773, -0.00824209582061, 0.00508139748126, -0.00262193009257, 0.00162631017156, -0.00164200237487, 0.00192638661247], [-0.00111918372568, 0.00777158141136, -0.00215189647861, 0.00161804642994, -0.00054565013852, 0.00427435804158, -0.00824209582061, 0.0240583717823, -0.0174397733063, 0.00636467058212, -0.00584407569841, 0.00240835454315, -0.00117650756147], [0.00135584920645, -0.0104140602052, -0.000650795525871, -0.00522803561762, -0.00051200366579, -0.00199809018523, 0.00508139748126, -0.0174397733063, 0.0319823510945, -0.0160022769123, 0.00940611958504, 7.95823070803e-05, 1.87995938177e-05], [-0.000806068535894, 0.00661580171436, -0.00145519257057, 0.00160771713126, -0.00347858364694, -0.000888125679921, -0.00262193009257, 0.00636467058212, -0.0160022769123, 0.0307092741132, -0.0111366538331, -0.00342156039551, 0.00377538544126], [0.00110311165918, -0.00874972250313, 0.0018007120816, -0.00705949543044, 0.00138226139825, -0.00438198214397, 0.00162631017156, -0.00584407569841, 0.00940611958504, -0.0111366538331, 0.0242075547576, -0.00615076348186, 0.00246410514228], [-0.000741445925087, 0.00470480090007, -0.00406008400023, 0.00347509887069, -0.00242383382283, 0.00322818825953, -0.00164200237487, 0.00240835454315, 7.95823070803e-05, -0.00342156039551, -0.00615076348186, 0.0243972893804, -0.013748598285], [0.000860713596921, -0.00522723980248, 0.00336793554015, -0.00562595389783, 0.00202018418349, -0.00512966606766, 0.00192638661247, -0.00117650756147, 1.87995938177e-05, 0.00377538544126, 0.00246410514228, -0.013748598285, 0.0261069554836]]
    },
    "melbands": {
        "dmean": [0.00161662057508, 0.00204903492704, 0.000999204348773, 0.000279350148048, 0.000340812199283, 0.000233395519899, 0.000300447340123, 0.00027605748619, 0.000109293403511, 0.0002242919727, 0.000147826140164, 0.000118555195513, 8.89844523044e-05, 5.69677285966e-05, 4.45462028438e-05, 6.22716906946e-05, 9.36604283197e-06, 1.85439294e-05, 1.15435286716e-05, 2.34597282542e-05, 1.4781659047e-05, 2.43221547862e-05, 5.61113984077e-06, 4.08219602832e-06, 1.17249264804e-05, 1.45450685523e-05, 5.11262851433e-06, 1.98411635211e-06, 1.45331034673e-06, 1.12962823096e-06, 1.04456705685e-06, 5.98080703185e-07, 5.25756831848e-07, 5.42570546713e-07, 7.44076885439e-07, 4.56310658592e-07, 3.45563279325e-07, 2.81625403886e-07, 1.89913421877e-07, 1.29872887555e-07],
        "dmean2": [0.0022592979949, 0.00330630643293, 0.0017178185517, 0.000484884454636, 0.000601996667683, 0.00039017945528, 0.000480865972349, 0.000420020573074, 0.000160816431162, 0.000345410051523, 0.000232850317843, 0.000181611714652, 0.000137428345624, 8.7722815806e-05, 6.38244018774e-05, 9.7363779787e-05, 1.56278965733e-05, 2.97528895317e-05, 1.88211524801e-05, 3.9777278289e-05, 2.45930186793e-05, 4.14231799368e-05, 9.14568590815e-06, 6.78755031913e-06, 1.92713196157e-05, 2.33352948271e-05, 8.12617690826e-06, 3.1546721857e-06, 2.29499823945e-06, 1.77310903382e-06, 1.51054541675e-06, 8.8111983132e-07, 7.53783979235e-07, 8.28321162771e-07, 1.16487183277e-06, 6.99690986039e-07, 5.42137456705e-07, 4.25840084972e-07, 2.76666156651e-07, 1.89025954e-07],
        "dvar": [1.65450219356e-05, 1.60335621331e-05, 7.48808997741e-06, 3.56213320174e-07, 5.53073107312e-07, 1.61249744224e-07, 1.97942441105e-07, 1.1946016798e-07, 2.60826684695e-08, 1.60181741649e-07, 5.32651824869e-08, 4.43036896058e-08, 1.88042967864e-08, 7.77254527407e-09, 4.75839545544e-09, 8.7445464203e-09, 1.55627968845e-10, 1.16157017338e-09, 3.5887476324e-10, 1.25783472527e-09, 4.47580666973e-10, 1.42420431004e-09, 8.27379137425e-11, 3.94282211047e-11, 4.27857194119e-10, 1.2048079201e-09, 1.68796268629e-10, 3.63267818604e-11, 2.15915636065e-11, 7.94258409043e-12, 2.81957573608e-12, 1.58048173073e-12, 1.33245877439e-12, 1.46950897631e-12, 1.61660257663e-12, 1.47071818699e-12, 9.01107964288e-13, 5.66639020861e-13, 2.06173104847e-13, 6.67063382613e-14],
        "dvar2": [3.08643575408e-05, 4.17273149651e-05, 2.09837689908e-05, 1.0043702332e-06, 1.55780298883e-06, 3.99505978521e-07, 4.82514394662e-07, 2.38771406202e-07, 5.08113302544e-08, 3.47302091086e-07, 1.30472088244e-07, 1.05919149007e-07, 4.23714929809e-08, 1.86472952635e-08, 9.69708491283e-09, 1.87316615552e-08, 3.72103403645e-10, 2.40723108114e-09, 7.83690445871e-10, 3.19806470195e-09, 1.08075781657e-09, 3.51520434982e-09, 2.02205738264e-10, 1.00006704307e-10, 9.96287830013e-10, 2.94250446231e-09, 4.202675985e-10, 8.95809121326e-11, 5.57530549505e-11, 2.02651628117e-11, 5.77615429445e-12, 2.80465993312e-12, 2.66303255489e-12, 3.04633206681e-12, 3.61429094119e-12, 3.36913700064e-12, 2.06593661449e-12, 1.32853222781e-12, 4.11698426002e-13, 1.27716129231e-13],
        "max": [0.0547343567014, 0.0393937528133, 0.0310828071088, 0.00703680235893, 0.00844981241971, 0.00461077317595, 0.00517460424453, 0.00421691965312, 0.00328752514906, 0.00463491072878, 0.00251353974454, 0.00299021298997, 0.00159992510453, 0.00110761472024, 0.00102080521174, 0.00136097532231, 0.000113018919365, 0.000488691614009, 0.000224013172556, 0.000567136681639, 0.000396526302211, 0.000459968170617, 0.00012139051978, 7.87102035247e-05, 0.000275155965937, 0.000707994273398, 0.000291128293611, 0.000140711781569, 7.79593683546e-05, 5.3910229326e-05, 1.92299012269e-05, 1.62882861332e-05, 1.45821786646e-05, 1.57625163411e-05, 1.25925871544e-05, 1.70445164258e-05, 1.1450515558e-05, 9.11967708817e-06, 4.9668583415e-06, 2.77424351225e-06],
        "mean": [0.00486129010096, 0.00855069421232, 0.00209524598904, 0.000490159960464, 0.00054981012363, 0.000519179215189, 0.000698698917404, 0.000759783957619, 0.000268774543656, 0.0004892233992, 0.00031720221159, 0.000257882144069, 0.000185283250175, 0.000116965362395, 8.36767794681e-05, 0.000115464179544, 1.64957255038e-05, 2.93974335364e-05, 1.99891892407e-05, 3.69801673514e-05, 2.97358837997e-05, 4.05759237765e-05, 9.30207443162e-06, 7.51968946133e-06, 1.97662047867e-05, 2.39684941334e-05, 8.12837333797e-06, 3.30004581883e-06, 2.3904626687e-06, 1.95675670511e-06, 1.80819756679e-06, 1.12317195544e-06, 9.42487190514e-07, 9.85750148175e-07, 1.33431763061e-06, 8.46331090543e-07, 6.63936702949e-07, 5.33482136689e-07, 3.64062827884e-07, 2.57008792914e-07],
        "median": [0.00463202176616, 0.00720116728917, 0.00169622269459, 0.000369266519556, 0.000415441580117, 0.00028915994335, 0.000356491917046, 0.000381230755011, 0.000164944314747, 0.000213669991354, 0.000171513354871, 0.000111865425424, 0.000100362063677, 6.30958966212e-05, 3.81406462111e-05, 6.57703567413e-05, 1.12655725388e-05, 1.46210559251e-05, 1.22708415802e-05, 2.53759953921e-05, 2.20240672206e-05, 2.55146151176e-05, 6.52322387396e-06, 4.70967279398e-06, 1.07680725705e-05, 1.23126965264e-05, 4.6461891543e-06, 1.85761632565e-06, 1.3415177591e-06, 1.11345480036e-06, 9.72786097009e-07, 6.00852786192e-07, 4.62156350522e-07, 4.35152855971e-07, 7.12661972102e-07, 3.28245675973e-07, 1.93797376369e-07, 1.77473154395e-07, 1.24657006495e-07, 9.914575827e-08],
        "min": [2.04260669268e-23, 5.21456227671e-24, 1.00825897907e-23, 7.80749995166e-24, 8.45884977932e-24, 1.39176631138e-23, 1.43525368873e-23, 1.34458185851e-23, 4.84516553607e-24, 2.30669760222e-23, 2.03491514108e-23, 1.64546382073e-23, 6.72202024632e-24, 5.22143246633e-24, 8.35615981099e-24, 1.74084720159e-23, 9.83710179899e-24, 7.02351499569e-24, 7.69909547492e-24, 1.46201705712e-23, 1.56108236737e-23, 6.88732289357e-24, 2.26795979861e-23, 1.5446901533e-23, 7.19204408404e-24, 8.8318658138e-24, 1.18990169667e-23, 4.52196488446e-24, 1.55363836032e-23, 1.55661552138e-23, 1.01462658541e-23, 9.14652980712e-24, 1.88116567733e-23, 1.62441354079e-23, 6.841733833e-24, 1.54777317949e-23, 1.45350887671e-23, 5.95252982063e-24, 6.82373991575e-24, 1.09836030508e-23],
        "stdev": [0.00566809484735, 0.00662605278194, 0.00244986335747, 0.000546755443793, 0.000678519660141, 0.000668800959829, 0.000825400929898, 0.000839168322273, 0.000355836906238, 0.000704160251189, 0.000396219809772, 0.000400860095397, 0.000229751283769, 0.000146727907122, 0.000123721503769, 0.000153350134497, 1.63106178661e-05, 4.87971810799e-05, 2.69671563728e-05, 4.19583484472e-05, 2.88733936031e-05, 5.0890208513e-05, 1.10036417027e-05, 8.47480714583e-06, 2.90401967504e-05, 4.23046876676e-05, 1.50782570927e-05, 6.2891667767e-06, 4.54681867268e-06, 3.02025705423e-06, 2.31610283663e-06, 1.74830393007e-06, 1.5573186829e-06, 1.66584709405e-06, 1.77862307282e-06, 1.54736096647e-06, 1.3148742255e-06, 9.95111690827e-07, 6.44952592666e-07, 4.05694436267e-07],
