{
"metadata": {
    "version": {
        "essentia": "2.1-beta6-dev",
        "essentia_git_sha": "v2.1_beta5-778-gc9eadba6",
        "extractor": "music 2.0"
    },
    "audio_properties": {
        "analysis": {
            "equal_loudness": 0,
            "length": 14.9999771118,
            "sample_rate": 44100,
            "start_time": 0,
            "downmix": "mix"
        },
        "bit_rate": 128000,
        "length": 15,
        "lossless": 0,
        "number_channels": 2,
        "replay_gain": -0.756206512451,
        "sample_rate": 48000,
        "codec": "mp3",
        "md5_encoded": "4df466bbc17778620a6f4abb3130f088"
    },
    "tags": {
        "file_name": "dunwichbeach-autumn.mp3",
        "encoding": ["Lavf59.16.100"]
    }
},
"lowlevel": {
    "average_loudness": 0.692343115807,
    "barkbands_crest": {
        "dmean": 2.44727468491,
        "dmean2": 4.16608858109,
        "dvar": 4.37877321243,
        "dvar2": 11.6130008698,
        "max": 24.1864013672,
        "mean": 12.354347229,
        "median": 11.9138345718,
        "min": 5.16916418076,
        "stdev": 3.66985988617,
        "var": 13.467871666
    },
    "barkbands_flatness_db": {
        "dmean": 0.0187016911805,
        "dmean2": 0.0305424556136,
        "dvar": 0.000287527916953,
        "dvar2": 0.000730943982489,
        "max": 0.458434760571,
        "mean": 0.351480454206,
        "median": 0.352240085602,
        "min": 0.0613051839173,
        "stdev": 0.0388404279947,
        "var": 0.00150857877452
    },
    "barkbands_kurtosis": {
        "dmean": 1.4065810442,
        "dmean2": 2.34457230568,
        "dvar": 3.55752205849,
        "dvar2": 9.63063526154,
        "max": 22.751663208,
        "mean": 1.53114998341,
        "median": 0.428192853928,
        "min": -1.60888922215,
        "stdev": 3.06888508797,
        "var": 9.41805553436
    },
    "barkbands_skewness": {
        "dmean": 0.420575559139,
        "dmean2": 0.656750917435,
        "dvar": 0.157572612166,
        "dvar2": 0.374607264996,
        "max": 3.7970392704,
        "mean": 0.584638237953,
        "median": 0.636738300323,
        "min": -2.7032597065,
        "stdev": 0.924713850021,
        "var": 0.855095744133
    },
    "barkbands_spread": {
        "dmean": 1.29348218441,
        "dmean2": 2.13085699081,
        "dvar": 3.00160837173,
        "dvar2": 7.63949394226,
        "max": 37.0454978943,
        "mean": 5.99420881271,
        "median": 5.67486667633,
        "min": 0.945444107056,
        "stdev": 2.85172772408,
        "var": 8.13235092163
    },
    "dissonance": {
        "dmean": 0.0602812506258,
        "dmean2": 0.104399047792,
        "dvar": 0.00244819070213,
        "dvar2": 0.00665596080944,
        "max": 0.499105274677,
        "mean": 0.369484394789,
        "median": 0.377650886774,
        "min": 0.142604514956,
        "stdev": 0.071081623435,
        "var": 0.00505259726197
    },
    "dynamic_complexity": 3.59606266022,
    "erbbands_crest": {
        "dmean": 3.45116615295,
        "dmean2": 5.73583984375,
        "dvar": 9.44466590881,
        "dvar2": 23.367641449,
        "max": 32.8940582275,
        "mean": 16.4757823944,
        "median": 15.6408081055,
        "min": 3.20295190811,
        "stdev": 6.23854207993,
        "var": 38.9194068909
    },
    "erbbands_flatness_db": {
        "dmean": 0.017052391544,
        "dmean2": 0.0260950867087,
        "dvar": 0.000245737028308,
        "dvar2": 0.000553135643713,
        "max": 0.485892564058,
        "mean": 0.356513649225,
        "median": 0.354217797518,
        "min": 0.102399148047,
        "stdev": 0.0425666533411,
        "var": 0.0018119198503
    },
    "erbbands_kurtosis": {
        "dmean": 1.62074410915,
        "dmean2": 2.59127855301,
        "dvar": 5.80609560013,
        "dvar2": 11.3763198853,
        "max": 33.8712615967,
        "mean": 1.75265514851,
        "median": 0.758936166763,
        "min": -1.57719492912,
        "stdev": 3.77180027962,
        "var": 14.2264766693
    },
    "erbbands_skewness": {
        "dmean": 0.379040539265,
        "dmean2": 0.624031484127,
        "dvar": 0.118086740375,
        "dvar2": 0.311343669891,
        "max": 2.7413122654,
        "mean": 0.0643723160028,
        "median": 0.0200519263744,
        "min": -1.80388355255,
        "stdev": 0.750392079353,
        "var": 0.563088297844
    },
    "erbbands_spread": {
        "dmean": 2.46540260315,
        "dmean2": 3.9940059185,
        "dvar": 5.79612541199,
        "dvar2": 15.6074018478,
        "max": 33.4840621948,
        "mean": 9.99230861664,
        "median": 9.45131778717,
        "min": 0.861638724804,
        "stdev": 4.93657398224,
        "var": 24.3697624207
    },
    "hfc": {
        "dmean": 2.47830748558,
        "dmean2": 3.51797056198,
        "dvar": 10.658823967,
        "dvar2": 20.5040035248,
        "max": 53.8837013245,
        "mean": 9.73530578613,
        "median": 7.63122320175,
        "min": 1.19224321014e-16,
        "stdev": 8.98882102966,
        "var": 80.7989120483
    },
    "loudness_ebu128": {
        "integrated": -22.2434253693,
        "loudness_range": 3.43899154663,
        "momentary": {
            "dmean": 0.540385127068,
            "dmean2": 0.40615054965,
            "dvar": 0.314938575029,
            "dvar2": 0.0861628130078,
            "max": -17.3240890503,
            "mean": -23.742143631,
            "median": -22.6015930176,
            "min": -42.6245193481,
            "stdev": 4.17828273773,
            "var": 17.4580459595
        },
        "short_term": {
            "dmean": 0.100900888443,
            "dmean2": 0.0677876025438,
            "dvar": 0.00845965463668,
            "dvar2": 0.00527780409902,
            "max": -20.0897884369,
            "mean": -22.1957092285,
            "median": -22.327960968,
            "min": -25.3623943329,
            "stdev": 1.2400624752,
            "var": 1.53775501251
        }
    },
    "melbands_crest": {
        "dmean": 2.77150344849,
        "dmean2": 4.74659824371,
        "dvar": 5.94155454636,
        "dvar2": 15.3011398315,
        "max": 28.6579456329,
        "mean": 14.5122594833,
        "median": 13.991976738,
        "min": 3.16346144676,
        "stdev": 4.17653369904,
        "var": 17.4434356689
    },
    "melbands_flatness_db": {
        "dmean": 0.0182388238609,
        "dmean2": 0.0288570877165,
        "dvar": 0.000392802670831,
        "dvar2": 0.00085984217003,
        "max": 0.570320129395,
        "mean": 0.452465027571,
        "median": 0.452255725861,
        "min": 0.00815633684397,
        "stdev": 0.0455331765115,
        "var": 0.00207327003591
    },
    "melbands_kurtosis": {
        "dmean": 1.86958813667,
        "dmean2": 3.17534661293,
        "dvar": 7.74421691895,
        "dvar2": 22.1945266724,
        "max": 42.0869026184,
        "mean": 2.42843985558,
        "median": 1.05544090271,
        "min": -1.54413247108,
        "stdev": 4.28299045563,
        "var": 18.3440074921
    },
    "melbands_skewness": {
        "dmean": 0.479974240065,
        "dmean2": 0.756626307964,
        "dvar": 0.187886729836,
        "dvar2": 0.48973146081,
        "max": 5.26100206375,
        "mean": 1.0287052393,
        "median": 1.04427111149,
        "min": -2.09617996216,
        "stdev": 1.0113722086,
        "var": 1.02287364006
    },
    "melbands_spread": {
        "dmean": 1.98982107639,
        "dmean2": 3.32738375664,
        "dvar": 29.4823493958,
        "dvar2": 61.3538894653,
        "max": 139.73286438,
        "mean": 8.93874454498,
        "median": 8.50285816193,
        "min": 1.87151944637,
        "stdev": 7.88787841797,
        "var": 62.218624115
    },
    "pitch_salience": {
        "dmean": 0.0522066578269,
        "dmean2": 0.0901668071747,
        "dvar": 0.00217296369374,
        "dvar2": 0.00579637801275,
        "max": 0.83244228363,
        "mean": 0.494711816311,
        "median": 0.492771118879,
        "min": 0.200037777424,
        "stdev": 0.0878631696105,
        "var": 0.00771993678063
    },
    "silence_rate_20dB": {
        "dmean": 0,
        "dmean2": 0,
        "dvar": 0,
        "dvar2": 0,
        "max": 1,
        "mean": 1,
        "median": 1,
        "min": 1,
        "stdev": 0,
        "var": 0
    },
    "silence_rate_30dB": {
        "dmean": 0.0123839005828,
        "dmean2": 0.024806201458,
        "dvar": 0.0122305899858,
        "dvar2": 0.0272917989641,
        "max": 1,
        "mean": 0.961360096931,
        "median": 1,
        "min": 0,
        "stdev": 0.192735433578,
        "var": 0.037146948278
    },
    "silence_rate_60dB": {
        "dmean": 0.0154798757285,
        "dmean2": 0.0310077518225,
        "dvar": 0.0152400238439,
        "dvar2": 0.0455499812961,
        "max": 1,
        "mean": 0.0927357003093,
        "median": 0,
        "min": 0,
        "stdev": 0.290059149265,
        "var": 0.0841343179345
    },
    "spectral_centroid": {
        "dmean": 62.1563339233,
        "dmean2": 84.20262146,
        "dvar": 98463.9296875,
        "dvar2": 42844.8398438,
        "max": 11008.6259766,
        "mean": 467.687438965,
        "median": 438.533355713,
        "min": 226.88822937,
        "stdev": 446.453094482,
        "var": 199320.359375
    },
    "spectral_complexity": {
        "dmean": 1.26934981346,
        "dmean2": 2.11782956123,
        "dvar": 1.39185547829,
        "dvar2": 3.66983437538,
        "max": 16,
        "mean": 8.42194747925,
        "median": 9,
        "min": 0,
        "stdev": 2.74687051773,
        "var": 7.54529762268
    },
    "spectral_decrease": {
        "dmean": 1.59552837609e-09,
        "dmean2": 2.3413218031e-09,
        "dvar": 3.61515440326e-18,
        "dvar2": 7.29929236089e-18,
        "max": 1.06619132646e-28,
        "mean": -7.20564941048e-09,
        "median": -5.65947244624e-09,
        "min": -4.74717474219e-08,
        "stdev": 7.18618009543e-09,
        "var": 5.16411834267e-17
    },
    "spectral_energy": {
        "dmean": 0.00622453773394,
        "dmean2": 0.00911307148635,
        "dvar": 5.50939475943e-05,
        "dvar2": 0.000110934088298,
        "max": 0.183947533369,
        "mean": 0.0280787404627,
        "median": 0.0222185142338,
        "min": 1.04116003934e-20,
        "stdev": 0.0278535429388,
        "var": 0.000775819877163
    },
    "spectral_energyband_high": {
        "dmean": 8.6299039026e-08,
        "dmean2": 1.42863157748e-07,
        "dvar": 8.69671173319e-15,
        "dvar2": 2.12507369693e-14,
        "max": 1.20423226235e-06,
        "mean": 4.1752733182e-07,
        "median": 4.21718425514e-07,
        "min": 7.50941298043e-21,
        "stdev": 2.04240464541e-07,
        "var": 4.17141669785e-14
    },
    "spectral_energyband_low": {
        "dmean": 0.00201769010164,
        "dmean2": 0.00307413563132,
        "dvar": 1.05794251795e-05,
        "dvar2": 2.32703587244e-05,
        "max": 0.078397706151,
        "mean": 0.00842235609889,
        "median": 0.00267373491079,
        "min": 1.12230534166e-22,
        "stdev": 0.0135997720063,
        "var": 0.000184953794815
    },
    "spectral_energyband_middle_high": {
        "dmean": 0.000619697384536,
        "dmean2": 0.000969073502347,
        "dvar": 1.09057566533e-06,
        "dvar2": 2.68704297923e-06,
        "max": 0.0117044374347,
        "mean": 0.00130747572985,
        "median": 0.000791761500295,
        "min": 1.55851631644e-21,
        "stdev": 0.0014873231994,
        "var": 2.21213031182e-06
    },
    "spectral_energyband_middle_low": {
        "dmean": 0.00544879538938,
        "dmean2": 0.00814237073064,
        "dvar": 4.33102541137e-05,
        "dvar2": 9.14514967008e-05,
        "max": 0.124419875443,
        "mean": 0.0190509520471,
        "median": 0.014030800201,
        "min": 1.39473208129e-22,
        "stdev": 0.018741030246,
        "var": 0.000351226248313
    },
    "spectral_entropy": {
        "dmean": 0.155408069491,
        "dmean2": 0.250867813826,
        "dvar": 0.0270097106695,
        "dvar2": 0.0542897172272,
        "max": 9.80732345581,
        "mean": 5.73254585266,
        "median": 5.74435520172,
        "min": 4.79186677933,
        "stdev": 0.340236157179,
        "var": 0.11576064676
    },
    "spectral_flux": {
        "dmean": 0.0135258920491,
        "dmean2": 0.0232750941068,
        "dvar": 0.000267562456429,
        "dvar2": 0.000680078286678,
        "max": 0.210383847356,
        "mean": 0.0528869405389,
        "median": 0.0512144826353,
        "min": 1.02037246708e-10,
        "stdev": 0.0264039933681,
        "var": 0.000697170908097
    },
    "spectral_kurtosis": {
        "dmean": 26.2456741333,
        "dmean2": 46.1124687195,
        "dvar": 409.500579834,
        "dvar2": 1190.88928223,
        "max": 172.758773804,
        "mean": 80.0255050659,
        "median": 79.2188034058,
        "min": -1.19741094112,
        "stdev": 31.7437725067,
        "var": 1007.66711426
    },
    "spectral_rms": {
        "dmean": 0.000567266251892,
        "dmean2": 0.000848576426506,
        "dvar": 3.06483599388e-07,
        "dvar2": 7.70653002746e-07,
        "max": 0.0133963059634,
        "mean": 0.00468790670857,
        "median": 0.00465581333265,
        "min": 3.18710812949e-12,
        "stdev": 0.00232753693126,
        "var": 5.41742838323e-06
    },
    "spectral_rolloff": {
        "dmean": 97.7992248535,
        "dmean2": 171.797958374,
        "dvar": 424019.71875,
        "dvar2": 694895.25,
        "max": 19401.4160156,
        "mean": 625.594787598,
        "median": 602.9296875,
        "min": 86.1328125,
        "stdev": 988.586303711,
        "var": 977302.9375
    },
    "spectral_skewness": {
        "dmean": 1.39855504036,
        "dmean2": 2.45034074783,
        "dvar": 1.10196328163,
        "dvar2": 3.35493588448,
        "max": 10.8285827637,
        "mean": 6.5749168396,
        "median": 6.569190979,
        "min": 0.0112614482641,
        "stdev": 1.60092353821,
        "var": 2.56295609474
    },
    "spectral_spread": {
        "dmean": 319824.5625,
        "dmean2": 511040.84375,
        "dvar": 1.56477161472e+12,
        "dvar2": 1.1118846935e+12,
        "max": 39949756,
        "mean": 1067705.875,
        "median": 960831.625,
        "min": 508675.25,
        "stdev": 1592425.5,
        "var": 2.53581878886e+12
    },
    "spectral_strongpeak": {
        "dmean": 0.423383206129,
        "dmean2": 0.665599703789,
        "dvar": 0.377520978451,
        "dvar2": 0.742202997208,
        "max": 5.68576860428,
        "mean": 1.19827270508,
        "median": 0.590559899807,
        "min": 0,
        "stdev": 1.27542293072,
        "var": 1.62670373917
    },
    "zerocrossingrate": {
        "dmean": 0.00322447018698,
        "dmean2": 0.0039145774208,
        "dvar": 0.000336533295922,
        "dvar2": 0.000443420663942,
        "max": 0.6650390625,
        "mean": 0.022240569815,
        "median": 0.01953125,
        "min": 0.0048828125,
        "stdev": 0.0356042943895,
        "var": 0.0012676656479
    },
    "barkbands": {
        "dmean": [1.92639872694e-05, 0.00177908164915, 0.000271924334811, 0.00112150551286, 0.00131804507691, 0.00284915417433, 0.000407585321227, 0.00129521393683, 0.0012202373473, 0.000140603500768, 0.000344481319189, 0.000269685988314, 5.86300957366e-05, 2.21903137572e-05, 1.00054521681e-05, 3.0014400636e-06, 1.68448559634e-06, 3.76416778636e-07, 1.62112186786e-07, 4.83578403987e-08, 2.72599685047e-08, 6.28048013596e-08, 1.49902827928e-08, 1.26840928871e-08, 7.93815591038e-09, 4.50992665435e-09, 1.07513908887e-09],
        "dmean2": [3.4518467146e-05, 0.00277001550421, 0.00046039634617, 0.00160377984866, 0.00235804053955, 0.00480208126828, 0.000463020202005, 0.00171909725759, 0.001656778506, 0.000224777453695, 0.000508475059178, 0.000438817485701, 9.41044054343e-05, 3.28763235302e-05, 1.72731088242e-05, 4.95381709698e-06, 2.74412923318e-06, 6.15234512225e-07, 2.6876426773e-07, 8.4596592842e-08, 4.75074415363e-08, 1.02255043544e-07, 2.59886263621e-08, 2.2011061418e-08, 1.38947706674e-08, 7.98852539674e-09, 2.00917749105e-09],
        "dvar": [9.20341247657e-10, 1.05312810774e-05, 1.22818846648e-07, 3.58794613931e-06, 3.52223378286e-06, 1.63551285368e-05, 2.0329164272e-06, 1.00044944702e-05, 5.05315483679e-06, 1.61844099011e-07, 4.99749546634e-07, 2.09600329981e-07, 1.44179139738e-08, 5.74632563755e-09, 2.57627169598e-10, 3.56381001099e-11, 1.25354639863e-11, 2.54099497519e-12, 2.44702993762e-13, 9.73763560427e-15, 7.74471128674e-16, 5.95006848832e-15, 1.95445189578e-16, 1.99976114396e-16, 1.40100639139e-16, 9.19059599831e-17, 2.37069157057e-18],
        "dvar2": [2.52475507168e-09, 2.30296609516e-05, 3.52746241106e-07, 7.3557343967e-06, 1.20108770716e-05, 4.14314599766e-05, 3.0023581985e-06, 1.62796623044e-05, 8.77722413861e-06, 3.66939190144e-07, 1.1526325352e-06, 5.34725131729e-07, 3.26753273328e-08, 1.02816413161e-08, 6.65873578498e-10, 8.53618842278e-11, 3.09827406786e-11, 5.75083947477e-12, 5.22059012773e-13, 2.76972438447e-14, 2.31955017463e-15, 1.4902518103e-14, 5.73250881697e-16, 5.2097947267e-16, 4.09625953855e-16, 2.45576530159e-16, 7.53431505244e-18],
        "max": [0.000461178686237, 0.0760540217161, 0.00306771905161, 0.031056560576, 0.0220040325075, 0.0801496729255, 0.0326554737985, 0.060963101685, 0.0337509997189, 0.0078859385103, 0.00715798512101, 0.00450015673414, 0.00231293658726, 0.001873766887, 0.000178973728907, 8.7961256213e-05, 4.16900184064e-05, 2.65191138169e-05, 9.05146225705e-06, 1.30100056595e-06, 2.91198176683e-07, 7.44370879602e-07, 1.6490267285e-07, 1.19465710213e-07, 8.45503649316e-08, 8.46325534098e-08, 9.53444789786e-09],
        "mean": [2.37819331232e-05, 0.00732189789414, 0.000456666573882, 0.0028086702805, 0.00290405610576, 0.00554067781195, 0.00137735495809, 0.00263095274568, 0.00361471902579, 0.000240649096668, 0.000576089252718, 0.000401907542255, 0.000110786451842, 4.45726873295e-05, 1.63921358762e-05, 5.62422064831e-06, 2.63839297077e-06, 5.77440516736e-07, 3.24903680848e-07, 1.26263969946e-07, 9.67548885455e-08, 1.49411349071e-07, 5.65977948952e-08, 3.73926738462e-08, 1.1918800169e-08, 4.10231093539e-09, 9.91195236999e-10],
        "median": [1.19772266771e-05, 0.00117449066602, 0.000255849881796, 0.00113465613686, 0.00190601334907, 0.00253798486665, 0.000179951501195, 0.000448801554739, 0.00124848354608, 7.84754593042e-05, 0.000163021992194, 0.000128081897856, 5.2775041695e-05, 1.19820342661e-05, 9.840679013e-06, 3.34242827194e-06, 1.12571444788e-06, 3.07518348563e-07, 2.24658236903e-07, 1.18180054187e-07, 9.74720251179e-08, 1.24472393281e-07, 5.7544450982e-08, 3.37823173879e-08, 4.67685046246e-09, 5.714981266e-10, 4.4397083232e-10],
        "min": [1.52653199521e-23, 3.85886457918e-23, 6.13273089493e-23, 8.77779886508e-24, 2.57646468152e-23, 2.90073905171e-23, 2.71333346853e-23, 1.35028248296e-23, 3.35762267555e-23, 1.21751309053e-23, 1.66384724594e-22, 2.54445365262e-23, 1.18193590547e-22, 4.28023273844e-23, 7.21165532392e-23, 1.27255153724e-22, 2.22665393721e-22, 3.01789455179e-22, 3.25877707884e-22, 2.37124166506e-22, 5.03579721325e-22, 5.1371091678e-22, 6.96736643237e-22, 8.06817146472e-22, 9.57734391307e-22, 1.60458851961e-21, 2.60505226235e-21],
        "stdev": [3.98573101847e-05, 0.0135993119329, 0.000527568161488, 0.00485922209918, 0.00298937223852, 0.0100365094841, 0.00460235588253, 0.00668665580451, 0.00532363122329, 0.00063984451117, 0.00103166897316, 0.000637822144199, 0.00020734530699, 0.000138274495839, 2.15614600165e-05, 9.21973696677e-06, 4.70060422231e-06, 1.78054301614e-06, 5.93965467033e-07, 9.69688684904e-08, 4.6086451988e-08, 1.07024391127e-07, 2.78444911572e-08, 2.50758667164e-08, 1.52789461083e-08, 9.43852018764e-09, 1.33740452046e-09],
        "var": [1.58860524735e-09, 0.000184941294719, 2.78328144532e-07, 2.36120413319e-05, 8.93634569366e-06, 0.000100731529528, 2.11816804949e-05, 4.47113634436e-05, 2.83410499833e-05, 4.09400968238e-07, 1.0643409496e-06, 4.06817122212e-07, 4.29920739009e-08, 1.91198363808e-08, 4.64896593444e-10, 8.50035528077e-11, 2.20956794528e-11, 3.17033335348e-12, 3.52794995908e-13, 9.40296102835e-15, 2.12396094975e-15, 1.14542207167e-14, 7.75315673462e-16, 6.28799090619e-16, 2.33446171321e-16, 8.90856645235e-17, 1.78865089563e-18]
    },
    "erbbands": {
        "dmean": [0.0432158783078, 0.433769613504, 0.409139096737, 1.6342716217, 6.21999883652, 3.02372336388, 5.94756698608, 30.0434684753, 11.9743452072, 3.60924434662, 36.9255142212, 36.2553405762, 8.60430431366, 3.47455978394, 15.6056156158, 12.7767620087, 3.37555789948, 1.20256316662, 0.782880544662, 0.233506470919, 0.168982610106, 0.05702156201, 0.0230034254491, 0.00968397967517, 0.00557520147413, 0.00231792614795, 0.00139008357655, 0.00102840492036, 0.00165445392486, 0.00158263416961, 0.000411893328419, 0.000289069430437, 0.000205330710742, 0.000107461819425, 5.24604656675e-05, 2.97677161143e-05, 3.9562778511e-06, 7.98779410616e-07, 2.9068501135e-06, 6.91435070621e-06],
        "dmean2": [0.0702174305916, 0.665527164936, 0.627417266369, 2.3691534996, 10.5387077332, 5.26626062393, 11.2595272064, 52.1462020874, 13.5292482376, 5.14356374741, 48.5635795593, 47.6131668091, 13.2503871918, 5.71002435684, 23.2814426422, 20.5177631378, 5.33312034607, 1.77211606503, 1.26182067394, 0.384021878242, 0.274506777525, 0.0919981226325, 0.0376085564494, 0.0161800924689, 0.00940778106451, 0.0040219668299, 0.00245498912409, 0.00177097914275, 0.00271938904189, 0.00258831470273, 0.000708742649294, 0.000501314818393, 0.000354847725248, 0.000185106284334, 8.92447496881e-05, 5.08094199176e-05, 6.62419733999e-06, 1.3735156017e-06, 4.19471689383e-06, 1.00948263935e-05],
        "dvar": [0.00614278810099, 0.622126460075, 0.246651813388, 7.11477422714, 86.4635620117, 18.6742115021, 67.4683837891, 1708.48156738, 1624.3223877, 28.4194831848, 7684.73583984, 3921.12963867, 453.117889404, 98.3902206421, 1028.47790527, 502.23626709, 44.9818382263, 12.9380187988, 1.37753140926, 0.28560474515, 0.102574162185, 0.0147189544514, 0.0100339576602, 0.00137632258702, 0.00012113302364, 1.96800647245e-05, 2.37056110564e-06, 8.81037294675e-07, 3.73762100025e-06, 3.573450158e-06, 1.41623729633e-07, 7.77653426098e-08, 6.00960845532e-08, 2.26859242503e-08, 6.78081590877e-09, 4.19464463164e-09, 3.89792954858e-11, 1.11805367482e-12, 1.21150658949e-11, 6.81758746679e-11],
        "dvar2": [0.0136260250583, 1.35848236084, 0.57586312294, 14.8408794403, 274.79119873, 50.5239143372, 239.591278076, 4955.53564453, 1536.06445312, 58.3357543945, 12622.9375, 6603.5859375, 1076.12939453, 275.72769165, 2407.37573242, 1268.51574707, 101.914596558, 22.6773014069, 2.94429659843, 0.702771961689, 0.2388330549, 0.0360924564302, 0.0230325981975, 0.00294078607112, 0.000298584782286, 5.45670372958e-05, 7.08949892214e-06, 2.52613244811e-06, 9.54710867518e-06, 8.94191998668e-06, 4.09721593542e-07, 2.09674240637e-07, 1.62761566003e-07, 6.80007872234e-08, 1.89116331484e-08, 1.14979554766e-08, 1.0851455845e-10, 3.24646733108e-12, 2.42505650977e-11, 1.36835542897e-10],
        "max": [2.12787508965, 18.0137710571, 8.37686920166, 43.806098938, 106.45426178, 92.8227386475, 69.8384475708, 684.948242188, 1033.72424316, 89.8109588623, 1704.61364746, 982.479675293, 353.465423584, 114.828941345, 294.583831787, 229.046081543, 127.667442322, 90.6410293579, 23.2257003784, 12.9605236053, 6.11472654343, 1.72806751728, 1.78137004375, 0.661748826504, 0.191683009267, 0.0658372864127, 0.0147806284949, 0.00886209215969, 0.0185012537986, 0.0197507888079, 0.00401130598038, 0.00248554884456, 0.00186763878446, 0.00141224369872, 0.000644614163321, 0.000472108164104, 6.64111357764e-05, 1.26168015413e-05, 8.49063726491e-05, 0.000202885319595],
        "mean": [0.160542353988, 1.79781889915, 1.24737036228, 4.08056020737, 13.9264888763, 8.07235908508, 8.29104232788, 54.3057556152, 42.1780471802, 8.85218811035, 79.9461593628, 108.196807861, 21.0660324097, 6.2813615799, 26.5989246368, 19.8180999756, 6.86414384842, 2.6277256012, 1.56687629223, 0.460137337446, 0.334983408451, 0.118959113955, 0.0370184220374, 0.0187567137182, 0.0122636118904, 0.00616061175242, 0.00439213309437, 0.00356123549864, 0.00454935757443, 0.00402090186253, 0.00155284162611, 0.000940407509916, 0.000548026640899, 0.000195318687474, 9.13552285056e-05, 4.04871934734e-05, 1.08000604087e-05, 1.90679395473e-06, 1.31899232656e-05, 3.11751573463e-05],
        "median": [0.0204241927713, 0.31709420681, 0.718409121037, 2.01618623734, 8.31456184387, 5.13333749771, 5.38416099548, 25.0951461792, 6.9237780571, 4.81901264191, 18.5507888794, 47.360660553, 8.80118083954, 3.1634888649, 9.76094722748, 6.76125001907, 3.63762640953, 1.11254513264, 0.921467423439, 0.300413638353, 0.196300759912, 0.0601851306856, 0.0206169523299, 0.0126670310274, 0.00991412252188, 0.00570985069498, 0.00435470184311, 0.00356862484477, 0.00408657873049, 0.0035030071158, 0.00157701352146, 0.000864352507051, 0.000520872941706, 0.000130539992824, 3.45117150573e-05, 1.69173217728e-05, 8.40764641907e-06, 1.52432266987e-06, 1.0686011592e-05, 2.49702770816e-05],
        "min": [4.45484520654e-22, 1.18023365723e-20, 7.48527045409e-20, 3.36884781787e-20, 4.5532583333e-20, 9.45544148225e-20, 1.591145627e-19, 2.88920100045e-19, 2.33333407785e-19, 5.17951393163e-19, 3.23275263179e-19, 7.87704555192e-19, 4.65802670324e-19, 1.9380120037e-18, 6.27376914029e-18, 1.37862801254e-18, 4.6166426504e-18, 3.11669495255e-18, 3.0924287821e-18, 4.22118124802e-18, 9.27596203014e-18, 1.2155146959e-17, 1.34712293639e-17, 2.01319167852e-17, 1.65736703402e-17, 1.13445703429e-17, 1.73571443835e-17, 1.73250729368e-17, 2.07723531027e-17, 2.11400679722e-17, 1.97412129121e-17, 1.64991926522e-17, 1.20669256652e-17, 9.70235295639e-18, 8.12629843834e-18, 5.20997061839e-18, 2.53536089665e-18, 1.39146875078e-18, 3.15991033157e-19, 4.51839234736e-20],
        "stdev": [0.348109573126, 3.20926952362, 1.38567328453, 6.37259483337, 17.5576305389, 9.72345066071, 8.85315227509, 88.750213623, 139.350769043, 11.5497999191, 182.863128662, 149.501419067, 35.0139122009, 10.4934263229, 44.6815338135, 31.921043396, 11.5703868866, 6.68332719803, 2.1200158596, 0.820419549942, 0.575392723083, 0.188856780529, 0.107398159802, 0.0431180261075, 0.0127590941265, 0.00455331942067, 0.00222462415695, 0.00169884227216, 0.00288972817361, 0.00274329050444, 0.000775341701228, 0.000541868736036, 0.00040074903518, 0.000201988194021, 0.000116290029837, 6.82841855451e-05, 1.01166424429e-05, 1.6590922769e-06, 1.28510273498e-05, 3.07339541905e-05],
        "var": [0.121180281043, 10.29941082, 1.92009031773, 40.6099624634, 308.27041626, 94.545501709, 78.3783111572, 7876.60058594, 19418.6386719, 133.397888184, 33438.9257812, 22350.6757812, 1225.97399902, 110.111991882, 1996.4395752, 1018.95306396, 133.873855591, 44.6668624878, 4.49446725845, 0.67308819294, 0.331076800823, 0.0356668829918, 0.0115343639627, 0.00185916409828, 0.000162794472999, 2.07327175303e-05, 4.94895266456e-06, 2.88606497634e-06, 8.35052924231e-06, 7.5256425589e-06, 6.01154795277e-07, 2.93621752689e-07, 1.60599796573e-07, 4.07992288842e-08, 1.35233708676e-08, 4.66272975785e-09, 1.02346457698e-10, 2.75258722066e-12, 1.65148908438e-10, 9.44575972994e-10]
    },
    "gfcc": {
        "mean": [-180.134109497, 241.203536987, -92.1394271851, -27.1791534424, -46.6749839783, 5.19395160675, -13.6618795395, -22.6330890656, 1.34327352047, -14.6871833801, -2.40918016434, -12.2845821381, -2.24804496765],
        "cov": [[7947.82666016, 1324.89709473, -324.88369751, -538.293273926, 21.3501663208, 221.13331604, 151.314071655, 228.185272217, 132.659896851, -117.578826904, 152.575942993, -105.931274414, 238.002243042], [1324.89709473, 384.052978516, -32.9884986877, -61.838306427, 41.7335357666, 13.1602706909, 37.0863075256, -0.145476073027, 29.9940624237, -7.43381595612, 49.9915809631, 5.20801401138, 30.8483734131], [-324.88369751, -32.9884986877, 288.300933838, 19.5682182312, 27.5428390503, 16.845949173, -32.1817359924, 68.3971710205, -28.9916133881, 65.0408172607, 26.4792919159, 32.1342773438, 47.8733444214], [-538.293273926, -61.838306427, 19.5682182312, 202.011871338, 38.2003059387, -21.8334159851, -36.4709014893, -78.08203125, 4.5764503479, 4.96454524994, -14.6369953156, -3.39255428314, -35.4747390747], [21.3501663208, 41.7335357666, 27.5428390503, 38.2003059387, 192.129501343, 50.9048042297, 3.65909647942, 35.5845756531, 16.1535129547, 66.5959625244, 55.4379310608, 70.9835739136, 18.4407577515], [221.13331604, 13.1602706909, 16.845949173, -21.8334159851, 50.9048042297, 101.290306091, 25.245223999, 58.5729866028, -11.5227279663, 15.8158845901, 42.9678382874, 35.9749984741, 50.9341392517], [151.314071655, 37.0863075256, -32.1817359924, -36.4709014893, 3.65909647942, 25.245223999, 102.267677307, 38.7935714722, 25.8111782074, -11.211309433, 4.59575080872, -1.01784956455, -8.14240169525], [228.185272217, -0.145476073027, 68.3971710205, -78.08203125, 35.5845756531, 58.5729866028, 38.7935714722, 168.482177734, 21.4853115082, 46.1279182434, 53.1121025085, 34.4556236267, 62.2218170166], [132.659896851, 29.9940624237, -28.9916133881, 4.5764503479, 16.1535129547, -11.5227279663, 25.8111782074, 21.4853115082, 84.677947998, 38.1911735535, 17.9981708527, -11.4862642288, -18.7902126312], [-117.578826904, -7.43381595612, 65.0408172607, 4.96454524994, 66.5959625244, 15.8158845901, -11.211309433, 46.1279182434, 38.1911735535, 125.650169373, 76.6344909668, 46.4286575317, -4.27062034607], [152.575942993, 49.9915809631, 26.4792919159, -14.6369953156, 55.4379310608, 42.9678382874, 4.59575080872, 53.1121025085, 17.9981708527, 76.6344909668, 129.060180664, 73.2688751221, 50.8355445862], [-105.931274414, 5.20801401138, 32.1342773438, -3.39255428314, 70.9835739136, 35.9749984741, -1.01784956455, 34.4556236267, -11.4862642288, 46.4286575317, 73.2688751221, 125.801422119, 71.0816421509], [238.002243042, 30.8483734131, 47.8733444214, -35.4747390747, 18.4407577515, 50.9341392517, -8.14240169525, 62.2218170166, -18.7902126312, -4.27062034607, 50.8355445862, 71.0816421509, 127.939292908]],
        "icov": [[0.000537602696568, -0.00172329542693, 0.000545149319805, 0.000573599070776, 0.000159176401212, -0.00104043143801, 0.000706606195308, -0.000508512952365, -0.000395465089241, 3.38103236572e-05, 0.000188211590284, 0.000930886366405, -0.000594896671828], [-0.00172329542693, 0.00933972559869, -0.00226972228847, 5.63910653e-05, -0.00253891176544, 0.00414001010358, -0.00347237754613, 0.00391516694799, -0.000410328619182, 0.00180876348168, -0.00347799086012, -0.000977881718427, 0.000336809520377], [0.000545149319805, -0.00226972228847, 0.00688481004909, -0.00171683181543, 0.000650287140161, 0.000857645238284, 9.16958888411e-05, -0.0033754222095, 0.00509313354269, -0.00696619926021, 0.00302208284847, 0.00295545975678, -0.00463417731225], [0.000573599070776, 5.63910653e-05, -0.00171683181543, 0.00924203172326, -0.00278569641523, -0.00188367930241, 0.00235522375442, 0.00459461472929, -0.00448234099895, 0.00336429663002, -0.00164704408962, 0.000894424738362, 0.000802663853392], [0.000159176401212, -0.00253891176544, 0.000650287140161, -0.00278569641523, 0.0101929940283, -0.00508474558592, 0.0016210390022, -0.00236612907611, -0.000785340322182, -0.00305208703503, 0.00259540951811, -0.00585436960682, 0.00311348005198], [-0.00104043143801, 0.00414001010358, 0.000857645238284, -0.00188367930241, -0.00508474558592, 0.0216681044549, -0.00771234882995, -0.00177411816549, 0.00840647425503, -0.00328565528616, -0.00332340947352, 0.00365787232295, -0.00701418099925], [0.000706606195308, -0.00347237754613, 9.16958888411e-05, 0.00235522375442, 0.0016210390022, -0.00771234882995, 0.0185539126396, -0.00533564109355, -0.00833436474204, 0.00927224662155, -0.000825706403702, -0.00510994903743, 0.0090065561235], [-0.000508512952365, 0.00391516694799, -0.0033754222095, 0.00459461472929, -0.00236612907611, -0.00177411816549, -0.00533564109355, 0.0157930478454, -0.00356724625453, -0.00269984290935, -0.00154675042722, 0.00283664464951, -0.00600946927443], [-0.000395465089241, -0.000410328619182, 0.00509313354269, -0.00448234099895, -0.000785340322182, 0.00840647425503, -0.00833436474204, -0.00356724625453, 0.025130096823, -0.0143849626184, 0.00164208654314, 0.00709323817864, -0.00572583544999], [3.38103236572e-05, 0.00180876348168, -0.00696619926021, 0.00336429663002, -0.00305208703503, -0.00328565528616, 0.00927224662155, -0.00269984290935, -0.0143849626184, 0.0323380082846, -0.0143632320687, -0.00875221844763, 0.0162281058729], [0.000188211590284, -0.00347799086012, 0.00302208284847, -0.00164704408962, 0.00259540951811, -0.00332340947352, -0.000825706403702, -0.00154675042722, 0.00164208654314, -0.0143632320687, 0.0219641756266, -0.00466016167775, -0.00582676148042], [0.000930886366405, -0.000977881718427, 0.00295545975678, 0.000894424738362, -0.00585436960682, 0.00365787232295, -0.00510994903743, 0.00283664464951, 0.00709323817864, -0.00875221844763, -0.00466016167775, 0.0251327622682, -0.0160331930965], [-0.000594896671828, 0.000336809520377, -0.00463417731225, 0.000802663853392, 0.00311348005198, -0.00701418099925, 0.0090065561235, -0.00600946927443, -0.00572583544999, 0.0162281058729, -0.00582676148042, -0.0160331930965, 0.0275616087019]]
    },
    "melbands": {
        "dmean": [0.000469911348773, 0.000322881795, 0.00044866790995, 0.000358187156962, 0.000192742649233, 0.00063416705234, 0.000155937406817, 5.96661229793e-05, 0.000309116905555, 0.00020837241027, 3.73631955881e-05, 1.16778383017e-05, 5.05379211972e-05, 3.73453258362e-05, 1.614411849e-05, 5.28752570972e-06, 2.31906005865e-06, 1.40996269238e-06, 5.10228289841e-07, 2.28634334576e-07, 2.17283698589e-07, 8.41449150357e-08, 2.60743746594e-08, 1.30726727221e-08, 8.32277091689e-09, 5.30049293346e-09, 2.74778555465e-09, 1.59633561925e-09, 1.04558017799e-09, 8.27015234073e-10, 6.50709430783e-10, 6.1835536691e-10, 2.45784192998e-09, 4.28991869805e-10, 2.88452317587e-10, 2.31264549178e-10, 1.90434279457e-10, 1.71323011333e-10, 1.22787696677e-10, 9.05074626356e-11],
        "dmean2": [0.000747677462641, 0.000474050029879, 0.000688630796503, 0.00062259635888, 0.000365922256606, 0.00106312625576, 0.000168235201272, 8.43978996272e-05, 0.00041030778084, 0.000278702209471, 6.01368228672e-05, 2.00002323254e-05, 7.4558724009e-05, 5.99973609496e-05, 2.53043490375e-05, 8.59872034198e-06, 3.39408961736e-06, 2.22502308134e-06, 8.96641893178e-07, 3.82206877703e-07, 3.48517062321e-07, 1.375271097e-07, 4.21849968291e-08, 2.19252793698e-08, 1.41946836507e-08, 8.92940477115e-09, 4.81226392068e-09, 2.73125189132e-09, 1.85252158058e-09, 1.42905998146e-09, 1.12720710543e-09, 1.05485054025e-09, 4.04827815714e-09, 7.47895134712e-10, 4.97981711423e-10, 3.97429367194e-10, 3.2766989122e-10, 2.97573743424e-10, 2.08496789278e-10, 1.58665650063e-10],
        "dvar": [7.34007414849e-07, 2.45034783575e-07, 5.0258728379e-07, 2.39724101903e-07, 7.00481024296e-08, 8.0510068301e-07, 2.96838209124e-07, 1.09465219111e-08, 4.75636284136e-07, 1.47552228213e-07, 1.06129496302e-08, 1.35788857936e-09, 1.05243174175e-08, 3.4214251432e-09, 7.77305775301e-10, 9.98294363841e-11, 6.96561211488e-11, 5.23301410885e-12, 7.20700192233e-13, 3.00917819308e-13, 1.61244837469e-13, 3.2174200912e-14, 9.9004988642e-15, 3.41748508053e-15, 9.92598841493e-16, 1.04509644802e-16, 3.03327262972e-17, 6.49943269679e-18, 1.41178296245e-18, 6.3825111308e-19, 3.55525897889e-19, 3.99172186308e-19, 1.01714412915e-17, 1.66808660716e-19, 6.80890748543e-20, 4.36287431427e-20, 3.81880337494e-20, 4.01146375625e-20, 2.05321479178e-20, 2.31087395933e-20],
        "dvar2": [1.60435263297e-06, 5.45751674963e-07, 1.21793596009e-06, 7.93233141394e-07, 2.49212121162e-07, 2.04075900001e-06, 2.73023800901e-07, 1.83568555912e-08, 8.06040475254e-07, 2.58532594444e-07, 2.57868855158e-08, 3.90944476791e-09, 2.41784441357e-08, 8.5189819643e-09, 1.89400695128e-09, 2.32787525367e-10, 1.25066443313e-10, 1.00764223354e-11, 1.78953249788e-12, 7.60060851063e-13, 3.6423468408e-13, 7.9679433895e-14, 2.15595584056e-14, 8.05374850469e-15, 2.11076100005e-15, 2.44963992989e-16, 8.21785740598e-17, 1.79426211667e-17, 4.16687146413e-18, 1.86924682502e-18, 1.00202105485e-18, 1.11441111865e-18, 2.54569730422e-17, 4.50237871231e-19, 1.97832379783e-19, 1.26186234424e-19, 1.03427309835e-19, 1.11294372609e-19, 5.81331807004e-20, 6.95172926547e-20],
        "max": [0.0210429318249, 0.0108736716211, 0.010981134139, 0.0061729666777, 0.00207297457382, 0.0177022889256, 0.014089952223, 0.00201434525661, 0.0133652891964, 0.00535964593291, 0.00172721548006, 0.000414595182519, 0.00111132673919, 0.000513874634635, 0.000254984392086, 0.000177652313141, 0.000205595002626, 5.26549774804e-05, 1.1104355508e-05, 1.21741586554e-05, 8.50696324051e-06, 2.28819385484e-06, 1.6661506379e-06, 1.11157135052e-06, 5.23485653048e-07, 1.77297735604e-07, 7.6124251791e-08, 3.86777685435e-08, 1.14581135691e-08, 6.72595890094e-09, 5.64834623518e-09, 7.27999349692e-09, 2.97935365268e-08, 5.10233988393e-09, 2.33813968187e-09, 1.91660776139e-09, 1.59794433241e-09, 1.48536383193e-09, 1.14072939983e-09, 1.3441404656e-09],
        "mean": [0.00188569165766, 0.00126666296273, 0.00111515284516, 0.000850971555337, 0.000272006494924, 0.00123365304898, 0.000561717024539, 0.000125784426928, 0.000688444124535, 0.000622870400548, 7.86828095443e-05, 1.77639267349e-05, 8.49669377203e-05, 5.84711087868e-05, 2.7347696232e-05, 9.73319674813e-06, 4.67077916255e-06, 2.83047234007e-06, 9.10632763862e-07, 4.01096627911e-07, 4.06340518566e-07, 1.4458036901e-07, 4.21461692213e-08, 1.98205611923e-08, 1.48447343307e-08, 1.07159578988e-08, 5.80623682467e-09, 3.65247765366e-09, 2.77756706524e-09, 2.36627450967e-09, 1.91781257541e-09, 1.88040627513e-09, 4.3029837471e-09, 1.37525968391e-09, 8.69189664687e-10, 7.25246696032e-10, 4.95948893064e-10, 3.95667221209e-10, 2.62348004432e-10, 1.15827777925e-10],
        "median": [0.000262522487901, 0.000445298239356, 0.000565764086787, 0.00056720583234, 0.000182346295333, 0.000549282471184, 8.28020492918e-05, 4.78297733935e-05, 0.000182631061762, 0.000214027400943, 2.12964732782e-05, 7.27901624487e-06, 2.38824759435e-05, 2.23744427785e-05, 8.79875824467e-06, 5.14682869834e-06, 1.3311694147e-06, 1.51466110765e-06, 5.68496488995e-07, 2.51912297244e-07, 2.04716869234e-07, 6.33353920421e-08, 2.07759907056e-08, 1.28468053973e-08, 9.3308392124e-09, 7.93114818265e-09, 5.07341590961e-09, 3.39618000389e-09, 2.64114397019e-09, 2.34140218325e-09, 1.86620363607e-09, 1.81029446988e-09, 3.16499670916e-09, 1.35484246044e-09, 8.61019255893e-10, 7.16630421671e-10, 4.38064029495e-10, 3.6986505525e-10, 2.47410453236e-10, 2.28337765362e-11],
        "min": [7.95396460049e-24, 2.94310277558e-23, 7.00203431324e-24, 4.30257951128e-24, 6.37866853733e-24, 6.0740735646e-24, 4.20276809638e-24, 4.90697318242e-24, 3.0564185031e-24, 4.93609950476e-24, 2.07827140974e-24, 6.32446235466e-24, 2.32376208355e-23, 6.19315606255e-24, 2.73326695808e-24, 1.45421680049e-23, 4.35449957505e-24, 4.75731364693e-24, 5.50870208143e-24, 5.63107452378e-24, 1.23558163402e-23, 1.20373894804e-23, 1.27371911449e-23, 1.39396944212e-23, 1.66156999383e-23, 1.10675599392e-23, 1.13980650484e-23, 6.21342781566e-24, 1.05720929707e-23, 1.01077954743e-23, 1.05630628799e-23, 1.04924353742e-23, 1.16671360368e-23, 1.26994354731e-23, 1.15742516095e-23, 9.21499662281e-24, 1.07786380549e-23, 8.43649267241e-24, 8.7499284093e-24, 7.31080709332e-24],
