{
"metadata": {
    "version": {
        "essentia": "2.1-beta6-dev",
        "essentia_git_sha": "v2.1_beta5-778-gc9eadba6",
        "extractor": "music 2.0"
    },
    "audio_properties": {
        "analysis": {
            "equal_loudness": 0,
            "length": 20.9999771118,
            "sample_rate": 44100,
            "start_time": 0,
            "downmix": "mix"
        },
        "bit_rate": 128000,
        "length": 21,
        "lossless": 0,
        "number_channels": 2,
        "replay_gain": -4.20863723755,
        "sample_rate": 48000,
        "codec": "mp3",
        "md5_encoded": "979ab7386ecf8584e4965e6c8b77f22c"
    },
    "tags": {
        "file_name": "epiclowbrass-therainsofcastameregot.mp3",
        "encoding": ["Lavf59.16.100"]
    }
},
"lowlevel": {
    "average_loudness": 0.945865869522,
    "barkbands_crest": {
        "dmean": 1.56114017963,
        "dmean2": 2.30333423615,
        "dvar": 1.6826363802,
        "dvar2": 3.93910932541,
        "max": 20.238697052,
        "mean": 8.96324825287,
        "median": 8.39380455017,
        "min": 3.67425704002,
        "stdev": 3.09409594536,
        "var": 9.57342910767
    },
    "barkbands_flatness_db": {
        "dmean": 0.0147804822773,
        "dmean2": 0.0227071419358,
        "dvar": 0.000154311972437,
        "dvar2": 0.000305937079247,
        "max": 0.439576715231,
        "mean": 0.31641638279,
        "median": 0.314023077488,
        "min": 0.0826222375035,
        "stdev": 0.0430695675313,
        "var": 0.00185498758219
    },
    "barkbands_kurtosis": {
        "dmean": 0.838041543961,
        "dmean2": 1.25332808495,
        "dvar": 1.42389845848,
        "dvar2": 3.02125239372,
        "max": 26.96052742,
        "mean": 1.13741374016,
        "median": 0.652650356293,
        "min": -1.36623740196,
        "stdev": 2.08598327637,
        "var": 4.35132598877
    },
    "barkbands_skewness": {
        "dmean": 0.261894106865,
        "dmean2": 0.38369166851,
        "dvar": 0.0520601980388,
        "dvar2": 0.116587005556,
        "max": 4.11210393906,
        "mean": 0.868068277836,
        "median": 0.810538053513,
        "min": -1.73339283466,
        "stdev": 0.546995580196,
        "var": 0.299204170704
    },
    "barkbands_spread": {
        "dmean": 0.8854855299,
        "dmean2": 1.29261600971,
        "dvar": 0.744635224342,
        "dvar2": 1.35878920555,
        "max": 23.1483097076,
        "mean": 6.27706718445,
        "median": 6.14282035828,
        "min": 2.00931739807,
        "stdev": 2.0501909256,
        "var": 4.2032828331
    },
    "dissonance": {
        "dmean": 0.0269679091871,
        "dmean2": 0.0448565669358,
        "dvar": 0.000732072629035,
        "dvar2": 0.00171998771839,
        "max": 0.5,
        "mean": 0.452030718327,
        "median": 0.458656728268,
        "min": 0.11921042949,
        "stdev": 0.0352282747626,
        "var": 0.00124103121925
    },
    "dynamic_complexity": 3.39730858803,
    "erbbands_crest": {
        "dmean": 1.7407118082,
        "dmean2": 2.69718813896,
        "dvar": 2.32228803635,
        "dvar2": 5.17580509186,
        "max": 25.8512153625,
        "mean": 9.12211990356,
        "median": 8.43252086639,
        "min": 2.9802134037,
        "stdev": 3.13237524033,
        "var": 9.81177425385
    },
    "erbbands_flatness_db": {
        "dmean": 0.0107840225101,
        "dmean2": 0.0152228130028,
        "dvar": 0.000107553809357,
        "dvar2": 0.000151628672029,
        "max": 0.444771170616,
        "mean": 0.334910869598,
        "median": 0.335938215256,
        "min": 0.107314750552,
        "stdev": 0.0376332439482,
        "var": 0.00141626107506
    },
    "erbbands_kurtosis": {
        "dmean": 0.501702189445,
        "dmean2": 0.764174044132,
        "dvar": 0.455538809299,
        "dvar2": 0.811081051826,
        "max": 12.9062271118,
        "mean": 0.197783619165,
        "median": -0.0424469709396,
        "min": -1.48873329163,
        "stdev": 1.15763700008,
        "var": 1.34012341499
    },
    "erbbands_skewness": {
        "dmean": 0.229061752558,
        "dmean2": 0.334692418575,
        "dvar": 0.0374452956021,
        "dvar2": 0.0708428770304,
        "max": 1.47859334946,
        "mean": 0.127699449658,
        "median": 0.137201756239,
        "min": -1.69602560997,
        "stdev": 0.393596887589,
        "var": 0.154918521643
    },
    "erbbands_spread": {
        "dmean": 1.7801926136,
        "dmean2": 2.65456795692,
        "dvar": 2.86623334885,
        "dvar2": 5.88922786713,
        "max": 36.4047050476,
        "mean": 12.3758277893,
        "median": 12.1199092865,
        "min": 3.68164873123,
        "stdev": 3.56031370163,
        "var": 12.6758337021
    },
    "hfc": {
        "dmean": 1.81207108498,
        "dmean2": 2.57415819168,
        "dvar": 3.49038147926,
        "dvar2": 7.69504070282,
        "max": 36.8845977783,
        "mean": 11.8636703491,
        "median": 11.0076751709,
        "min": 1.12065502946e-16,
        "stdev": 8.01883220673,
        "var": 64.3016662598
    },
    "loudness_ebu128": {
        "integrated": -16.5893726349,
        "loudness_range": 2.95443916321,
        "momentary": {
            "dmean": 0.857325077057,
            "dmean2": 0.493926227093,
            "dvar": 0.792829036713,
            "dvar2": 0.438038736582,
            "max": -12.4955120087,
            "mean": -18.195016861,
            "median": -17.1206455231,
            "min": -33.0447921753,
            "stdev": 4.11348295212,
            "var": 16.9207401276
        },
        "short_term": {
            "dmean": 0.113538496196,
            "dmean2": 0.0427038297057,
            "dvar": 0.00498777907342,
            "dvar2": 0.00153615616728,
            "max": -14.9853944778,
            "mean": -16.6940155029,
            "median": -16.5973510742,
            "min": -18.9421386719,
            "stdev": 1.04936385155,
            "var": 1.10116446018
        }
    },
    "melbands_crest": {
        "dmean": 2.03770947456,
        "dmean2": 3.06692361832,
        "dvar": 3.08000850677,
        "dvar2": 7.54669523239,
        "max": 27.8422813416,
        "mean": 12.0995960236,
        "median": 11.3506383896,
        "min": 2.48669600487,
        "stdev": 4.09779500961,
        "var": 16.7919235229
    },
    "melbands_flatness_db": {
        "dmean": 0.0145149547607,
        "dmean2": 0.0200761947781,
        "dvar": 0.000230616002227,
        "dvar2": 0.000316908379318,
        "max": 0.57206839323,
        "mean": 0.415751129389,
        "median": 0.411314994097,
        "min": 0.00727329961956,
        "stdev": 0.0522301495075,
        "var": 0.00272798864171
    },
    "melbands_kurtosis": {
        "dmean": 1.17565011978,
        "dmean2": 1.76833796501,
        "dvar": 2.84563159943,
        "dvar2": 6.69156980515,
        "max": 36.9048805237,
        "mean": 2.1422970295,
        "median": 1.39706325531,
        "min": -1.2086827755,
        "stdev": 2.98160338402,
        "var": 8.88995933533
    },
    "melbands_skewness": {
        "dmean": 0.297033250332,
        "dmean2": 0.438788861036,
        "dvar": 0.0666125863791,
        "dvar2": 0.160801768303,
        "max": 4.74853563309,
        "mean": 1.24008655548,
        "median": 1.18120574951,
        "min": -0.853584110737,
        "stdev": 0.636234223843,
        "var": 0.40479400754
    },
    "melbands_spread": {
        "dmean": 1.4185410738,
        "dmean2": 1.99369513988,
        "dvar": 11.3031377792,
        "dvar2": 12.0209474564,
        "max": 113.95627594,
        "mean": 9.24387645721,
        "median": 8.8170042038,
        "min": 2.40212845802,
        "stdev": 4.60505723953,
        "var": 21.2065525055
    },
    "pitch_salience": {
        "dmean": 0.0507579669356,
        "dmean2": 0.0765410363674,
        "dvar": 0.00173151306808,
        "dvar2": 0.00382787990384,
        "max": 0.867812991142,
        "mean": 0.64831340313,
        "median": 0.665509700775,
        "min": 0.20849815011,
        "stdev": 0.104856215417,
        "var": 0.0109948255122
    },
    "silence_rate_20dB": {
        "dmean": 0,
        "dmean2": 0,
        "dvar": 0,
        "dvar2": 0,
        "max": 1,
        "mean": 1,
        "median": 1,
        "min": 1,
        "stdev": 0,
        "var": 0
    },
    "silence_rate_30dB": {
        "dmean": 0.00662983441725,
        "dmean2": 0.0132743362337,
        "dvar": 0.00658583780751,
        "dvar2": 0.0219476036727,
        "max": 1,
        "mean": 0.996688723564,
        "median": 1,
        "min": 0,
        "stdev": 0.0574481971562,
        "var": 0.00330029521137
    },
    "silence_rate_60dB": {
        "dmean": 0.011049724184,
        "dmean2": 0.0221238937229,
        "dvar": 0.0109276017174,
        "dvar2": 0.0216344315559,
        "max": 1,
        "mean": 0.105960264802,
        "median": 0,
        "min": 0,
        "stdev": 0.307786941528,
        "var": 0.0947328060865
    },
    "spectral_centroid": {
        "dmean": 45.1474914551,
        "dmean2": 59.7854270935,
        "dvar": 108946.375,
        "dvar2": 107126.125,
        "max": 10633.8339844,
        "mean": 458.627838135,
        "median": 442.892272949,
        "min": 248.05166626,
        "stdev": 349.107452393,
        "var": 121876.007812
    },
    "spectral_complexity": {
        "dmean": 1.70165741444,
        "dmean2": 2.80530977249,
        "dvar": 1.93971025944,
        "dvar2": 5.55721950531,
        "max": 25,
        "mean": 14.9635763168,
        "median": 16,
        "min": 0,
        "stdev": 5.01496887207,
        "var": 25.1499118805
    },
    "spectral_decrease": {
        "dmean": 1.38261668781e-09,
        "dmean2": 1.93349047883e-09,
        "dvar": 2.35590861225e-18,
        "dvar2": 5.21418427643e-18,
        "max": -2.3188673499e-29,
        "mean": -8.07630762267e-09,
        "median": -7.56258522472e-09,
        "min": -2.82887757663e-08,
        "stdev": 5.59956303547e-09,
        "var": 3.13551082994e-17
    },
    "spectral_energy": {
        "dmean": 0.00535374879837,
        "dmean2": 0.00749357277527,
        "dvar": 3.51536655216e-05,
        "dvar2": 7.75611406425e-05,
        "max": 0.109642699361,
        "mean": 0.0315578840673,
        "median": 0.0295295268297,
        "min": 1.02521847563e-20,
        "stdev": 0.0218160748482,
        "var": 0.000475941109471
    },
    "spectral_energyband_high": {
        "dmean": 2.15474102561e-07,
        "dmean2": 3.28975943376e-07,
        "dvar": 1.45852717382e-13,
        "dvar2": 3.16941460056e-13,
        "max": 6.49258845442e-06,
        "mean": 8.19205240532e-07,
        "median": 5.18944034411e-07,
        "min": 7.62032869172e-21,
        "stdev": 9.51110678216e-07,
        "var": 9.04611509398e-13
    },
    "spectral_energyband_low": {
        "dmean": 0.00313387624919,
        "dmean2": 0.00456796400249,
        "dvar": 1.76006215042e-05,
        "dvar2": 4.34529029008e-05,
        "max": 0.0575182065368,
        "mean": 0.00837335642427,
        "median": 0.00596370641142,
        "min": 2.34839442309e-23,
        "stdev": 0.008595504798,
        "var": 7.38827075111e-05
    },
    "spectral_energyband_middle_high": {
        "dmean": 0.000785798707511,
        "dmean2": 0.00119243841618,
        "dvar": 8.99661529274e-07,
        "dvar2": 2.23255233323e-06,
        "max": 0.015678262338,
        "mean": 0.00297830533236,
        "median": 0.00250920373946,
        "min": 1.60670079881e-21,
        "stdev": 0.0024924450554,
        "var": 6.21228218733e-06
    },
    "spectral_energyband_middle_low": {
        "dmean": 0.0040737693198,
        "dmean2": 0.00560673745349,
        "dvar": 1.78710979526e-05,
        "dvar2": 3.64827246813e-05,
        "max": 0.0960481017828,
        "mean": 0.0221329964697,
        "median": 0.0200812667608,
        "min": 2.10331105394e-22,
        "stdev": 0.0163400378078,
        "var": 0.000266996823484
    },
    "spectral_entropy": {
        "dmean": 0.0873951390386,
        "dmean2": 0.124135479331,
        "dvar": 0.0135771268979,
        "dvar2": 0.0147298676893,
        "max": 9.80133628845,
        "mean": 6.17188310623,
        "median": 6.19430923462,
        "min": 5.36156320572,
        "stdev": 0.293281763792,
        "var": 0.0860141962767
    },
    "spectral_flux": {
        "dmean": 0.0108681498095,
        "dmean2": 0.0182898230851,
        "dvar": 0.00010533380555,
        "dvar2": 0.000325145141687,
        "max": 0.156957611442,
        "mean": 0.0595817379653,
        "median": 0.0613778047264,
        "min": 1.01253075369e-10,
        "stdev": 0.0268260855228,
        "var": 0.000719638832379
    },
    "spectral_kurtosis": {
        "dmean": 27.2752723694,
        "dmean2": 46.5712127686,
        "dvar": 575.336364746,
        "dvar2": 1648.65698242,
        "max": 241.456420898,
        "mean": 81.5988388062,
        "median": 75.7228622437,
        "min": -1.12084531784,
        "stdev": 45.1566848755,
        "var": 2039.1262207
    },
    "spectral_rms": {
        "dmean": 0.000453479355201,
        "dmean2": 0.000620962993708,
        "dvar": 1.69947369955e-07,
        "dvar2": 3.71680670241e-07,
        "max": 0.0103425569832,
        "mean": 0.00511528737843,
        "median": 0.00536742899567,
        "min": 3.16261470137e-12,
        "stdev": 0.00214987969957,
        "var": 4.62198295281e-06
    },
    "spectral_rolloff": {
        "dmean": 94.5793151855,
        "dmean2": 142.252441406,
        "dvar": 335073.3125,
        "dvar2": 340812.53125,
        "max": 18195.5566406,
        "mean": 659.923828125,
        "median": 645.99609375,
        "min": 129.19921875,
        "stdev": 605.879882812,
        "var": 367090.4375
    },
    "spectral_skewness": {
        "dmean": 1.40806651115,
        "dmean2": 2.4455871582,
        "dvar": 1.32374858856,
        "dvar2": 3.85824155807,
        "max": 12.5913610458,
        "mean": 6.14128112793,
        "median": 5.99764919281,
        "min": 0.0657287016511,
        "stdev": 2.04244661331,
        "var": 4.17158842087
    },
    "spectral_spread": {
        "dmean": 241412.46875,
        "dmean2": 375507.09375,
        "dvar": 1.36574913741e+12,
        "dvar2": 1.14385616896e+12,
        "max": 38527156,
        "mean": 1037102.25,
        "median": 859441.875,
        "min": 317520.1875,
        "stdev": 1370231.625,
        "var": 1.87753457254e+12
    },
    "spectral_strongpeak": {
        "dmean": 0.303921401501,
        "dmean2": 0.5235055089,
        "dvar": 0.136345341802,
        "dvar2": 0.333375096321,
        "max": 3.14163923264,
        "mean": 0.687055706978,
        "median": 0.506425619125,
        "min": 1.5640693185e-09,
        "stdev": 0.546689510345,
        "var": 0.298869401217
    },
    "zerocrossingrate": {
        "dmean": 0.00246406672522,
        "dmean2": 0.00293994997628,
        "dvar": 9.58508535405e-05,
        "dvar2": 7.86249220255e-05,
        "max": 0.49658203125,
        "mean": 0.0223531499505,
        "median": 0.02099609375,
        "min": 0.00537109375,
        "stdev": 0.0227983761579,
        "var": 0.000519765948411
    },
    "barkbands": {
        "dmean": [2.10993748624e-05, 0.000382704485673, 0.00213976413943, 0.00180864310823, 0.00183478882536, 0.00112966808956, 0.00167379179038, 0.000943603808992, 0.0008288337267, 0.000507456599735, 0.000439116935013, 0.000231481622905, 0.000177229114342, 7.29297025828e-05, 3.04057593894e-05, 1.00761972135e-05, 3.90669629269e-06, 1.84710188478e-06, 6.42096665615e-07, 2.35305662954e-07, 9.02078696186e-08, 4.44102354891e-08, 2.19858833361e-08, 1.66024118897e-08, 1.00203951803e-08, 3.97359922744e-09, 1.24408194857e-09],
        "dmean2": [3.66072090401e-05, 0.00055416073883, 0.00293766404502, 0.00311042321846, 0.0021195076406, 0.00157534575555, 0.0022358414717, 0.00141695211641, 0.00118783197831, 0.000708869600203, 0.000718391151167, 0.000380163051886, 0.000278524763416, 0.000121317018056, 4.98156914546e-05, 1.61557181855e-05, 6.70937197356e-06, 3.01172644868e-06, 1.043457587e-06, 3.78631369813e-07, 1.44177789707e-07, 7.09678928956e-08, 3.48613795609e-08, 2.6634166872e-08, 1.53985251217e-08, 6.43177466841e-09, 2.3116766279e-09],
        "dvar": [1.07220499146e-09, 2.30295029269e-07, 8.51373170008e-06, 6.77772231938e-06, 5.44000522495e-06, 1.9321767013e-06, 3.88840089727e-06, 1.29830482365e-06, 1.0703361113e-06, 4.05046591823e-07, 3.41380001601e-07, 1.02249835265e-07, 7.04066920321e-08, 1.4133002324e-08, 2.22833063113e-09, 2.05234218509e-10, 4.18034634686e-11, 1.24616419614e-11, 1.15084385164e-12, 1.62549878072e-13, 3.23842718592e-14, 1.29235467475e-14, 2.08317461927e-15, 1.54682139273e-15, 3.66947854701e-16, 1.10523274325e-16, 3.21742590562e-18],
        "dvar2": [3.22181281653e-09, 5.45390435036e-07, 1.8840737539e-05, 1.9648578018e-05, 5.95925530433e-06, 3.82467896998e-06, 7.5171037679e-06, 3.31653882313e-06, 2.11324208976e-06, 8.04767353202e-07, 8.80461641373e-07, 2.68763471922e-07, 1.96204652525e-07, 3.95167063516e-08, 6.16149709032e-09, 5.95305138518e-10, 1.2320303111e-10, 3.48800779926e-11, 3.0342599093e-12, 4.0762518686e-13, 7.24434414908e-14, 3.25053975707e-14, 4.82267144717e-15, 3.6719225547e-15, 8.02219292751e-16, 2.50756771906e-16, 1.04030444184e-17],
        "max": [0.000489044876304, 0.00951051432639, 0.0444748960435, 0.0320950895548, 0.0753517746925, 0.0162130370736, 0.0323418006301, 0.0127059007064, 0.0134456688538, 0.00823790766299, 0.00549082644284, 0.00453180354089, 0.00314506306313, 0.00126165221445, 0.000537528714631, 0.000211581020267, 7.64929282013e-05, 5.89935734752e-05, 1.82533767656e-05, 7.39261849958e-06, 4.10794427808e-06, 2.46745048571e-06, 9.26404993606e-07, 7.16006809398e-07, 3.8718295059e-07, 2.03997331027e-07, 1.42509009038e-08],
        "mean": [4.65980774607e-05, 0.00127208430786, 0.00527167320251, 0.00312127964571, 0.00726949796081, 0.00302680954337, 0.0040318230167, 0.00208430737257, 0.00231825676747, 0.00115642510355, 0.000817997439299, 0.00050893810112, 0.000377919554012, 0.000153004875756, 6.00411367486e-05, 2.46332201641e-05, 9.0359862952e-06, 4.69459291708e-06, 1.7663763856e-06, 6.2968894099e-07, 2.64533582595e-07, 1.14591408362e-07, 6.45018118917e-08, 5.43499290018e-08, 2.79138880899e-08, 7.07278413614e-09, 1.04394715095e-09],
        "median": [1.37033257488e-05, 0.000812634651083, 0.00260076997802, 0.00181426876225, 0.00445038033649, 0.00223347218707, 0.00272849947214, 0.00142312783282, 0.00164305593353, 0.000747137353756, 0.00054106884636, 0.000357055978384, 0.000251910882071, 8.80993611645e-05, 3.4369975765e-05, 1.63816002896e-05, 5.04510171595e-06, 2.07017046705e-06, 8.07029778116e-07, 3.51402377419e-07, 1.56490756353e-07, 6.34839523173e-08, 4.15621244088e-08, 3.5905387108e-08, 1.34076199032e-08, 7.7189021841e-10, 3.96181781825e-10],
        "min": [1.27226958257e-23, 5.92400303258e-24, 1.47425197421e-23, 3.28133122743e-24, 3.14809901031e-23, 5.71116299609e-23, 3.47730738991e-23, 3.50848096408e-23, 3.8706927596e-23, 1.76040779659e-23, 8.98874752866e-23, 1.16492187968e-22, 2.08642589648e-22, 1.00093934383e-22, 1.48454282249e-22, 1.6573101765e-22, 2.39924433393e-22, 1.47441851853e-22, 2.15028917235e-22, 2.93837964446e-22, 4.62611713271e-22, 4.82622779408e-22, 6.48537620581e-22, 6.63115012803e-22, 1.39070164577e-21, 1.65698433277e-21, 2.35406797383e-21],
        "stdev": [7.83928262535e-05, 0.00134499394335, 0.00664271600544, 0.00362817454152, 0.00912152882665, 0.00288066710345, 0.00420516170561, 0.00210053753108, 0.00226578302681, 0.0012172285933, 0.000908499583602, 0.000556797953323, 0.000420010299422, 0.000180935036042, 7.45158613427e-05, 2.81973207166e-05, 1.12424550025e-05, 6.78695141687e-06, 2.41208863372e-06, 8.70119606589e-07, 3.79114680982e-07, 1.66943493696e-07, 7.80583491178e-08, 6.62196342205e-08, 4.26684465538e-08, 1.7506204486e-08, 1.59973179148e-09],
        "var": [6.14543571587e-09, 1.80900860869e-06, 4.41256779595e-05, 1.31636497827e-05, 8.32022924442e-05, 8.2982423919e-06, 1.76833855221e-05, 4.41225756731e-06, 5.1337729019e-06, 1.48164542679e-06, 8.2537144408e-07, 3.10023949623e-07, 1.764086619e-07, 3.27374856113e-08, 5.55261392421e-09, 7.95088939132e-10, 1.26392785127e-10, 4.60627092025e-11, 5.81817146544e-12, 7.57108080656e-13, 1.43727938622e-13, 2.78701317395e-14, 6.09310609509e-15, 4.38504001651e-15, 1.82059631144e-15, 3.06467214108e-16, 2.55914192567e-18]
    },
    "erbbands": {
        "dmean": [0.00631925743073, 0.118603378534, 1.61053025723, 4.96748447418, 3.90706706047, 8.67071247101, 6.4868311882, 12.338555336, 22.8714427948, 18.3145294189, 18.9379367828, 21.549282074, 13.5945606232, 18.8207511902, 14.6699972153, 9.8334941864, 8.42166805267, 4.76941156387, 1.95526921749, 0.813756525517, 0.551223814487, 0.2064101547, 0.106997042894, 0.05103777349, 0.023008570075, 0.0121607771143, 0.00485817855224, 0.00268022995442, 0.001795007498, 0.000930386828259, 0.000604035332799, 0.000454677938251, 0.000265812763246, 0.00013882436906, 7.24583442206e-05, 2.63054025709e-05, 6.10270717516e-06, 9.6116059467e-07, 2.46941772275e-06, 5.90056924921e-06],
        "dmean2": [0.00924476701766, 0.163886368275, 2.0806081295, 8.08429718018, 5.51186752319, 8.89327907562, 9.19885349274, 17.1058197021, 29.78008461, 27.19780159, 28.6510295868, 30.1357555389, 21.2508029938, 27.538898468, 24.5886974335, 16.2851085663, 13.2979230881, 7.68018531799, 3.20625066757, 1.35320580006, 0.895974814892, 0.360684484243, 0.177754744887, 0.0821854919195, 0.038554918021, 0.0192522481084, 0.00775087438524, 0.00430410681292, 0.00287902541459, 0.00152808101848, 0.000964150007349, 0.000732890272047, 0.000425110716606, 0.000217101565795, 0.000112183515739, 4.06018589274e-05, 9.70289238467e-06, 1.72029763235e-06, 3.46079218616e-06, 8.26741870696e-06],
        "dvar": [0.000106162027805, 0.0205967314541, 4.11056995392, 51.2315406799, 19.3477611542, 151.260742188, 58.8496780396, 254.656219482, 723.800476074, 446.464752197, 669.673400879, 761.393493652, 342.188476562, 530.615844727, 409.106842041, 195.938705444, 166.702987671, 55.7850914001, 7.79381847382, 1.81888628006, 0.695668935776, 0.126966565847, 0.038922354579, 0.00695462711155, 0.00203715777025, 0.00050112727331, 6.62777601974e-05, 3.48431058228e-05, 2.053674325e-05, 5.35416074854e-06, 1.61087473316e-06, 1.31668741687e-06, 2.96868648775e-07, 6.77806326621e-08, 2.14289030964e-08, 6.90548507265e-09, 1.22799187485e-10, 2.63141852058e-12, 7.33439958073e-12, 4.24645388297e-11],
        "dvar2": [0.000243800546741, 0.0465008318424, 8.21887969971, 141.022415161, 42.1628875732, 126.177841187, 128.121658325, 495.012237549, 1243.90283203, 929.042297363, 1949.328125, 1476.33764648, 739.775390625, 1175.07226562, 1111.06335449, 508.20199585, 463.810302734, 158.689682007, 21.1884651184, 5.22738170624, 2.04787063599, 0.375656098127, 0.112456068397, 0.0179331656545, 0.00559346703812, 0.00114169891458, 0.000172881307662, 6.98131625541e-05, 5.1604143664e-05, 1.20162858366e-05, 4.18885474573e-06, 3.37930168826e-06, 6.82653762851e-07, 1.61575457014e-07, 4.62676510438e-08, 1.59178981107e-08, 2.76091621787e-10, 7.87255156898e-12, 1.61889113226e-11, 9.34020985555e-11],
        "max": [0.171704411507, 2.61039829254, 36.1248626709, 64.000289917, 77.19090271, 449.147186279, 111.489364624, 200.896453857, 455.720092773, 244.99357605, 286.842041016, 353.026245117, 266.875732422, 274.907104492, 229.065795898, 205.817459106, 159.17477417, 76.5246582031, 35.9270248413, 17.4230213165, 12.331407547, 4.93027973175, 3.28481459618, 1.63209676743, 0.848428308964, 0.494661957026, 0.160768955946, 0.14985691011, 0.0959829688072, 0.0415110811591, 0.0268848650157, 0.0197813808918, 0.0122241741046, 0.00547837791964, 0.00242856354453, 0.00177467707545, 0.000157569826115, 2.81536576949e-05, 5.03377232235e-05, 0.000120933131257],
        "mean": [0.0281477980316, 0.412495583296, 4.90260982513, 9.26904010773, 12.88002491, 33.9142189026, 18.6878166199, 31.3654155731, 56.4842338562, 48.0875701904, 44.6293449402, 59.5333557129, 34.6064338684, 41.7537727356, 30.4919662476, 22.3619117737, 19.0563774109, 10.5803575516, 4.44562768936, 2.00996446609, 1.29371523857, 0.547236919403, 0.28982937336, 0.150040701032, 0.0652487799525, 0.0329368487, 0.0147753274068, 0.00799076631665, 0.00455493386835, 0.00257521611638, 0.00176450761501, 0.00131184002385, 0.000828017480671, 0.000406300619943, 0.000184129181434, 6.52847884339e-05, 1.79983744601e-05, 2.37139443016e-06, 1.49202614921e-05, 3.51529706677e-05],
        "median": [0.0107536930591, 0.275858700275, 2.62798166275, 6.29963445663, 9.02055358887, 18.1406898499, 13.8389434814, 20.4509048462, 39.5308952332, 36.5020675659, 29.3101463318, 41.176109314, 25.3226318359, 28.8042869568, 21.8058204651, 15.1643791199, 12.8385896683, 6.27997970581, 2.7783203125, 1.2914891243, 0.831141710281, 0.31850361824, 0.142461031675, 0.069555900991, 0.0292148478329, 0.0181945953518, 0.00908289849758, 0.00482030119747, 0.00246086809784, 0.00150231993757, 0.00117400160525, 0.000900477985851, 0.000534068676643, 0.000225367752137, 8.43798479764e-05, 2.48062387982e-05, 1.25817314256e-05, 2.02698265639e-06, 1.39248259075e-05, 3.27912021021e-05],
        "min": [1.74411100314e-22, 1.57208724836e-21, 1.25013688134e-20, 1.5169792885e-20, 3.92489348903e-20, 1.43142648575e-19, 3.62744211957e-19, 4.42201346291e-19, 5.82072056104e-19, 5.15946255659e-19, 7.58969127893e-19, 7.91997002186e-19, 7.1882160667e-19, 1.1040711542e-18, 4.78131900752e-18, 5.23635106248e-18, 8.49234488455e-18, 4.74544914743e-18, 8.88638725859e-18, 8.53187501884e-18, 9.50151598521e-18, 1.20174189055e-17, 8.65401981681e-18, 9.70039336552e-18, 1.34145691463e-17, 1.30905343762e-17, 1.52536273945e-17, 1.96300067506e-17, 1.88866642018e-17, 1.96842267854e-17, 1.64710685113e-17, 1.39643257891e-17, 1.19726767062e-17, 1.44691557713e-17, 1.03194718796e-17, 5.95458661169e-18, 3.39762740886e-18, 1.27469318216e-18, 3.49217766839e-19, 3.07224540713e-20],
        "stdev": [0.0371153093874, 0.406262516975, 5.91379737854, 10.1113576889, 12.6162099838, 51.569026947, 17.4985256195, 32.769657135, 58.8868026733, 43.8071289062, 46.7881584167, 59.6316719055, 34.078742981, 41.2759208679, 32.142375946, 24.7983570099, 20.5800991058, 12.1558675766, 4.9755821228, 2.29238510132, 1.50457417965, 0.674829006195, 0.391169726849, 0.205703124404, 0.0952569171786, 0.0461138859391, 0.0199469588697, 0.0119308587164, 0.00667882105336, 0.00352404499426, 0.00207721302286, 0.00162778655067, 0.00100238970481, 0.00055275746854, 0.000285044749035, 0.000129193082103, 2.02817718673e-05, 1.93601886167e-06, 1.02239700936e-05, 2.4221944841e-05],
        "var": [0.00137754622847, 0.165049225092, 34.9729995728, 102.239555359, 159.168746948, 2659.36450195, 306.198425293, 1073.85046387, 3467.65551758, 1919.06445312, 2189.13183594, 3555.9362793, 1161.3605957, 1703.70166016, 1033.13232422, 614.958496094, 423.540466309, 147.765106201, 24.7564163208, 5.25502920151, 2.26374340057, 0.455394208431, 0.153013750911, 0.0423137769103, 0.00907388050109, 0.00212649046443, 0.000397881201934, 0.000142345379572, 4.46066478617e-05, 1.24188927657e-05, 4.31481430496e-06, 2.64968912234e-06, 1.00478519016e-06, 3.05540794443e-07, 8.12505049907e-08, 1.66908513677e-08, 4.11350287166e-10, 3.74816887597e-12, 1.0452955862e-10, 5.86702575411e-10]
    },
    "gfcc": {
        "mean": [-144.837493896, 246.175506592, -110.951324463, -35.7592048645, -41.8119888306, -5.41952371597, -21.8751869202, -17.1050891876, -10.4229784012, -18.3143482208, -2.40371847153, -19.0246753693, -4.10763597488],
        "cov": [[7267.32275391, 958.984558105, -878.069213867, 45.3800086975, 548.766723633, -189.744628906, -42.6093330383, 71.9686355591, -22.2773532867, -31.5037136078, 183.375137329, -28.3850917816, 152.364059448], [958.984558105, 729.261474609, -74.1075286865, -275.993469238, 270.078582764, -199.804138184, 35.9707260132, -114.557723999, 81.5944900513, -107.439727783, 74.4591140747, -41.553440094, 5.47489547729], [-878.069213867, -74.1075286865, 479.549835205, 82.7450637817, -100.824272156, 123.599220276, 10.4627494812, 1.09391486645, 24.3755931854, 31.9871482849, -32.5806274414, 5.17560768127, -27.6335048676], [45.3800086975, -275.993469238, 82.7450637817, 315.021606445, -69.3215179443, 131.427032471, 17.8033123016, 61.2401580811, -12.5073757172, 58.8667297363, -9.69994258881, 12.6352682114, 21.5103607178], [548.766723633, 270.078582764, -100.824272156, -69.3215179443, 240.284393311, -75.8227310181, 11.3659334183, -14.2500705719, 15.8630456924, -42.9263801575, 37.7856140137, -11.4696741104, 9.16885852814], [-189.744628906, -199.804138184, 123.599220276, 131.427032471, -75.8227310181, 192.410400391, 3.6192984581, 47.6562423706, -13.5308132172, 40.7062721252, -12.4214696884, 19.9923419952, 19.5529632568], [-42.6093330383, 35.9707260132, 10.4627494812, 17.8033123016, 11.3659334183, 3.6192984581, 64.5405807495, 3.30072259903, 20.1526737213, -1.96308410168, 6.18473100662, -0.0957425758243, -0.343863457441], [71.9686355591, -114.557723999, 1.09391486645, 61.2401580811, -14.2500705719, 47.6562423706, 3.30072259903, 81.3056182861, -0.240081712604, 31.5690345764, -8.66404247284, 7.35073757172, 1.56969690323], [-22.2773532867, 81.5944900513, 24.3755931854, -12.5073757172, 15.8630456924, -13.5308132172, 20.1526737213, -0.240081712604, 59.1021766663, 6.04849290848, 14.734837532, -7.70468568802, -2.86807107925], [-31.5037136078, -107.439727783, 31.9871482849, 58.8667297363, -42.9263801575, 40.7062721252, -1.96308410168, 31.5690345764, 6.04849290848, 61.3699913025, -0.228309005499, 12.8722047806, -0.627281010151], [183.375137329, 74.4591140747, -32.5806274414, -9.69994258881, 37.7856140137, -12.4214696884, 6.18473100662, -8.66404247284, 14.734837532, -0.228309005499, 48.8996887207, 7.00927829742, 14.9572935104], [-28.3850917816, -41.553440094, 5.17560768127, 12.6352682114, -11.4696741104, 19.9923419952, -0.0957425758243, 7.35073757172, -7.70468568802, 12.8722047806, 7.00927829742, 33.736656189, 12.8285541534], [152.364059448, 5.47489547729, -27.6335048676, 21.5103607178, 9.16885852814, 19.5529632568, -0.343863457441, 1.56969690323, -2.86807107925, -0.627281010151, 14.9572935104, 12.8285541534, 46.9398956299]],
        "icov": [[0.000550932018086, -0.00239178235643, 0.00117219763342, -0.00146971247159, 0.000718247669283, -0.000496429973282, 0.00119199731853, -0.00176396418829, 0.00203805463389, -0.00147605198435, 0.000317023281241, -0.000245504023042, 5.93412914895e-05], [-0.00239178235643, 0.017748773098, -0.00651773205027, 0.00979522895068, -0.00822459440678, 0.0040815169923, -0.00729500688612, 0.0116198202595, -0.0140910632908, 0.00944367796183, -0.00543129630387, 0.00507297972217, -0.00355844851583], [0.00117219763342, -0.00651773205027, 0.00599553622305, -0.00411914149299, 0.00289065903053, -0.00381739181466, 0.00313894590363, -0.00265644490719, 0.00280765048228, -0.00368019286543, 0.00311030563898, -0.00244529708289, 0.00330941029824], [-0.00146971247159, 0.00979522895068, -0.00411914149299, 0.0108839152381, -0.00405117170885, 0.000108222571725, -0.00615519471467, 0.00500069418922, -0.00588907999918, 0.00193383148871, -0.00285600428469, 0.00486887339503, -0.00400505959988], [0.000718247669283, -0.00822459440678, 0.00289065903053, -0.00405117170885, 0.010634932667, -0.000642188708298, 0.0025060325861, -0.00690297130495, 0.00579709652811, -0.000290984142339, -0.000992197077721, -0.00200308766216, 0.00183937198017], [-0.000496429973282, 0.0040815169923, -0.00381739181466, 0.000108222571725, -0.000642188708298, 0.0115355663002, -0.00212084432133, -0.00116229988635, -0.000676133320667, 0.00118952721823, -0.00154690735508, 0.000106249266537, -0.00537950312719], [0.00119199731853, -0.00729500688612, 0.00313894590363, -0.00615519471467, 0.0025060325861, -0.00212084432133, 0.021823156625, -0.00538922892883, -0.00150787679013, -0.000112575304229, 0.00149115046952, -0.00459247082472, 0.0030705910176], [-0.00176396418829, 0.0116198202595, -0.00265644490719, 0.00500069418922, -0.00690297130495, -0.00116229988635, -0.00538922892883, 0.026660759002, -0.0111794061959, -0.00112351495773, 0.00182049104478, 0.00147864816245, -0.000265797338216], [0.00203805463389, -0.0140910632908, 0.00280765048228, -0.00588907999918, 0.00579709652811, -0.000676133320667, -0.00150787679013, -0.0111794061959, 0.0366314761341, -0.0139262918383, -0.00401548109949, 0.00513903936371, 0.000818919041194], [-0.00147605198435, 0.00944367796183, -0.00368019286543, 0.00193383148871, -0.000290984142339, 0.00118952721823, -0.000112575304229, -0.00112351495773, -0.0139262918383, 0.0345226638019, -0.00638343440369, -0.00677419453859, 0.00373094133101], [0.000317023281241, -0.00543129630387, 0.00311030563898, -0.00285600428469, -0.000992197077721, -0.00154690735508, 0.00149115046952, 0.00182049104478, -0.00401548109949, -0.00638343440369, 0.033567391336, -0.00920606777072, -0.00497835455462], [-0.000245504023042, 0.00507297972217, -0.00244529708289, 0.00486887339503, -0.00200308766216, 0.000106249266537, -0.00459247082472, 0.00147864816245, 0.00513903936371, -0.00677419453859, -0.00920606777072, 0.0433485209942, -0.0118916807696], [5.93412914895e-05, -0.00355844851583, 0.00330941029824, -0.00400505959988, 0.00183937198017, -0.00537950312719, 0.0030705910176, -0.000265797338216, 0.000818919041194, 0.00373094133101, -0.00497835455462, -0.0118916807696, 0.0321589931846]]
    },
    "melbands": {
        "dmean": [7.25211793906e-05, 0.000625283399131, 0.000753752130549, 0.000433228706243, 0.000240871348069, 0.000248141092015, 0.000360936275683, 0.00019473717839, 0.000152647291543, 0.000136194517836, 6.82003155816e-05, 8.02456706879e-05, 5.23837552464e-05, 2.80147269223e-05, 2.26109186769e-05, 1.58962120622e-05, 9.05385513761e-06, 3.31136993736e-06, 1.62617334354e-06, 7.68771144521e-07, 6.73210877267e-07, 2.49542807751e-07, 1.44286630643e-07, 9.68489217712e-08, 4.25073025667e-08, 2.2619097706e-08, 1.20708323337e-08, 8.25125745507e-09, 3.55594109713e-09, 2.61252508515e-09, 1.44805900604e-09, 1.19823839739e-09, 7.72853836484e-10, 4.96637175829e-10, 3.71203734417e-10, 3.90179388798e-10, 2.77944389726e-10, 2.13059958565e-10, 1.72859254688e-10, 1.2156080309e-10],
        "dmean2": [0.000104017242847, 0.000840707158204, 0.00123329181224, 0.000471988110803, 0.000327014597133, 0.000342472951161, 0.000472880870802, 0.00029011775041, 0.000231363475905, 0.000191234998056, 0.000106389146822, 0.000116831120977, 8.63733876031e-05, 4.55958106613e-05, 3.64125735359e-05, 2.45685860136e-05, 1.48443450598e-05, 5.53287918592e-06, 2.68936469183e-06, 1.27328200961e-06, 1.10033533929e-06, 4.37640551354e-07, 2.49684433129e-07, 1.61913334296e-07, 6.95685571372e-08, 3.76701869698e-08, 1.98286524977e-08, 1.34215047964e-08, 5.78464431911e-09, 4.22809609546e-09, 2.37246378099e-09, 1.94726923475e-09, 1.25115573457e-09, 8.09274258717e-10, 6.07135564046e-10, 6.48457676444e-10, 4.63639293624e-10, 3.45550532632e-10, 2.7461022345e-10, 1.94316382429e-10],
        "dvar": [9.67985069877e-09, 6.3448982246e-07, 1.1275686802e-06, 3.15759621117e-07, 8.201239865e-08, 9.95347093635e-08, 1.80604772027e-07, 5.16315772359e-08, 4.62834357506e-08, 3.06421696905e-08, 8.4646467613e-09, 9.81089254282e-09, 4.78706052576e-09, 1.25380150706e-09, 1.09779529911e-09, 4.71569117089e-10, 2.14185488789e-10, 2.17669077207e-11, 6.41886457181e-12, 1.24864474229e-12, 1.10489807408e-12, 1.83593551061e-13, 6.35950846021e-14, 4.07992697515e-14, 4.66073653535e-15, 1.9121902192e-15, 4.29072242138e-16, 2.41812818667e-16, 3.26246584861e-17, 4.66695897172e-17, 6.4837824396e-18, 7.96833341112e-18, 4.69888880511e-18, 1.33372461638e-18, 4.50885140061e-19, 8.97991512288e-19, 4.57574911566e-19, 1.55767996737e-19, 1.45106039307e-19, 4.4018193346e-20],
        "dvar2": [2.18785878303e-08, 1.36951859986e-06, 3.09467418447e-06, 2.95574466236e-07, 1.47434860764e-07, 1.92907791075e-07, 3.24210020608e-07, 1.06812670708e-07, 1.39402388299e-07, 5.98031704158e-08, 1.83455277636e-08, 2.14526050257e-08, 1.30116637465e-08, 3.30488569844e-09, 3.00260571962e-09, 1.33929878299e-09, 6.01875826955e-10, 5.88979767735e-11, 1.74757586874e-11, 3.61883613353e-12, 3.22519029712e-12, 5.4086715575e-13, 1.88273116715e-13, 1.14410176754e-13, 1.22913628602e-14, 5.06533833974e-15, 1.13320991063e-15, 5.63408464729e-16, 9.00882868353e-17, 9.35473311638e-17, 1.52050305335e-17, 2.01735355506e-17, 1.21865409448e-17, 3.13206810423e-18, 1.19352918648e-18, 2.4457178861e-18, 1.1748149489e-18, 3.7026987532e-19, 3.26624310684e-19, 1.12813076214e-19],
        "max": [0.00179702253081, 0.0131395366043, 0.0114122768864, 0.0187998507172, 0.0061654294841, 0.00407507456839, 0.00722861895338, 0.00277674268, 0.00255300989375, 0.00225480715744, 0.00132985308301, 0.00121466175187, 0.000679482007399, 0.000525661977008, 0.000426022190368, 0.000283655914245, 0.000147442260641, 5.73309298488e-05, 2.78444495052e-05, 1.33829216793e-05, 1.54945846589e-05, 5.73262241232e-06, 3.02555531562e-06, 3.43046554008e-06, 1.07427104012e-06, 7.86232135397e-07, 3.44617973269e-07, 3.17566673402e-07, 1.048513667e-07, 1.92418710299e-07, 4.28855955192e-08, 5.52551071564e-08, 4.52555575237e-08, 1.9052489364e-08, 1.20497505307e-08, 1.94946192522e-08, 1.08107567343e-08, 7.94821719552e-09, 8.67798011228e-09, 2.9171109972e-09],
        "mean": [0.000285262067337, 0.00184583605733, 0.00164113205392, 0.00175054022111, 0.000824600458145, 0.000639615464024, 0.000888909737114, 0.000495434447657, 0.000367288157577, 0.000360993930371, 0.000165096105775, 0.000170289829839, 0.00010334939725, 6.72869937262e-05, 4.87171928398e-05, 3.46545421053e-05, 1.78712816705e-05, 7.19730587662e-06, 3.57703970622e-06, 1.83901045148e-06, 1.41897226058e-06, 5.67910603877e-07, 3.21931764802e-07, 2.22317339649e-07, 1.10829859068e-07, 5.67776545779e-08, 2.98985050051e-08, 1.96564293731e-08, 9.44768707711e-09, 6.80240264117e-09, 3.77705511312e-09, 2.72766964571e-09, 1.79713643966e-09, 1.26276289425e-09, 1.00266528413e-09, 9.30293619916e-10, 7.29418137002e-10, 5.87592696721e-10, 4.49968673433e-10, 2.88850388053e-10],
        "median": [0.000158203867613, 0.00112541136332, 0.00122165714856, 0.00102903065272, 0.000569597119465, 0.000432428932982, 0.000632527051494, 0.000372963375412, 0.000235376079218, 0.000247484247666, 0.000119202319183, 0.000114930415293, 7.10052918294e-05, 5.01662871102e-05, 3.34026990458e-05, 2.29259931075e-05, 1.05029102997e-05, 4.45660862169e-06, 2.20697165787e-06, 1.16225828606e-06, 8.59156614297e-07, 3.10154064209e-07, 1.58584015253e-07, 8.98137244576e-08, 4.97189418525e-08, 2.39259065893e-08, 1.43954732579e-08, 1.06996465021e-08, 5.30859312065e-09, 3.66299590659e-09, 2.27217622495e-09, 1.4531702508e-09, 9.75197478326e-10, 7.43076933318e-10, 6.33591679122e-10, 6.13905759561e-10, 4.72579031463e-10, 3.80432130243e-10, 2.45949594024e-10, 1.44013315162e-10],
        "min": [1.87871701364e-24, 4.9418585838e-24, 3.50556770075e-24, 5.54809306187e-24, 1.20921624596e-23, 1.04441515648e-23, 7.84580072633e-24, 5.68133837408e-24, 7.26624355192e-24, 4.65603495075e-24, 3.37302605247e-24, 3.20569761042e-24, 1.56430170872e-23, 1.10459001853e-23, 2.3461468006e-23, 1.41876744245e-23, 8.1571664922e-24, 1.5721147449e-23, 8.91158020827e-24, 1.2732239465e-23, 1.08578436341e-23, 1.21931303446e-23, 9.45429521182e-24, 8.12095935437e-24, 7.21557501598e-24, 1.00308168495e-23, 1.00284045128e-23, 7.82265791395e-24, 9.68368018584e-24, 8.72695914632e-24, 1.21126759986e-23, 1.14358980285e-23, 8.82849264457e-24, 1.27776833751e-23, 9.95389028943e-24, 8.45504589204e-24, 8.34097187198e-24, 8.41578744023e-24, 9.58748254275e-24, 1.30506923572e-23],
