{
"metadata": {
    "version": {
        "essentia": "2.1-beta6-dev",
        "essentia_git_sha": "v2.1_beta5-778-gc9eadba6",
        "extractor": "music 2.0"
    },
    "audio_properties": {
        "analysis": {
            "equal_loudness": 0,
            "length": 9.99997711182,
            "sample_rate": 44100,
            "start_time": 0,
            "downmix": "mix"
        },
        "bit_rate": 128000,
        "length": 10,
        "lossless": 0,
        "number_channels": 2,
        "replay_gain": -2.70671653748,
        "sample_rate": 48000,
        "codec": "mp3",
        "md5_encoded": "2a93c1f3254625ae74bfb3def9a2cbdf"
    },
    "tags": {
        "file_name": "eriknielsen-sketchesiiistaccato.mp3",
        "encoding": ["Lavf59.16.100"]
    }
},
"lowlevel": {
    "average_loudness": 0.937955856323,
    "barkbands_crest": {
        "dmean": 2.89399504662,
        "dmean2": 4.80950737,
        "dvar": 6.38709211349,
        "dvar2": 18.2591266632,
        "max": 24.7040233612,
        "mean": 14.9508523941,
        "median": 14.5953865051,
        "min": 4.70083904266,
        "stdev": 5.12343835831,
        "var": 26.2496185303
    },
    "barkbands_flatness_db": {
        "dmean": 0.030643036589,
        "dmean2": 0.0520169511437,
        "dvar": 0.000754721695557,
        "dvar2": 0.00229463726282,
        "max": 0.493478745222,
        "mean": 0.371301829815,
        "median": 0.393774986267,
        "min": 0.0607003048062,
        "stdev": 0.091573394835,
        "var": 0.00838568713516
    },
    "barkbands_kurtosis": {
        "dmean": 4.74317121506,
        "dmean2": 7.89313364029,
        "dvar": 32.1479530334,
        "dvar2": 96.0823059082,
        "max": 49.732673645,
        "mean": 8.85357570648,
        "median": 6.60279083252,
        "min": -1.86466407776,
        "stdev": 8.25448608398,
        "var": 68.1365432739
    },
    "barkbands_skewness": {
        "dmean": 0.714381456375,
        "dmean2": 1.14340353012,
        "dvar": 0.443294793367,
        "dvar2": 1.2498370409,
        "max": 5.77102422714,
        "mean": 2.09362983704,
        "median": 2.04870080948,
        "min": -2.18164610863,
        "stdev": 1.30739283562,
        "var": 1.70927608013
    },
    "barkbands_spread": {
        "dmean": 1.33950769901,
        "dmean2": 2.03765416145,
        "dvar": 17.0560016632,
        "dvar2": 27.2471923828,
        "max": 123.391723633,
        "mean": 5.09182739258,
        "median": 2.57877779007,
        "min": 0.538803100586,
        "stdev": 11.8007307053,
        "var": 139.257247925
    },
    "dissonance": {
        "dmean": 0.0486325621605,
        "dmean2": 0.0807410031557,
        "dvar": 0.00152125908062,
        "dvar2": 0.00453034462407,
        "max": 0.499801874161,
        "mean": 0.383968681097,
        "median": 0.384896039963,
        "min": 0.22267536819,
        "stdev": 0.0617100149393,
        "var": 0.00380812585354
    },
    "dynamic_complexity": 9.71008682251,
    "erbbands_crest": {
        "dmean": 3.20327234268,
        "dmean2": 5.33955192566,
        "dvar": 9.40455818176,
        "dvar2": 31.7069015503,
        "max": 25.0457515717,
        "mean": 13.7477788925,
        "median": 13.4430589676,
        "min": 2.76492714882,
        "stdev": 4.93869829178,
        "var": 24.3907394409
    },
    "erbbands_flatness_db": {
        "dmean": 0.0208273921162,
        "dmean2": 0.0340619981289,
        "dvar": 0.000381930614822,
        "dvar2": 0.00103181262966,
        "max": 0.490812927485,
        "mean": 0.388618648052,
        "median": 0.415581732988,
        "min": 0.046753026545,
        "stdev": 0.0941455811262,
        "var": 0.00886339042336
    },
    "erbbands_kurtosis": {
        "dmean": 1.83605456352,
        "dmean2": 3.08634972572,
        "dvar": 3.99447727203,
        "dvar2": 11.6297216415,
        "max": 19.0199871063,
        "mean": 3.0656671524,
        "median": 1.90572023392,
        "min": -1.47819471359,
        "stdev": 3.27709245682,
        "var": 10.7393350601
    },
    "erbbands_skewness": {
        "dmean": 0.47715434432,
        "dmean2": 0.761318564415,
        "dvar": 0.192958652973,
        "dvar2": 0.512068748474,
        "max": 3.6877784729,
        "mean": 1.25318932533,
        "median": 1.27751517296,
        "min": -0.965931892395,
        "stdev": 0.871759355068,
        "var": 0.75996440649
    },
    "erbbands_spread": {
        "dmean": 2.07233214378,
        "dmean2": 3.23631954193,
        "dvar": 11.7029857635,
        "dvar2": 19.2123508453,
        "max": 121.300437927,
        "mean": 10.4320878983,
        "median": 7.36396503448,
        "min": 2.3700864315,
        "stdev": 13.1263713837,
        "var": 172.301620483
    },
    "hfc": {
        "dmean": 2.75728678703,
        "dmean2": 3.79024600983,
        "dvar": 22.780128479,
        "dvar2": 41.7521133423,
        "max": 55.9921531677,
        "mean": 5.49198293686,
        "median": 1.78062295914,
        "min": 1.10142638894e-16,
        "stdev": 8.38416576385,
        "var": 70.2942276001
    },
    "loudness_ebu128": {
        "integrated": -22.4569759369,
        "loudness_range": 3.33374977112,
        "momentary": {
            "dmean": 2.7702293396,
            "dmean2": 3.39976477623,
            "dvar": 20.9557933807,
            "dvar2": 27.0627651215,
            "max": -17.9808120728,
            "mean": -28.2559700012,
            "median": -23.9694194794,
            "min": -94.894493103,
            "stdev": 14.8979578018,
            "var": 221.949157715
        },
        "short_term": {
            "dmean": 0.17345649004,
            "dmean2": 0.232838317752,
            "dvar": 0.0292368512601,
            "dvar2": 0.0530736669898,
            "max": -21.132440567,
            "mean": -23.126947403,
            "median": -23.4259166718,
            "min": -25.1982517242,
            "stdev": 1.1726000309,
            "var": 1.37499094009
        }
    },
    "melbands_crest": {
        "dmean": 3.48443961143,
        "dmean2": 5.59909248352,
        "dvar": 9.841132164,
        "dvar2": 28.2198429108,
        "max": 28.6430034637,
        "mean": 16.3077793121,
        "median": 16.4207077026,
        "min": 1.74910473824,
        "stdev": 5.88428068161,
        "var": 34.6247596741
    },
    "melbands_flatness_db": {
        "dmean": 0.0317875407636,
        "dmean2": 0.0537614263594,
        "dvar": 0.000789414159954,
        "dvar2": 0.00238716905005,
        "max": 0.594475150108,
        "mean": 0.459849208593,
        "median": 0.48553326726,
        "min": 0.00322327157483,
        "stdev": 0.108249485493,
        "var": 0.0117179518566
    },
    "melbands_kurtosis": {
        "dmean": 4.71079826355,
        "dmean2": 7.7652888298,
        "dvar": 26.3291950226,
        "dvar2": 75.3269500732,
        "max": 43.9912796021,
        "mean": 8.94386672974,
        "median": 7.11027193069,
        "min": -1.27993309498,
        "stdev": 8.09082126617,
        "var": 65.4613876343
    },
    "melbands_skewness": {
        "dmean": 0.636445701122,
        "dmean2": 1.00404596329,
        "dvar": 0.300940871239,
        "dvar2": 0.82603341341,
        "max": 5.04633665085,
        "mean": 1.95977532864,
        "median": 1.87908864021,
        "min": -0.537613093853,
        "stdev": 1.04363560677,
        "var": 1.0891752243
    },
    "melbands_spread": {
        "dmean": 1.6519036293,
        "dmean2": 2.63184022903,
        "dvar": 18.9740982056,
        "dvar2": 29.8864097595,
        "max": 150.468002319,
        "mean": 8.01547622681,
        "median": 4.08389759064,
        "min": 0.857670128345,
        "stdev": 20.8384990692,
        "var": 434.243041992
    },
    "pitch_salience": {
        "dmean": 0.0787560790777,
        "dmean2": 0.132688984275,
        "dvar": 0.00404524011537,
        "dvar2": 0.0127241490409,
        "max": 0.875882148743,
        "mean": 0.54299145937,
        "median": 0.550896763802,
        "min": 0.204220741987,
        "stdev": 0.115269288421,
        "var": 0.0132870096713
    },
    "silence_rate_20dB": {
        "dmean": 0,
        "dmean2": 0,
        "dvar": 0,
        "dvar2": 0,
        "max": 1,
        "mean": 1,
        "median": 1,
        "min": 1,
        "stdev": 0,
        "var": 0
    },
    "silence_rate_30dB": {
        "dmean": 0.00464037107304,
        "dmean2": 0.00930232554674,
        "dvar": 0.00461884681135,
        "dvar2": 0.0138669088483,
        "max": 1,
        "mean": 0.997685194016,
        "median": 1,
        "min": 0,
        "stdev": 0.0480568185449,
        "var": 0.00230945763178
    },
    "silence_rate_60dB": {
        "dmean": 0.078886307776,
        "dmean2": 0.158139541745,
        "dvar": 0.0726634263992,
        "dvar2": 0.137782737613,
        "max": 1,
        "mean": 0.442129641771,
        "median": 0,
        "min": 0,
        "stdev": 0.49664029479,
        "var": 0.246651574969
    },
    "spectral_centroid": {
        "dmean": 67.8873138428,
        "dmean2": 109.999465942,
        "dvar": 118639.078125,
        "dvar2": 219367.625,
        "max": 11790.7978516,
        "mean": 706.189331055,
        "median": 438.10723877,
        "min": 310.956665039,
        "stdev": 1552.3404541,
        "var": 2409760.75
    },
    "spectral_complexity": {
        "dmean": 1.32714617252,
        "dmean2": 1.88372087479,
        "dvar": 2.91618132591,
        "dvar2": 4.09812021255,
        "max": 20,
        "mean": 6.04398155212,
        "median": 6,
        "min": 0,
        "stdev": 4.59774637222,
        "var": 21.1392726898
    },
    "spectral_decrease": {
        "dmean": 1.66270364144e-09,
        "dmean2": 2.36747021987e-09,
        "dvar": 7.72818633568e-18,
        "dvar2": 1.56619270536e-17,
        "max": 1.62228349601e-28,
        "mean": -3.23196025498e-09,
        "median": -1.01666286501e-09,
        "min": -3.06487741852e-08,
        "stdev": 4.78191131137e-09,
        "var": 2.2866675152e-17
    },
    "spectral_energy": {
        "dmean": 0.00652471883222,
        "dmean2": 0.00927754957229,
        "dvar": 0.000119214797451,
        "dvar2": 0.000240555193159,
        "max": 0.120754212141,
        "mean": 0.0126963043585,
        "median": 0.00399585347623,
        "min": 1.02678301021e-20,
        "stdev": 0.0188045557588,
        "var": 0.000353611307219
    },
    "spectral_energyband_high": {
        "dmean": 4.95569850045e-07,
        "dmean2": 7.06122420979e-07,
        "dvar": 5.37502117468e-12,
        "dvar2": 1.281449339e-11,
        "max": 3.07828595396e-05,
        "mean": 8.70945484621e-07,
        "median": 2.60941170893e-08,
        "min": 7.39741563354e-21,
        "stdev": 3.20691401612e-06,
        "var": 1.0284297719e-11
    },
    "spectral_energyband_low": {
        "dmean": 1.697136031e-05,
        "dmean2": 2.28581648116e-05,
        "dvar": 2.19539808555e-09,
        "dvar2": 3.11578318701e-09,
        "max": 0.00123761792202,
        "mean": 3.02199368889e-05,
        "median": 6.98361236573e-06,
        "min": 4.21671492053e-23,
        "stdev": 0.000100770994322,
        "var": 1.01547934506e-08
    },
    "spectral_energyband_middle_high": {
        "dmean": 0.000262640212895,
        "dmean2": 0.00029659201391,
        "dvar": 2.93608025004e-07,
        "dvar2": 3.92611894995e-07,
        "max": 0.00701682083309,
        "mean": 0.000606234825682,
        "median": 0.000141809810884,
        "min": 1.23642347483e-21,
        "stdev": 0.00109588191845,
        "var": 1.20095705824e-06
    },
    "spectral_energyband_middle_low": {
        "dmean": 0.00637283036485,
        "dmean2": 0.00917082093656,
        "dvar": 0.000113920563308,
        "dvar2": 0.000235917701502,
        "max": 0.116004250944,
        "mean": 0.012116109021,
        "median": 0.00364235928282,
        "min": 1.85425277247e-22,
        "stdev": 0.018044937402,
        "var": 0.000325619796058
    },
    "spectral_entropy": {
        "dmean": 0.197212070227,
        "dmean2": 0.321326494217,
        "dvar": 0.0357721783221,
        "dvar2": 0.107298366725,
        "max": 9.81015777588,
        "mean": 5.86578607559,
        "median": 5.67798519135,
        "min": 4.9460773468,
        "stdev": 0.817967712879,
        "var": 0.669071137905
    },
    "spectral_flux": {
        "dmean": 0.0163322687149,
        "dmean2": 0.0265390966088,
        "dvar": 0.000788644945715,
        "dvar2": 0.00183301430661,
        "max": 0.233703255653,
        "mean": 0.0397168658674,
        "median": 0.0240627937019,
        "min": 6.49421003085e-11,
        "stdev": 0.0418613255024,
        "var": 0.00175237061922
    },
    "spectral_kurtosis": {
        "dmean": 31.3035583496,
        "dmean2": 52.2235794067,
        "dvar": 895.715332031,
        "dvar2": 2402.08178711,
        "max": 259.885559082,
        "mean": 99.8180084229,
        "median": 96.9781036377,
        "min": -1.22999191284,
        "stdev": 60.5214309692,
        "var": 3662.84350586
    },
    "spectral_rms": {
        "dmean": 0.000750171311665,
        "dmean2": 0.00101757829543,
        "dvar": 1.12418558729e-06,
        "dvar2": 1.99000282919e-06,
        "max": 0.0108539853245,
        "mean": 0.0026148268953,
        "median": 0.0019743386656,
        "min": 3.16502683437e-12,
        "stdev": 0.00235569826327,
        "var": 5.54931420993e-06
    },
    "spectral_rolloff": {
        "dmean": 142.288864136,
        "dmean2": 250.986785889,
        "dvar": 249906.015625,
        "dvar2": 524714.4375,
        "max": 19336.8164062,
        "mean": 1155.8651123,
        "median": 581.396484375,
        "min": 322.998046875,
        "stdev": 3056.95263672,
        "var": 9344959
    },
    "spectral_skewness": {
        "dmean": 1.57240438461,
        "dmean2": 2.58359885216,
        "dvar": 1.90971672535,
        "dvar2": 5.23316383362,
        "max": 12.3855171204,
        "mean": 6.76807880402,
        "median": 6.90234899521,
        "min": -0.10803950578,
        "stdev": 2.81133723259,
        "var": 7.90361738205
    },
    "spectral_spread": {
        "dmean": 496178.53125,
        "dmean2": 878446.9375,
        "dvar": 2.53741708083e+12,
        "dvar2": 5.2092249047e+12,
        "max": 41609332,
        "mean": 2282110.5,
        "median": 862736.5,
        "min": 313722.78125,
        "stdev": 5921411,
        "var": 3.50631063716e+13
    },
    "spectral_strongpeak": {
        "dmean": 0.326659202576,
        "dmean2": 0.47914648056,
        "dvar": 0.181193441153,
        "dvar2": 0.397382169962,
        "max": 4.89593410492,
        "mean": 0.903247535229,
        "median": 0.614722847939,
        "min": 0,
        "stdev": 0.90234297514,
        "var": 0.814222872257
    },
    "zerocrossingrate": {
        "dmean": 0.00388019322418,
        "dmean2": 0.00445698574185,
        "dvar": 0.000137202892802,
        "dvar2": 0.000152658773004,
        "max": 0.6640625,
        "mean": 0.0429472737014,
        "median": 0.021484375,
        "min": 0.0146484375,
        "stdev": 0.0935728102922,
        "var": 0.00875587016344
    },
    "barkbands": {
        "dmean": [1.18192197363e-07, 1.15908926546e-06, 1.14157564894e-05, 1.68411497725e-05, 0.000647945445962, 0.00472661666572, 0.000770313723478, 0.000699973490555, 0.000588685041294, 0.000162725089467, 7.01307944837e-05, 9.4427523436e-05, 2.10137313843e-05, 2.64733607764e-05, 1.20583845273e-05, 4.32365459346e-06, 3.31710270984e-06, 1.86713862149e-06, 1.4168550706e-06, 6.718221357e-07, 1.9631946202e-07, 6.35196215626e-08, 1.3620474526e-08, 6.2074700935e-09, 2.34826202927e-09, 5.28302235292e-10, 5.63133262244e-10],
        "dmean2": [2.03065653182e-07, 1.73677301518e-06, 1.47178216139e-05, 2.39833825617e-05, 0.000926754204556, 0.00726183177903, 0.00124565721489, 0.000887707748916, 0.000974855327513, 0.000222418180783, 9.51388647081e-05, 0.000114398695587, 2.8507616662e-05, 3.75329582312e-05, 1.8215887394e-05, 6.01154624746e-06, 4.88874229632e-06, 2.83580152427e-06, 2.22813559958e-06, 1.02627905108e-06, 2.65946965783e-07, 7.95274672782e-08, 1.85057338342e-08, 1.00296198013e-08, 4.28616653281e-09, 9.86000503467e-10, 1.05094388747e-09],
        "dvar": [7.83780795799e-14, 6.63060188352e-12, 1.14448384103e-09, 2.3779431757e-09, 1.84617385912e-06, 5.89136288909e-05, 3.95410688725e-06, 3.41292115991e-06, 2.42368628278e-06, 3.13867730029e-07, 2.25337171145e-08, 5.41985727409e-08, 3.45094330889e-09, 4.81079975856e-09, 1.07731334964e-09, 1.47731063493e-10, 1.30670113618e-10, 5.6015872496e-11, 4.91123322566e-11, 1.90644184467e-11, 1.22986809539e-12, 6.04482691116e-14, 3.91066810824e-15, 1.42481042596e-15, 3.74055255222e-16, 1.36207695566e-18, 1.54927309816e-18],
        "dvar2": [1.99122063781e-13, 1.2996752112e-11, 1.22528542867e-09, 4.0270307089e-09, 3.63179424312e-06, 0.000159675750183, 9.93987578113e-06, 5.03285400555e-06, 6.25994971415e-06, 5.35123035661e-07, 4.25726227604e-08, 9.04524597445e-08, 7.52811590843e-09, 8.64587068605e-09, 2.16703166522e-09, 2.49410658792e-10, 2.97019353557e-10, 1.01706011668e-10, 1.24329518902e-10, 4.89464996312e-11, 2.57902531796e-12, 1.11544745608e-13, 6.3050134097e-15, 2.8726823827e-15, 1.05034732437e-15, 4.39348172884e-18, 4.99834431688e-18],
        "max": [3.5441144064e-06, 4.2902516725e-05, 0.000968925189227, 0.000899640377611, 0.0132388463244, 0.0715382471681, 0.0268692784011, 0.0423000380397, 0.013513661921, 0.00877812132239, 0.00165289861616, 0.00286453682929, 0.000704550126102, 0.000702187768184, 0.000384170358302, 0.000205587246455, 0.000197408589884, 0.000120684526337, 0.000100801815279, 7.34493514756e-05, 1.94829353859e-05, 3.56909481525e-06, 1.04969751646e-06, 5.96472716552e-07, 3.29036311086e-07, 9.98089699777e-09, 1.06493187602e-08],
        "mean": [1.11482222565e-07, 1.70456723936e-06, 1.93419382413e-05, 2.90755488095e-05, 0.00108081742655, 0.00769310351461, 0.00115690927487, 0.00132084742654, 0.00069710140815, 0.000308331276756, 0.000122357509099, 0.000154304812895, 3.5950110032e-05, 3.82252801501e-05, 1.67860398506e-05, 9.22194067243e-06, 5.88557486481e-06, 2.93227026305e-06, 1.96004361896e-06, 8.86843281478e-07, 3.38603115324e-07, 9.19551865763e-08, 1.93313827168e-08, 8.74325678524e-09, 2.15782991475e-09, 4.56272769567e-10, 5.05334663004e-10],
        "median": [3.01300389083e-08, 3.91505523112e-07, 3.75281297238e-06, 4.61296531284e-06, 0.000219468929572, 0.00156751985196, 0.000230128556723, 0.00017265281349, 0.00019847380463, 5.51219127374e-05, 2.48612232099e-05, 1.84780692507e-05, 7.17344209988e-06, 5.81863332627e-06, 3.10413452098e-06, 9.37879008234e-07, 9.24876303543e-07, 3.41255173453e-07, 1.19292963063e-07, 3.07212673079e-08, 7.44814121489e-09, 5.83828319023e-10, 9.78505054761e-11, 9.86402487468e-11, 1.04550479385e-10, 1.28649313424e-10, 1.4921171243e-10],
        "min": [1.62498848234e-24, 3.60572384786e-24, 1.00298063186e-23, 2.96309606079e-24, 1.47173645456e-23, 9.69880817142e-24, 2.09576802908e-23, 6.29967595058e-24, 2.14453367474e-23, 1.89514918351e-23, 2.72106525203e-23, 4.36406309357e-23, 8.19382943386e-23, 7.06155591958e-23, 8.54158393334e-23, 5.35359380477e-23, 1.17626658302e-22, 1.23057934081e-22, 1.75678200255e-22, 2.60169254794e-22, 3.34626314162e-22, 3.79290911797e-22, 4.47055881091e-22, 7.32219682484e-22, 1.07776120625e-21, 1.48388739899e-21, 1.95461445887e-21],
        "stdev": [2.67545033239e-07, 4.68808048026e-06, 8.07428732514e-05, 8.16152678453e-05, 0.00193706527352, 0.0114103415981, 0.00272049917839, 0.00411618407816, 0.00151133432519, 0.000930521229748, 0.000249204895226, 0.000350525253452, 7.73146675783e-05, 9.25117346924e-05, 3.98704396503e-05, 2.33857717831e-05, 1.51401054609e-05, 9.40447625908e-06, 7.50550361772e-06, 4.54413975604e-06, 1.55565828663e-06, 3.54580976136e-07, 9.3899906517e-08, 5.61089734674e-08, 1.85297182043e-08, 9.58939261331e-10, 1.02224395615e-09],
        "var": [7.15803420226e-14, 2.19780981608e-11, 6.51941123309e-09, 6.6610521543e-09, 3.75222180082e-06, 0.000130195898237, 7.40111590858e-06, 1.69429731613e-05, 2.28413136938e-06, 8.65869765221e-07, 6.21030835646e-08, 1.22867945151e-07, 5.97755800413e-09, 8.55842063885e-09, 1.58965196562e-09, 5.46894307618e-10, 2.29222793524e-10, 8.84441686555e-11, 5.63325878999e-11, 2.06492045685e-11, 2.4200728227e-12, 1.25727675341e-13, 8.81719200554e-15, 3.14821690649e-15, 3.43350443233e-16, 9.19564589459e-19, 1.04498274791e-18]
    },
    "erbbands": {
        "dmean": [1.74877932295e-05, 0.00050298665883, 0.00966013129801, 0.0353934876621, 0.39209368825, 2.96054601669, 11.1971292496, 47.7995605469, 20.7712173462, 12.7363033295, 12.9250383377, 9.49666118622, 13.4924516678, 3.70169591904, 2.80196547508, 3.29096341133, 1.22363650799, 1.46206772327, 0.549654066563, 0.442333132029, 0.253291785717, 0.170387670398, 0.12190425396, 0.100504413247, 0.06035291031, 0.026107756421, 0.00848490744829, 0.00760207604617, 0.00252813450061, 0.000822833331767, 0.000420109223342, 0.000142760327435, 8.69343493832e-05, 4.37542839791e-05, 8.79667186382e-06, 3.91688126911e-06, 2.18507989302e-06, 5.0361711601e-07, 3.07048094328e-06, 7.29112662157e-06],
        "dmean2": [2.68918411166e-05, 0.000666251580697, 0.0119402995333, 0.0482675693929, 0.546860933304, 4.16209125519, 15.9049024582, 74.9602966309, 33.5350914001, 14.853263855, 18.2352771759, 15.1000480652, 21.2895183563, 4.7772397995, 3.62439322472, 3.89750409126, 1.48238539696, 2.04752707481, 0.782261133194, 0.638533294201, 0.357856929302, 0.241367071867, 0.179555028677, 0.158331692219, 0.0868986472487, 0.0406207181513, 0.0128645934165, 0.0102360211313, 0.00325657939538, 0.00136129616294, 0.000538742286153, 0.000214525105548, 0.000133413952426, 7.57306697778e-05, 1.40889342219e-05, 5.92912829234e-06, 3.15728743772e-06, 7.85161716976e-07, 4.33170407632e-06, 1.03477532321e-05],
        "dvar": [1.45747036662e-09, 1.72587147063e-06, 0.000876102829352, 0.0080929286778, 0.580305993557, 41.3478317261, 485.518585205, 6820.68945312, 1743.66809082, 1773.42675781, 924.343261719, 466.098571777, 1515.23681641, 88.7471542358, 38.9213027954, 60.8455200195, 9.41432666779, 14.9285860062, 1.44856870174, 1.3063338995, 0.441595733166, 0.486455619335, 0.120461724699, 0.223210588098, 0.0997666865587, 0.0206567812711, 0.00132154906169, 0.00182592123747, 0.000102091027657, 1.74813030753e-05, 3.8518742258e-06, 5.85355621752e-07, 2.9919527833e-07, 1.28870411231e-07, 2.12269357647e-09, 5.36536925999e-11, 1.44515658121e-11, 8.92256049861e-13, 2.65280575285e-11, 1.49171008879e-10],
        "dvar2": [3.64539598507e-09, 2.2038636871e-06, 0.000883849686943, 0.0132438810542, 1.13219225407, 77.183303833, 1222.5703125, 18361.5605469, 4566.39013672, 2303.91186523, 1985.77062988, 1143.00622559, 3597.68432617, 132.571014404, 73.3918075562, 85.0450744629, 19.5328483582, 26.3766269684, 2.60361838341, 2.56866025925, 0.875189900398, 1.04813170433, 0.238590046763, 0.522529304028, 0.240417838097, 0.0548147074878, 0.00269400631078, 0.00384962139651, 0.000208317491342, 4.86577337142e-05, 6.53460392641e-06, 1.06427160063e-06, 6.15679482507e-07, 3.47676262891e-07, 5.60780666348e-09, 1.23575760735e-10, 2.9890208364e-11, 2.17519080005e-12, 5.24300255988e-11, 2.99300639828e-10],
        "max": [0.000516782340128, 0.0336138829589, 0.854060471058, 1.58819448948, 8.14519119263, 66.129234314, 229.326248169, 806.412231445, 367.627868652, 942.80645752, 292.966278076, 186.994277954, 381.529998779, 164.807723999, 94.2301712036, 93.8376159668, 35.5103569031, 38.4360733032, 13.2809934616, 13.8435811996, 9.70847129822, 12.7899246216, 4.64603996277, 7.33220338821, 4.07730484009, 2.09269881248, 0.52175027132, 0.755336105824, 0.143091708422, 0.0637439414859, 0.0315245427191, 0.0102304993197, 0.00933659356087, 0.00618322798982, 0.000805648101959, 8.19572887849e-05, 4.66414967377e-05, 1.05871868072e-05, 5.83021937928e-05, 0.000135684633278],
        "mean": [2.90278458124e-05, 0.000899681064766, 0.0176783688366, 0.0676235184073, 0.684617221355, 5.0359120369, 18.9915752411, 77.2642745972, 31.1336269379, 28.753200531, 20.3427352905, 13.8288583755, 15.9785118103, 8.59154415131, 4.92063236237, 5.93534326553, 2.20094871521, 2.16309499741, 0.911015987396, 0.693375647068, 0.518156945705, 0.303478002548, 0.209464162588, 0.147863760591, 0.081191636622, 0.0350237563252, 0.0165792927146, 0.0129411732778, 0.00356256077066, 0.00107992254198, 0.000599003513344, 0.000217142616748, 0.000126915489091, 5.17110020155e-05, 1.35122345455e-05, 7.95231608208e-06, 4.59472084913e-06, 9.78107550509e-07, 6.06786807111e-06, 1.42142534969e-05],
        "median": [1.21311650219e-05, 0.000209198042285, 0.00372955971397, 0.022763710469, 0.140722334385, 1.17285430431, 4.04715824127, 14.2173442841, 5.32757806778, 4.48848009109, 4.4627404213, 4.25781345367, 2.19725036621, 2.4592924118, 1.04688000679, 0.815081357956, 0.413835406303, 0.333723634481, 0.215513288975, 0.141577914357, 0.070997774601, 0.0566674768925, 0.0350000299513, 0.0111326146871, 0.00498651526868, 0.00178984191734, 0.000479942129459, 0.000273109908449, 3.67738648492e-05, 1.33771327455e-05, 8.31039960758e-06, 6.56907695884e-06, 5.64744095755e-06, 4.50363177151e-06, 3.74787259716e-06, 2.84285124508e-06, 1.57940928602e-06, 3.68486155367e-07, 1.95676307158e-06, 4.48695118394e-06],
        "min": [6.81089189596e-23, 1.10788302056e-21, 8.23309988898e-21, 1.97253850955e-20, 2.4335286883e-20, 7.12173039099e-20, 6.65861458424e-20, 9.38280920836e-20, 3.58016719659e-19, 1.7382295844e-19, 6.31804015687e-19, 6.08107048896e-19, 7.04431662541e-19, 6.12754769963e-19, 1.25732683539e-18, 1.43934420687e-18, 3.77782402022e-18, 3.86317789249e-18, 4.0113557187e-18, 4.29998674497e-18, 4.62547404421e-18, 7.69759388791e-18, 7.66188946395e-18, 6.80591841658e-18, 8.01203915314e-18, 1.14106165789e-17, 1.57634700912e-17, 1.6938812678e-17, 1.38808500304e-17, 1.25571765891e-17, 1.44174602918e-17, 1.32507468532e-17, 1.35845266381e-17, 9.56961445632e-18, 7.55551486435e-18, 5.25414164951e-18, 2.7204686149e-18, 1.07614553672e-18, 2.6056889814e-19, 2.79264963592e-20],
        "stdev": [5.62699424336e-05, 0.00309735164046, 0.0723526328802, 0.161856278777, 1.20522916317, 9.40565109253, 32.1528892517, 121.245918274, 57.3024978638, 91.6800079346, 43.0506706238, 24.4076423645, 44.4145507812, 20.5078048706, 9.88730239868, 13.1316537857, 4.30998420715, 5.19581604004, 1.71910595894, 1.52867770195, 1.12050712109, 0.916885912418, 0.476337015629, 0.533406078815, 0.341039419174, 0.145333826542, 0.0631101205945, 0.0588370189071, 0.0134867699817, 0.00480636861175, 0.00281479209661, 0.0011595392134, 0.000826007511932, 0.000378064345568, 4.51383712061e-05, 1.17738445624e-05, 6.62806814944e-06, 1.43748138726e-06, 8.97274276213e-06, 2.10747002711e-05],
        "var": [3.16630655028e-09, 9.59358658292e-06, 0.00523490319028, 0.0261974539608, 1.45257735252, 88.4662780762, 1033.80834961, 14700.5732422, 3283.57641602, 8405.22363281, 1853.36010742, 595.733032227, 1972.65222168, 420.570037842, 97.7587509155, 172.440338135, 18.5759620667, 26.9965057373, 2.95532536507, 2.33685564995, 1.25553607941, 0.840679824352, 0.226896941662, 0.28452205658, 0.116307877004, 0.0211219191551, 0.00398288713768, 0.00346179492772, 0.000181892974069, 2.3101178158e-05, 7.92305399955e-06, 1.34453125611e-06, 6.82288373355e-07, 1.42932648828e-07, 2.03747241301e-09, 1.386234183e-10, 4.3931289162e-11, 2.06635273128e-12, 8.05101055268e-11, 4.44143027911e-10]
    },
    "gfcc": {
        "mean": [-344.236602783, 212.602813721, -133.07522583, -70.4829711914, -50.1418495178, -54.7599372864, -38.0690917969, -21.043592453, -20.4000988007, -12.8088598251, -3.21143817902, -5.5440788269, 0.689578235149],
        "cov": [[47700.6679688, 10105.578125, -8255.08691406, -2717.25976562, -1175.13708496, -4186.91943359, -611.756103516, -2133.39257812, -313.078430176, -481.382781982, 229.400054932, -478.684539795, 769.737365723], [10105.578125, 3560.41845703, -1861.75354004, -1508.85656738, 66.6519622803, -909.853515625, -360.774841309, -325.457305908, -95.5601882935, -228.754837036, 108.651107788, -162.419403076, 200.580749512], [-8255.08691406, -1861.75354004, 1745.82177734, 545.585327148, 126.268455505, 795.699157715, 77.2960662842, 403.429718018, 44.1629295349, 112.97000885, -37.5294570923, 109.699989319, -140.433944702], [-2717.25976562, -1508.85656738, 545.585327148, 1045.44799805, -123.575561523, 202.241989136, 314.849884033, 55.0102005005, 2.03701877594, 108.186775208, -88.6176223755, 41.3402862549, -99.5900650024], [-1175.13708496, 66.6519622803, 126.268455505, -123.575561523, 281.027069092, 33.4164962769, -25.6892490387, 87.5404968262, 0.258420169353, 1.14926147461, 38.888759613, -13.4334182739, 33.6352272034], [-4186.91943359, -909.853515625, 795.699157715, 202.241989136, 33.4164962769, 541.398864746, 23.8061313629, 200.700927734, 53.7825317383, 20.2699928284, -32.4656181335, 57.9081993103, -106.207450867], [-611.756103516, -360.774841309, 77.2960662842, 314.849884033, -25.6892490387, 23.8061313629, 195.089508057, -1.70891058445, -6.64362478256, 27.0647792816, -41.8308181763, 2.29637432098, -18.5068092346], [-2133.39257812, -325.457305908, 403.429718018, 55.0102005005, 87.5404968262, 200.700927734, -1.70891058445, 197.941482544, 14.6437129974, -2.42948794365, 3.05821895599, 7.3512969017, -40.3063049316], [-313.078430176, -95.5601882935, 44.1629295349, 2.03701877594, 0.258420169353, 53.7825317383, -6.64362478256, 14.6437129974, 87.0082550049, 9.54259109497, 2.8545601368, 16.4126701355, -2.44151425362], [-481.382781982, -228.754837036, 112.97000885, 108.186775208, 1.14926147461, 20.2699928284, 27.0647792816, -2.42948794365, 9.54259109497, 70.3068847656, 3.5503847599, 7.35562849045, 6.10354089737], [229.400054932, 108.651107788, -37.5294570923, -88.6176223755, 38.888759613, -32.4656181335, -41.8308181763, 3.05821895599, 2.8545601368, 3.5503847599, 80.4956054688, 5.62778902054, 13.3584346771], [-478.684539795, -162.419403076, 109.699989319, 41.3402862549, -13.4334182739, 57.9081993103, 2.29637432098, 7.3512969017, 16.4126701355, 7.35562849045, 5.62778902054, 65.5052261353, -2.79961538315], [769.737365723, 200.580749512, -140.433944702, -99.5900650024, 33.6352272034, -106.207450867, -18.5068092346, -40.3063049316, -2.44151425362, 6.10354089737, 13.3584346771, -2.79961538315, 73.1230316162]],
        "icov": [[0.000338856305461, -0.000776517495979, 0.000705091108102, -0.000849701813422, 0.00101312249899, 0.000168230559211, 0.000678257434629, 0.000370401510736, -6.65721308906e-05, -0.000221632042667, -0.000425830483437, -6.43439852865e-05, -0.000994322937913], [-0.000776517495979, 0.00408476777375, -0.000817538471892, 0.00467686541378, -0.00239311973564, 0.00151874206495, -0.00224574538879, -0.00115703011397, 0.000765773118474, 0.00194769084919, 0.00135491893161, 0.000869801267982, 0.00351822120138], [0.000705091108102, -0.000817538471892, 0.00522994156927, -0.00173924816772, 0.00162267591804, -0.00250726449303, 0.00222815619782, -0.00268826028332, 0.00189260544721, -0.00364282773808, -0.000281414220808, -0.00190885982011, -0.0024646113161], [-0.000849701813422, 0.00467686541378, -0.00173924816772, 0.00842534191906, -0.00180507358164, 0.00280636362731, -0.00642045168206, -0.00113757094368, 0.000771741208155, 6.05935674685e-05, 0.00214063096792, 0.000379904551664, 0.00654881028458], [0.00101312249899, -0.00239311973564, 0.00162267591804, -0.00180507358164, 0.00865187030286, 0.000423601130024, 0.0008194638649, -0.00143555761315, -3.13409400405e-05, -0.000713842455298, -0.00338539271615, 0.00151807453949, -0.00665554311126], [0.000168230559211, 0.00151874206495, -0.00250726449303, 0.00280636362731, 0.000423601130024, 0.0100272493437, -0.000902308616787, -0.000163564196555, -0.00281956722029, 0.003070888808, 0.00172358157579, -0.000816548475996, 0.00642408477142], [0.000678257434629, -0.00224574538879, 0.00222815619782, -0.00642045168206, 0.0008194638649, -0.000902308616787, 0.0129449302331, 0.000715898582712, 0.000384655460948, -0.000874736986589, 0.00165625102818, -0.00015770594473, -0.00368406088091], [0.000370401510736, -0.00115703011397, -0.00268826028332, -0.00113757094368, -0.00143555761315, -0.000163564196555, 0.000715898582712, 0.014037931338, -0.00185357499868, 0.00503906933591, -0.00208423403092, 0.00342503539287, 0.000933785631787], [-6.65721308906e-05, 0.000765773118474, 0.00189260544721, 0.000771741208155, -3.13409400405e-05, -0.00281956722029, 0.000384655460948, -0.00185357499868, 0.0140335280448, -0.00311181391589, 5.42308480362e-05, -0.00278235808946, -0.00110727350693], [-0.000221632042667, 0.00194769084919, -0.00364282773808, 6.05935674685e-05, -0.000713842455298, 0.003070888808, -0.000874736986589, 0.00503906933591, -0.00311181391589, 0.0249625388533, -0.00329355732538, 0.00396412005648, -0.0040123667568], [-0.000425830483437, 0.00135491893161, -0.000281414220808, 0.00214063096792, -0.00338539271615, 0.00172358157579, 0.00165625102818, -0.00208423403092, 5.42308480362e-05, -0.00329355732538, 0.0171239245683, -0.00364021933638, 0.00348094129004], [-6.43439852865e-05, 0.000869801267982, -0.00190885982011, 0.000379904551664, 0.00151807453949, -0.000816548475996, -0.00015770594473, 0.00342503539287, -0.00278235808946, 0.00396412005648, -0.00364021933638, 0.020963922143, -0.00384958926588], [-0.000994322937913, 0.00351822120138, -0.0024646113161, 0.00654881028458, -0.00665554311126, 0.00642408477142, -0.00368406088091, 0.000933785631787, -0.00110727350693, -0.0040123667568, 0.00348094129004, -0.00384958926588, 0.0301666092128]]
    },
    "melbands": {
        "dmean": [2.14300342805e-07, 3.5366681459e-06, 1.19119549709e-05, 0.000110233129817, 0.000344554166077, 0.00100809335709, 0.000298396364087, 0.000141389056807, 8.93932738109e-05, 7.39971146686e-05, 6.74720286042e-05, 1.4297409507e-05, 9.11151437322e-06, 1.17433964988e-05, 4.42043437943e-06, 2.53849680121e-06, 2.6762604648e-06, 8.19074102765e-07, 1.10848009172e-06, 2.60282348563e-07, 3.0853300359e-07, 1.65107806538e-07, 1.98498739223e-07, 8.78250361325e-08, 8.88165985202e-08, 3.81356457524e-08, 3.71627919549e-08, 1.63406710385e-08, 5.14852027678e-09, 6.71743505265e-09, 3.41683925598e-09, 1.85502235794e-09, 5.76059699942e-10, 4.2209413742e-10, 2.66146688022e-10, 1.3989050196e-10, 8.9682983262e-11, 8.95166857307e-11, 3.71083927475e-11, 3.04518250893e-11],
        "dmean2": [3.29959931378e-07, 4.51503001386e-06, 1.59283226822e-05, 0.000152913111378, 0.00049269158626, 0.00156559760217, 0.00047446458484, 0.000159559611348, 0.000128699160996, 0.00012128209346, 0.000106869207229, 1.83931897482e-05, 1.22329838632e-05, 1.52029851961e-05, 4.80077687826e-06, 3.41971235684e-06, 3.82058351533e-06, 1.20576487461e-06, 1.71616295574e-06, 3.45565780435e-07, 4.55513514908e-07, 2.34681508005e-07, 3.00824865462e-07, 1.32777472572e-07, 1.43600018987e-07, 5.71533256277e-08, 5.43681544229e-08, 2.556056522e-08, 7.24183291112e-09, 9.51736467414e-09, 4.50519621609e-09, 2.43544895362e-09, 9.35386990086e-10, 7.11997738545e-10, 3.52683326987e-10, 1.97445546024e-10, 1.53556223292e-10, 1.44058195928e-10, 6.21834042591e-11, 5.50651607645e-11],
        "dvar": [2.03751552848e-13, 1.09198462772e-10, 6.21765694486e-10, 4.87643667668e-08, 4.15542530163e-07, 2.88911746793e-06, 3.54900720367e-07, 2.10040937532e-07, 4.41962839659e-08, 3.53282416654e-08, 3.7908606032e-08, 1.60061475185e-09, 3.83422044115e-10, 9.52411594035e-10, 8.78267181204e-11, 3.52615436849e-11, 5.64704949468e-11, 3.14780796914e-12, 1.12615099537e-11, 6.95993067866e-13, 6.44731230209e-13, 7.82977523962e-13, 1.93980045243e-13, 1.83227849668e-13, 2.0750716141e-13, 5.25268237651e-14, 6.6033584037e-14, 1.12660294776e-14, 4.3173332849e-16, 1.95837469064e-15, 2.52429053172e-16, 6.08439846404e-17, 5.59793031979e-18, 5.038086623e-18, 1.61006456593e-18, 5.203262804e-19, 3.62189897549e-19, 3.61478031083e-19, 9.78573534708e-20, 6.42353373156e-20],
        "dvar2": [4.67417391684e-13, 1.1993137039e-10, 1.09116393698e-09, 8.923624506e-08, 1.06698985292e-06, 7.78529647505e-06, 8.92550474418e-07, 2.60995449253e-07, 9.53986472041e-08, 9.08962789481e-08, 9.03775045913e-08, 2.21818829971e-09, 6.70923594459e-10, 1.68779690224e-09, 1.24370805321e-10, 6.68436833662e-11, 1.02448056982e-10, 5.98942943852e-12, 2.36241529811e-11, 8.6936382572e-13, 1.39311099549e-12, 1.74274819836e-12, 4.5131557996e-13, 3.15891491567e-13, 5.08034478201e-13, 1.28416672912e-13, 1.63539375184e-13, 3.0343684786e-14, 7.40183446727e-16, 4.11500591292e-15, 5.14869400505e-16, 1.28484005784e-16, 1.33332639096e-17, 1.4237220945e-17, 2.9221156027e-18, 1.01237694252e-18, 7.50874131623e-19, 8.51311280479e-19, 2.14970553948e-19, 1.76003923523e-19],
        "max": [6.17155728833e-06, 0.000298617582303, 0.000401809433242, 0.00235176621936, 0.00657364353538, 0.0163402147591, 0.00551980407909, 0.0111242830753, 0.00204046396539, 0.00162459316198, 0.00186640932225, 0.000737279013265, 0.000279758853139, 0.000404070800869, 0.000154302557348, 4.8817590141e-05, 8.16859756014e-05, 1.82177263923e-05, 4.08162341046e-05, 1.86419656529e-05, 1.17489917102e-05, 1.64249995578e-05, 4.34715821029e-06, 7.43704504202e-06, 7.45465376895e-06, 4.01962597607e-06, 4.45674368166e-06, 1.79120968369e-06, 4.33502293617e-07, 8.2201074747e-07, 2.4231462703e-07, 1.02419527082e-07, 3.35695879983e-08, 3.31503500206e-08, 1.87001525376e-08, 1.25623191849e-08, 9.23549681175e-09, 9.18825548979e-09, 5.62030377793e-09, 4.28825019938e-09],
        "mean": [3.09899093054e-07, 6.34707112113e-06, 2.21282389248e-05, 0.000184654694749, 0.000581030792091, 0.00163342850283, 0.000456139474409, 0.000316603312967, 0.000141945507494, 9.21165483305e-05, 7.86252130638e-05, 3.39282632922e-05, 1.61850566656e-05, 1.86013494385e-05, 8.43894849822e-06, 4.20345577368e-06, 3.84904160455e-06, 1.34959270781e-06, 1.48058370542e-06, 5.63535593301e-07, 5.8736156916e-07, 2.65163834001e-07, 3.36043058269e-07, 1.27836585762e-07, 1.24510421529e-07, 4.93853278272e-08, 4.49629453669e-08, 2.0839397763e-08, 9.82739933875e-09, 1.20163816675e-08, 5.24623899878e-09, 2.42818498641e-09, 7.81288866936e-10, 4.77575701208e-10, 3.67116004263e-10, 1.74982250911e-10, 1.23695373389e-10, 1.04383654498e-10, 4.9976755373e-11, 2.86962988094e-11],
        "median": [9.08157744561e-08, 1.32278069032e-06, 5.90457193539e-06, 3.53048126271e-05, 0.000121010365547, 0.000301192107145, 6.95975468261e-05, 4.40109179181e-05, 3.26574263454e-05, 2.67514260486e-05, 8.16774809209e-06, 8.8875185611e-06, 3.82384496334e-06, 2.36919981944e-06, 1.2362555708e-06, 8.35024820844e-07, 5.16630677794e-07, 3.34777155331e-07, 2.48799324254e-07, 9.24453900097e-08, 8.30577704392e-08, 4.15084819849e-08, 4.2447219073e-08, 1.45916327909e-08, 7.53066764503e-09, 3.31358651628e-09, 2.10633022135e-09, 6.45206832406e-10, 2.39652298006e-10, 1.82393072867e-10, 1.08430632528e-10, 1.22878009851e-11, 6.06673565551e-12, 2.88638167187e-12, 1.48297151469e-12, 1.41083911047e-12, 1.26910602253e-12, 1.05717843334e-12, 9.81980989578e-13, 9.52902470472e-13],
        "min": [9.40323382315e-25, 5.61318315845e-24, 4.55161777146e-24, 3.74100875994e-24, 2.62946272372e-24, 2.40710709201e-24, 4.90442121739e-24, 1.77217050155e-24, 5.35003612098e-24, 3.0334360267e-24, 3.49224107905e-24, 2.45947305941e-24, 4.44809752702e-24, 3.56517718619e-24, 3.57104788905e-24, 6.53980363241e-24, 6.40630667357e-24, 6.20082655156e-24, 6.8166220238e-24, 3.428010052e-24, 5.62675551032e-24, 6.70578312231e-24, 6.82175514171e-24, 5.77278076363e-24, 4.74939782217e-24, 6.54694164031e-24, 5.24390316922e-24, 7.8045953658e-24, 8.09761696019e-24, 6.92598733312e-24, 1.0824326512e-23, 6.6225283201e-24, 7.16989839185e-24, 5.98312973515e-24, 8.68123597939e-24, 7.54771622265e-24, 7.82916286098e-24, 8.97090491493e-24, 7.66847741661e-24, 8.02433257095e-24],
