{
"metadata": {
    "version": {
        "essentia": "2.1-beta6-dev",
        "essentia_git_sha": "v2.1_beta5-778-gc9eadba6",
        "extractor": "music 2.0"
    },
    "audio_properties": {
        "analysis": {
            "equal_loudness": 0,
            "length": 16.9999771118,
            "sample_rate": 44100,
            "start_time": 0,
            "downmix": "mix"
        },
        "bit_rate": 128000,
        "length": 17,
        "lossless": 0,
        "number_channels": 2,
        "replay_gain": -14.2417430878,
        "sample_rate": 48000,
        "codec": "mp3",
        "md5_encoded": "330cd0f657f5bf15963aa954a71ab6db"
    },
    "tags": {
        "file_name": "frozencrown-battlesinthenight.mp3",
        "encoding": ["Lavf59.16.100"]
    }
},
"lowlevel": {
    "average_loudness": 0.983602464199,
    "barkbands_crest": {
        "dmean": 3.6429681778,
        "dmean2": 5.78699016571,
        "dvar": 7.33438873291,
        "dvar2": 19.9478931427,
        "max": 21.0241394043,
        "mean": 9.88743019104,
        "median": 9.50631332397,
        "min": 2.9520111084,
        "stdev": 3.6402463913,
        "var": 13.2513933182
    },
    "barkbands_flatness_db": {
        "dmean": 0.025392094627,
        "dmean2": 0.0412722975016,
        "dvar": 0.000418385781813,
        "dvar2": 0.00103455095086,
        "max": 0.199432119727,
        "mean": 0.114218957722,
        "median": 0.11562166363,
        "min": 0.0462121888995,
        "stdev": 0.0284445453435,
        "var": 0.000809092191048
    },
    "barkbands_kurtosis": {
        "dmean": 1.78212893009,
        "dmean2": 3.05734014511,
        "dvar": 3.25054955482,
        "dvar2": 8.58185958862,
        "max": 13.0807418823,
        "mean": 0.59900444746,
        "median": 0.103719472885,
        "min": -1.64067804813,
        "stdev": 1.90663921833,
        "var": 3.63527297974
    },
    "barkbands_skewness": {
        "dmean": 0.614692628384,
        "dmean2": 1.02547633648,
        "dvar": 0.265975654125,
        "dvar2": 0.670693457127,
        "max": 3.64428877831,
        "mean": 1.27562332153,
        "median": 1.24199974537,
        "min": -1.84435796738,
        "stdev": 0.631737470627,
        "var": 0.399092227221
    },
    "barkbands_spread": {
        "dmean": 9.15449142456,
        "dmean2": 15.5358886719,
        "dvar": 57.9600639343,
        "dvar2": 157.716430664,
        "max": 66.9542388916,
        "mean": 39.1679992676,
        "median": 39.5021743774,
        "min": 14.6178483963,
        "stdev": 9.0693025589,
        "var": 82.252243042
    },
    "dissonance": {
        "dmean": 0.00718749454245,
        "dmean2": 0.0114995101467,
        "dvar": 0.000281822867692,
        "dvar2": 0.000331741495756,
        "max": 0.499966025352,
        "mean": 0.48736217618,
        "median": 0.489295184612,
        "min": 0.0415833964944,
        "stdev": 0.0179824642837,
        "var": 0.00032336905133
    },
    "dynamic_complexity": 1.66979086399,
    "erbbands_crest": {
        "dmean": 1.55277621746,
        "dmean2": 2.61481356621,
        "dvar": 1.97004961967,
        "dvar2": 4.94447183609,
        "max": 13.978351593,
        "mean": 5.37895059586,
        "median": 4.92984580994,
        "min": 2.79668831825,
        "stdev": 1.78817379475,
        "var": 3.19756531715
    },
    "erbbands_flatness_db": {
        "dmean": 0.0137520302087,
        "dmean2": 0.0212033893913,
        "dvar": 0.000153205459355,
        "dvar2": 0.000326247245539,
        "max": 0.194178968668,
        "mean": 0.138983562589,
        "median": 0.138683930039,
        "min": 0.0874751359224,
        "stdev": 0.021687047556,
        "var": 0.000470328028314
    },
    "erbbands_kurtosis": {
        "dmean": 0.599353969097,
        "dmean2": 1.03383934498,
        "dvar": 0.242502570152,
        "dvar2": 0.683316230774,
        "max": 2.54023551941,
        "mean": -0.139734268188,
        "median": -0.196959853172,
        "min": -1.58532047272,
        "stdev": 0.652899503708,
        "var": 0.426277756691
    },
    "erbbands_skewness": {
        "dmean": 0.226496428251,
        "dmean2": 0.380831867456,
        "dvar": 0.0336524955928,
        "dvar2": 0.0914167314768,
        "max": 0.361501157284,
        "mean": -0.696637749672,
        "median": -0.700732827187,
        "min": -1.47444975376,
        "stdev": 0.245713114738,
        "var": 0.0603749342263
    },
    "erbbands_spread": {
        "dmean": 11.3317193985,
        "dmean2": 19.3117828369,
        "dvar": 98.1496658325,
        "dvar2": 291.019775391,
        "max": 90.5628433228,
        "mean": 47.6926879883,
        "median": 45.4757614136,
        "min": 25.2563400269,
        "stdev": 11.8399925232,
        "var": 140.185424805
    },
    "hfc": {
        "dmean": 9.78636550903,
        "dmean2": 16.3817768097,
        "dvar": 258.477264404,
        "dvar2": 715.95489502,
        "max": 120.467979431,
        "mean": 24.4958438873,
        "median": 21.6748695374,
        "min": 1.18176660372e-16,
        "stdev": 15.7912721634,
        "var": 249.364273071
    },
    "loudness_ebu128": {
        "integrated": -7.98394107819,
        "loudness_range": 0.581151485443,
        "momentary": {
            "dmean": 0.353121131659,
            "dmean2": 0.34221509099,
            "dvar": 0.273008525372,
            "dvar2": 0.0789721086621,
            "max": -6.84850740433,
            "mean": -8.43846607208,
            "median": -7.71898412704,
            "min": -23.6829910278,
            "stdev": 2.44049668312,
            "var": 5.95602369308
        },
        "short_term": {
            "dmean": 0.0414603501558,
            "dmean2": 0.0401626825333,
            "dvar": 0.00207475177012,
            "dvar2": 0.000954947376158,
            "max": -7.47248029709,
            "mean": -7.81251621246,
            "median": -7.6860666275,
            "min": -9.59932804108,
            "stdev": 0.365658938885,
            "var": 0.133706465364
        }
    },
    "melbands_crest": {
        "dmean": 3.94527816772,
        "dmean2": 6.36735153198,
        "dvar": 8.32305526733,
        "dvar2": 23.225189209,
        "max": 25.7147598267,
        "mean": 15.5468921661,
        "median": 15.4347057343,
        "min": 3.18118977547,
        "stdev": 4.18100690842,
        "var": 17.4808177948
    },
    "melbands_flatness_db": {
        "dmean": 0.0340027473867,
        "dmean2": 0.0563090071082,
        "dvar": 0.00073567579966,
        "dvar2": 0.00185238698032,
        "max": 0.268500626087,
        "mean": 0.167245790362,
        "median": 0.170502692461,
        "min": 0.00719029456377,
        "stdev": 0.0353746600449,
        "var": 0.00125136657152
    },
    "melbands_kurtosis": {
        "dmean": 7.93198013306,
        "dmean2": 13.4960927963,
        "dvar": 59.9849243164,
        "dvar2": 155.084228516,
        "max": 62.8336715698,
        "mean": 11.6869316101,
        "median": 9.65461349487,
        "min": -1.16864204407,
        "stdev": 8.50769710541,
        "var": 72.3809127808
    },
    "melbands_skewness": {
        "dmean": 1.00883889198,
        "dmean2": 1.68429601192,
        "dvar": 0.714909434319,
        "dvar2": 1.82513225079,
        "max": 7.20301866531,
        "mean": 3.18508911133,
        "median": 3.08557224274,
        "min": -0.115912519395,
        "stdev": 1.03808426857,
        "var": 1.07761895657
    },
    "melbands_spread": {
        "dmean": 13.2425327301,
        "dmean2": 22.0710773468,
        "dvar": 134.323684692,
        "dvar2": 325.68862915,
        "max": 137.89151001,
        "mean": 32.1874160767,
        "median": 29.6580181122,
        "min": 7.20828580856,
        "stdev": 14.3033571243,
        "var": 204.586029053
    },
    "pitch_salience": {
        "dmean": 0.0999719202518,
        "dmean2": 0.162148505449,
        "dvar": 0.00583914807066,
        "dvar2": 0.0155429774895,
        "max": 0.905178666115,
        "mean": 0.535565078259,
        "median": 0.533447980881,
        "min": 0.221961781383,
        "stdev": 0.108709067106,
        "var": 0.0118176620454
    },
    "silence_rate_20dB": {
        "dmean": 0,
        "dmean2": 0,
        "dvar": 0,
        "dvar2": 0,
        "max": 1,
        "mean": 1,
        "median": 1,
        "min": 1,
        "stdev": 0,
        "var": 0
    },
    "silence_rate_30dB": {
        "dmean": 0,
        "dmean2": 0,
        "dvar": 0,
        "dvar2": 0,
        "max": 1,
        "mean": 1,
        "median": 1,
        "min": 1,
        "stdev": 0,
        "var": 0
    },
    "silence_rate_60dB": {
        "dmean": 0.0109140519053,
        "dmean2": 0.0218579228967,
        "dvar": 0.0107950251549,
        "dvar2": 0.026844644919,
        "max": 1,
        "mean": 0.0476839244366,
        "median": 0,
        "min": 0,
        "stdev": 0.213096186519,
        "var": 0.0454099848866
    },
    "spectral_centroid": {
        "dmean": 420.538635254,
        "dmean2": 719.189819336,
        "dvar": 203844.5,
        "dvar2": 396022.375,
        "max": 11029.7773438,
        "mean": 2381.12719727,
        "median": 2431.55175781,
        "min": 869.794494629,
        "stdev": 511.27444458,
        "var": 261401.546875
    },
    "spectral_complexity": {
        "dmean": 5.87448835373,
        "dmean2": 8.69125652313,
        "dvar": 27.7386417389,
        "dvar2": 60.4210853577,
        "max": 61,
        "mean": 30.671661377,
        "median": 31,
        "min": 0,
        "stdev": 10.8904504776,
        "var": 118.601905823
    },
    "spectral_decrease": {
        "dmean": 3.95880350723e-09,
        "dmean2": 6.72813138536e-09,
        "dvar": 2.28338708233e-17,
        "dvar2": 6.25192768437e-17,
        "max": -2.00926192382e-29,
        "mean": -7.24034254773e-09,
        "median": -6.07411188014e-09,
        "min": -3.29665965637e-08,
        "stdev": 4.97749663708e-09,
        "var": 2.47754738248e-17
    },
    "spectral_energy": {
        "dmean": 0.0155843356624,
        "dmean2": 0.026529353112,
        "dvar": 0.000363830942661,
        "dvar2": 0.000991275766864,
        "max": 0.132317215204,
        "mean": 0.0295485574752,
        "median": 0.0251709185541,
        "min": 1.07948144304e-20,
        "stdev": 0.0198919158429,
        "var": 0.000395688286517
    },
    "spectral_energyband_high": {
        "dmean": 0.000933175673708,
        "dmean2": 0.001634192653,
        "dvar": 2.87291254608e-06,
        "dvar2": 8.15261228126e-06,
        "max": 0.0127413878217,
        "mean": 0.00189440289978,
        "median": 0.00161000201479,
        "min": 7.71878095608e-21,
        "stdev": 0.00151643762365,
        "var": 2.29958300224e-06
    },
    "spectral_energyband_low": {
        "dmean": 0.0107492785901,
        "dmean2": 0.0180078353733,
        "dvar": 0.000131996057462,
        "dvar2": 0.00034005191992,
        "max": 0.0723478123546,
        "mean": 0.0158826671541,
        "median": 0.0128659838811,
        "min": 1.3121702776e-22,
        "stdev": 0.0126813706011,
        "var": 0.000160817158758
    },
    "spectral_energyband_middle_high": {
        "dmean": 0.0015192318242,
        "dmean2": 0.00241132592782,
        "dvar": 3.26280360241e-06,
        "dvar2": 8.3975819507e-06,
        "max": 0.0185014139861,
        "mean": 0.00501872785389,
        "median": 0.00499451719224,
        "min": 1.63971330241e-21,
        "stdev": 0.00248313881457,
        "var": 6.16597890257e-06
    },
    "spectral_energyband_middle_low": {
        "dmean": 0.00700460001826,
        "dmean2": 0.0130303744227,
        "dvar": 0.000160684023285,
        "dvar2": 0.00045790913282,
        "max": 0.0915961116552,
        "mean": 0.00836909841746,
        "median": 0.00548144057393,
        "min": 2.70485914603e-22,
        "stdev": 0.0108303800225,
        "var": 0.00011729713151
    },
    "spectral_entropy": {
        "dmean": 0.108137749135,
        "dmean2": 0.172279030085,
        "dvar": 0.0124413883314,
        "dvar2": 0.0254537966102,
        "max": 9.79356765747,
        "mean": 7.91675424576,
        "median": 7.91859722137,
        "min": 7.4145359993,
        "stdev": 0.156061321497,
        "var": 0.0243551339954
    },
    "spectral_flux": {
        "dmean": 0.0364921055734,
        "dmean2": 0.0593251511455,
        "dvar": 0.00141652149614,
        "dvar2": 0.00247000809759,
        "max": 0.283292770386,
        "mean": 0.108036957681,
        "median": 0.0974938720465,
        "min": 1.03898098458e-10,
        "stdev": 0.0514137521386,
        "var": 0.00264337379485
    },
    "spectral_kurtosis": {
        "dmean": 0.989270150661,
        "dmean2": 1.77345180511,
        "dvar": 0.905049622059,
        "dvar2": 2.81728243828,
        "max": 10.499171257,
        "mean": 1.93269073963,
        "median": 1.80896782875,
        "min": -1.23375284672,
        "stdev": 0.979263603687,
        "var": 0.958957195282
    },
    "spectral_rms": {
        "dmean": 0.00128586508799,
        "dmean2": 0.00212866277434,
        "dvar": 1.69826762431e-06,
        "dvar2": 4.52058839073e-06,
        "max": 0.0113617768511,
        "mean": 0.00506277987733,
        "median": 0.00495549850166,
        "min": 3.2452313406e-12,
        "stdev": 0.00178776890971,
        "var": 3.19611785926e-06
    },
    "spectral_rolloff": {
        "dmean": 1126.74816895,
        "dmean2": 1894.57019043,
        "dvar": 1080683.625,
        "dvar2": 2142204.75,
        "max": 18927.6855469,
        "mean": 2180.54589844,
        "median": 2099.48730469,
        "min": 129.19921875,
        "stdev": 1269.97924805,
        "var": 1612847.375
    },
    "spectral_skewness": {
        "dmean": 0.156006768346,
        "dmean2": 0.266982764006,
        "dvar": 0.0192039906979,
        "dvar2": 0.0514848157763,
        "max": 2.23995637894,
        "mean": 0.697472572327,
        "median": 0.70484316349,
        "min": 0.0179832689464,
        "stdev": 0.185731768608,
        "var": 0.0344962887466
    },
    "spectral_spread": {
        "dmean": 428684.53125,
        "dmean2": 666756.8125,
        "dvar": 2.31328343654e+12,
        "dvar2": 2.42694592922e+12,
        "max": 41945944,
        "mean": 4022648.25,
        "median": 3877780,
        "min": 2808579.75,
        "stdev": 1635821.375,
        "var": 2.67591142605e+12
    },
    "spectral_strongpeak": {
        "dmean": 0.167323172092,
        "dmean2": 0.291589230299,
        "dvar": 0.0409608110785,
        "dvar2": 0.114560090005,
        "max": 2.69339299202,
        "mean": 0.280152291059,
        "median": 0.235948264599,
        "min": 0,
        "stdev": 0.203207418323,
        "var": 0.0412932522595
    },
    "zerocrossingrate": {
        "dmean": 0.0116361482069,
        "dmean2": 0.0144389839843,
        "dvar": 0.000174241926288,
        "dvar2": 0.000158187292982,
        "max": 0.4912109375,
        "mean": 0.0742041170597,
        "median": 0.072265625,
        "min": 0.0048828125,
        "stdev": 0.0229307189584,
        "var": 0.000525817857124
    },
    "barkbands": {
        "dmean": [0.000131229520775, 0.00641150213778, 0.00627451296896, 0.00359584041871, 0.00282932561822, 0.000926530454308, 0.000632975599729, 0.000212415747228, 0.000147051148815, 0.00012050334044, 0.000131709020934, 0.000312864984153, 0.000293807504931, 0.000295954552712, 0.000245508272201, 0.000287831324385, 0.000266421731794, 0.000255938095506, 0.000447448925115, 0.000350600370439, 0.000400464050472, 0.000326138775563, 0.000113777634397, 4.57269525214e-05, 2.2410418751e-05, 1.14376452984e-05, 4.61238727212e-07],
        "dmean2": [0.000214357904042, 0.0104665998369, 0.0115213496611, 0.00672816578299, 0.00509545020759, 0.00158677028958, 0.00110068649519, 0.000370623194613, 0.000239507906372, 0.000193615313037, 0.000222056230996, 0.000479565991554, 0.000486867764266, 0.000478502333863, 0.000401859899284, 0.000484965305077, 0.000452269159723, 0.000439911498688, 0.000770001031924, 0.000600153929554, 0.000707360566594, 0.000576870457735, 0.000206345735933, 8.05312738521e-05, 3.8824386138e-05, 2.05521264434e-05, 8.08081836112e-07],
        "dvar": [2.99740285925e-08, 3.86705069104e-05, 7.69655234762e-05, 2.45432620432e-05, 4.27368904639e-05, 3.72621366296e-06, 1.10017424504e-06, 2.21591761829e-07, 4.04478761595e-08, 2.17417621684e-08, 2.46466260734e-08, 1.35291998049e-07, 1.44773494526e-07, 1.22564713934e-07, 6.94065889206e-08, 1.18596460652e-07, 9.95622713162e-08, 1.71915061742e-07, 2.32690965163e-07, 1.72904506712e-07, 3.3051611581e-07, 4.66616484118e-07, 6.36262953435e-08, 5.82128123483e-09, 1.51483914301e-09, 5.28946053624e-10, 9.84364499634e-13],
        "dvar2": [7.54789581947e-08, 9.85362057691e-05, 0.000209120451473, 7.01030949131e-05, 0.000125221253256, 1.02872090793e-05, 3.00572901324e-06, 6.11265534189e-07, 1.04686421309e-07, 5.60045059217e-08, 6.52206537666e-08, 2.84262824835e-07, 3.70549003037e-07, 2.9772931498e-07, 1.85672874409e-07, 3.24006634855e-07, 2.59417362258e-07, 4.87942315885e-07, 6.57254702219e-07, 4.77518881326e-07, 9.54641222961e-07, 1.32436150579e-06, 1.79338783823e-07, 1.59936224264e-08, 4.1090317815e-09, 1.46522838307e-09, 2.63026449579e-12],
        "max": [0.00149569369387, 0.0437306314707, 0.0544713363051, 0.0343658253551, 0.0487357676029, 0.0147838499397, 0.0085724927485, 0.00441041681916, 0.00209422642365, 0.00129038386513, 0.00118415779434, 0.00395159656182, 0.00396704906598, 0.00308332662098, 0.00184802245349, 0.00281250127591, 0.00258943578228, 0.00521540362388, 0.00543097779155, 0.00350292026997, 0.00557770952582, 0.005470700562, 0.00203734217212, 0.000535949075129, 0.000319879036397, 0.000174520217115, 9.51713445829e-06],
        "mean": [0.000144672376337, 0.00856098532677, 0.0056050173007, 0.00299186212942, 0.00283810752444, 0.00102751795202, 0.000951212015934, 0.000243909744313, 0.000263234745944, 0.000191512503079, 0.000235371742747, 0.000616522214841, 0.000493200554047, 0.000542369729374, 0.000452676235, 0.000492498860694, 0.00042846420547, 0.000387961306842, 0.000859816151205, 0.000663282698952, 0.000836111197714, 0.000497995642945, 0.000129827356432, 5.60938970011e-05, 2.72937741101e-05, 1.0630653378e-05, 4.38018162185e-07],
        "median": [8.28382108011e-05, 0.00711459387094, 0.00294533954002, 0.00133229396306, 0.00132269388996, 0.00044014013838, 0.000535618863069, 0.000113631795102, 0.00017874603509, 0.000141131327837, 0.000196627093828, 0.00044014811283, 0.000357063079719, 0.000417953036958, 0.000375999108655, 0.000375573697966, 0.000352980307071, 0.000292040494969, 0.000754277803935, 0.000579670944717, 0.000748608610593, 0.000377575983293, 6.17597106611e-05, 2.78576371784e-05, 1.41225555126e-05, 3.1433435197e-06, 2.14339195281e-08],
        "min": [1.98702623542e-24, 4.13735330465e-23, 2.31276410035e-23, 9.64294356647e-23, 3.17990398874e-23, 1.74986829936e-23, 4.41284183433e-23, 2.01922517099e-23, 3.66708176461e-23, 4.98273420047e-23, 8.58826619736e-23, 8.59408167995e-23, 1.0182114218e-22, 2.33784520708e-22, 7.33843284445e-23, 8.8448782322e-23, 2.08713069636e-22, 3.14164423484e-22, 3.1543874308e-22, 2.9119625229e-22, 4.99205367698e-22, 6.60875859522e-22, 6.19671117466e-22, 7.52204141921e-22, 1.19122681891e-21, 1.70560583146e-21, 2.37627946964e-21],
        "stdev": [0.000174062122824, 0.00720732007176, 0.00754424929619, 0.00429230788723, 0.00541077926755, 0.00172736810055, 0.00114643003326, 0.000417260453105, 0.000266095536062, 0.000185216820682, 0.000196946391952, 0.000578961975407, 0.000469349120976, 0.000457234913483, 0.000344169995515, 0.000400498829549, 0.000342896411894, 0.000376521493308, 0.000579469255172, 0.000464995042421, 0.000555909529794, 0.000569926691242, 0.000216247965, 7.77871173341e-05, 3.71566529793e-05, 1.93432151718e-05, 1.15348086638e-06],
        "var": [3.02976204125e-08, 5.19454624737e-05, 5.69156945858e-05, 1.84239088412e-05, 2.92765307677e-05, 2.98380041386e-06, 1.31430181227e-06, 1.74106290274e-07, 7.08068412791e-08, 3.4305269736e-08, 3.87878813513e-08, 3.35196943979e-07, 2.20288583819e-07, 2.09063756529e-07, 1.18452987863e-07, 1.60399324045e-07, 1.17577947378e-07, 1.41768438766e-07, 3.35784648087e-07, 2.16220399807e-07, 3.09035414148e-07, 3.248164262e-07, 4.6763179995e-08, 6.05083538829e-09, 1.38061684307e-09, 3.74159980776e-10, 1.33051816092e-12]
    },
    "erbbands": {
        "dmean": [0.172978624701, 1.52388131618, 5.99097824097, 10.5368709564, 12.6382293701, 7.30900478363, 6.68699502945, 8.08110237122, 7.56192445755, 7.42116832733, 4.56688928604, 3.36136054993, 3.20871949196, 4.81132507324, 5.74086236954, 14.1087942123, 12.8108587265, 15.9171438217, 11.5182285309, 12.2322635651, 16.4795875549, 13.6091489792, 14.8604097366, 12.860499382, 26.3947639465, 15.5458116531, 16.5108966827, 16.7081775665, 12.6622438431, 6.42770290375, 2.60537838936, 1.27244198322, 0.599786579609, 0.288846284151, 0.145935252309, 0.0608115680516, 0.0192012991756, 0.00247395504266, 6.4806357841e-05, 2.00534759642e-05],
        "dmean2": [0.26614522934, 2.54789924622, 10.6995506287, 19.7981777191, 22.799659729, 13.3795843124, 12.0758180618, 13.2214660645, 12.7813577652, 12.9710569382, 8.05817985535, 5.55782794952, 5.29800462723, 7.99662876129, 9.62983989716, 20.7792625427, 20.9480628967, 25.4872436523, 18.9414920807, 20.6856689453, 28.1798343658, 22.7815971375, 25.7031364441, 21.3920402527, 45.6963310242, 26.4455127716, 29.3652095795, 29.3150348663, 22.2075862885, 11.647685051, 4.65109968185, 2.23137784004, 1.04974043369, 0.497654020786, 0.256122410297, 0.107351414859, 0.0347899161279, 0.00446620676666, 0.000115142276627, 3.42607345374e-05],
        "dvar": [0.0320233143866, 2.16042041779, 61.9395027161, 219.912033081, 576.773010254, 326.194396973, 254.822753906, 212.685150146, 128.637954712, 201.784484863, 106.527580261, 19.8864135742, 18.3511943817, 40.0124931335, 44.3836250305, 297.741485596, 294.04083252, 355.780578613, 180.485229492, 223.236236572, 369.558441162, 283.746490479, 618.831726074, 220.265258789, 925.538085938, 330.345184326, 485.808624268, 751.945495605, 682.006469727, 181.875152588, 27.7862052917, 4.65269231796, 1.03157162666, 0.215749323368, 0.0737883001566, 0.0134297404438, 0.00153468642384, 2.41411271418e-05, 1.43959697496e-08, 6.98843316549e-10],
        "dvar2": [0.0724022984505, 5.61762905121, 165.352264404, 618.157714844, 1680.71228027, 955.948791504, 746.185302734, 550.041687012, 338.035064697, 562.52520752, 297.900604248, 51.782043457, 47.0113754272, 107.721206665, 117.974853516, 572.466369629, 740.416503906, 893.229858398, 475.777252197, 609.359985352, 988.633850098, 724.689025879, 1744.29882812, 587.176818848, 2638.46557617, 915.696289062, 1384.20202637, 2184.26928711, 1929.3782959, 514.218811035, 77.1643218994, 12.8648395538, 2.79832577705, 0.5697722435, 0.204190015793, 0.0372262150049, 0.00425226427615, 6.67577478453e-05, 3.92708727759e-08, 1.89763715852e-09],
        "max": [1.11279666424, 10.6145963669, 46.0535011292, 76.9342575073, 186.508056641, 125.564224243, 119.340644836, 107.355567932, 107.039909363, 114.270797729, 87.4940261841, 42.3378639221, 41.3002090454, 61.2379760742, 54.8396759033, 195.922058105, 181.174697876, 173.061508179, 111.537971497, 157.837432861, 152.714508057, 132.576034546, 349.242248535, 129.341964722, 333.15032959, 160.155105591, 189.435592651, 287.010894775, 219.699661255, 109.896209717, 45.3909378052, 17.783864975, 7.42631912231, 3.82875752449, 1.9091591835, 0.891623020172, 0.272459596395, 0.0376163870096, 0.000851626507938, 0.000182114730706],
        "mean": [0.209177777171, 2.08748459816, 6.19414567947, 8.75153827667, 11.9025382996, 7.04777526855, 6.37338495255, 9.8740196228, 12.9415788651, 9.59871101379, 5.65985631943, 6.09640073776, 5.59355783463, 8.23753929138, 12.5772190094, 28.410741806, 23.4726104736, 30.5584335327, 23.359375, 23.6939239502, 27.6714630127, 22.9574680328, 23.8484573364, 26.1131591797, 49.6091423035, 31.5174770355, 32.5088233948, 31.6036968231, 20.4572525024, 8.25617313385, 3.19916152954, 1.56248402596, 0.744486272335, 0.369654148817, 0.162317097187, 0.0595263391733, 0.0170160215348, 0.0023503692355, 7.47122321627e-05, 3.8852540456e-05],
        "median": [0.136455357075, 1.76056957245, 3.7962501049, 4.27724933624, 5.34645652771, 3.12814807892, 2.74596786499, 3.79642963409, 7.84978580475, 5.38788414001, 2.90342998505, 4.15878200531, 4.13807725906, 6.14633274078, 11.2770042419, 19.1217346191, 17.0817699432, 24.945230484, 18.9519805908, 20.2949981689, 21.6682662964, 18.4617462158, 18.910276413, 23.0657348633, 42.4846954346, 28.49933815, 28.6694030762, 27.5420608521, 15.9633178711, 5.20728063583, 1.60534191132, 0.777737855911, 0.345534473658, 0.194900542498, 0.0763849616051, 0.0237722098827, 0.0038499913644, 0.000281857384834, 2.58616782958e-05, 3.28152600559e-05],
        "min": [1.44797834961e-21, 8.11764195445e-21, 2.10909843542e-20, 2.23649707751e-19, 1.44445768232e-19, 1.10452961905e-19, 1.58943258765e-19, 1.58363676574e-19, 6.19011615815e-19, 3.79339290351e-19, 6.28099487313e-19, 7.62128492544e-19, 1.72079044574e-18, 1.32371076789e-18, 4.50802721852e-18, 3.86274941294e-18, 4.64734015011e-18, 9.58371457704e-18, 5.88595295472e-18, 6.42155281494e-18, 5.52139253848e-18, 1.19336081387e-17, 1.26800873563e-17, 1.86215313088e-17, 1.58019075199e-17, 1.21292115381e-17, 2.38536190824e-17, 1.78882886354e-17, 2.36377977344e-17, 1.79862102763e-17, 1.62996651079e-17, 1.97086269591e-17, 1.18649918525e-17, 1.28717996981e-17, 8.10917745402e-18, 6.38746635626e-18, 3.19619445404e-18, 1.45332521359e-18, 2.8804693336e-19, 3.33915881934e-20],
        "stdev": [0.207303181291, 1.69715237617, 7.19738340378, 12.3444480896, 20.8408432007, 14.381269455, 12.7848291397, 15.1885604858, 14.3721723557, 13.0667285919, 8.95330905914, 5.84436607361, 5.31507921219, 7.36535406113, 9.21817970276, 28.5001277924, 21.5522727966, 24.1444950104, 17.5036373138, 17.2711467743, 21.8387126923, 18.2595825195, 22.6824550629, 17.0724124908, 35.3624458313, 20.5022964478, 21.7421913147, 24.7163219452, 22.0428180695, 11.3115386963, 4.84536743164, 2.22937226295, 1.02525222301, 0.474168241024, 0.243280678988, 0.0992568656802, 0.0328285731375, 0.00475755752996, 0.00011929860193, 2.66918723355e-05],
        "var": [0.0429746098816, 2.88032627106, 51.8023300171, 152.385391235, 434.34072876, 206.820922852, 163.451858521, 230.692367554, 206.559326172, 170.739395142, 80.1617507935, 34.1566123962, 28.2500667572, 54.2484397888, 84.9748306274, 812.257324219, 464.500427246, 582.956604004, 306.377319336, 298.292510986, 476.929382324, 333.412353516, 514.493774414, 291.467254639, 1250.50256348, 420.344146729, 472.722869873, 610.89654541, 485.885864258, 127.950897217, 23.4775848389, 4.97010087967, 1.05114209652, 0.224835515022, 0.0591854900122, 0.00985192507505, 0.00107771530747, 2.26343545364e-05, 1.42321567864e-08, 7.1245603861e-10]
    },
    "gfcc": {
        "mean": [18.4592475891, 88.967880249, -134.532287598, 74.3654251099, -48.7435302734, 18.6964378357, -23.1350059509, -0.0814667716622, -23.4009075165, 12.0032196045, -13.8913669586, -0.975175380707, -11.6649045944],
        "cov": [[7376.01513672, 116.923110962, -190.879730225, 213.141098022, -172.831588745, 136.308837891, -203.119750977, 28.1093235016, -126.139167786, -22.6065177917, -126.309089661, 3.14125823975, -81.7323913574], [116.923110962, 468.675140381, -246.566055298, 109.060691833, 53.950881958, -63.6183547974, 85.7704849243, -131.018737793, 16.9682178497, -12.4788064957, 85.9936676025, -15.718495369, 119.778289795], [-190.879730225, -246.566055298, 290.537078857, -51.4381484985, -22.9230976105, 17.9299640656, -77.0579071045, 69.8598327637, -2.28087258339, -8.22152519226, -50.8241500854, 8.55421543121, -70.5204620361], [213.141098022, 109.060691833, -51.4381484985, 85.0938491821, 36.4496536255, 21.4167919159, 20.921667099, -20.0852108002, 5.94027900696, -11.1367959976, 24.8136119843, -12.4416208267, 31.1670379639], [-172.831588745, 53.950881958, -22.9230976105, 36.4496536255, 95.0834960938, 21.7477588654, 54.4200897217, -6.25453710556, 13.003408432, 5.27418279648, 17.6826019287, -4.11832046509, 13.06914711], [136.308837891, -63.6183547974, 17.9299640656, 21.4167919159, 21.7477588654, 86.7795181274, 15.6308422089, 41.1755714417, 0.824145197868, -1.27338135242, 0.328499108553, -8.40306949615, -12.4910831451], [-203.119750977, 85.7704849243, -77.0579071045, 20.921667099, 54.4200897217, 15.6308422089, 108.586196899, 8.41434669495, 30.0368537903, 17.114522934, 30.0039386749, -7.85275602341, 15.1350383759], [28.1093235016, -131.018737793, 69.8598327637, -20.0852108002, -6.25453710556, 41.1755714417, 8.41434669495, 102.74671936, 32.2882194519, 19.4770736694, -17.3165550232, 3.52295160294, -32.5851478577], [-126.139167786, 16.9682178497, -2.28087258339, 5.94027900696, 13.003408432, 0.824145197868, 30.0368537903, 32.2882194519, 66.3079681396, 32.5745010376, 20.1935424805, 2.44475769997, 14.3162221909], [-22.6065177917, -12.4788064957, -8.22152519226, -11.1367959976, 5.27418279648, -1.27338135242, 17.114522934, 19.4770736694, 32.5745010376, 56.4605064392, 22.9971389771, 11.0849170685, 0.539770185947], [-126.309089661, 85.9936676025, -50.8241500854, 24.8136119843, 17.6826019287, 0.328499108553, 30.0039386749, -17.3165550232, 20.1935424805, 22.9971389771, 69.9540023804, 17.7156848907, 37.0555496216], [3.14125823975, -15.718495369, 8.55421543121, -12.4416208267, -4.11832046509, -8.40306949615, -7.85275602341, 3.52295160294, 2.44475769997, 11.0849170685, 17.7156848907, 44.9076690674, 19.2126197815], [-81.7323913574, 119.778289795, -70.5204620361, 31.1670379639, 13.06914711, -12.4910831451, 15.1350383759, -32.5851478577, 14.3162221909, 0.539770185947, 37.0555496216, 19.2126197815, 84.5314407349]],
        "icov": [[0.000279489409877, -0.000695356400684, 0.000297711201711, -0.00111147959251, 0.00069706258364, -0.000840228516608, 0.000709563028067, -0.000426561309723, 0.00045040846453, -0.000930095091462, 0.00135648471769, -0.00133336067665, 0.00102837418672], [-0.000695356400684, 0.0137641672045, 0.00252888840623, -0.00535307452083, -0.00119906279724, 0.0097997430712, -0.00662366626784, 0.00727814435959, -0.0035599952098, 0.00570749817416, -0.00815729051828, 0.00842419452965, -0.00823962874711], [0.000297711201711, 0.00252888840623, 0.00838014576584, -0.00107608386315, -0.0023939490784, 0.000933025963604, 0.00561948819086, -0.00213960628025, -0.00297216163017, 0.00307826325297, -4.83868388983e-05, -0.00210946658626, 0.00375384115614], [-0.00111147959251, -0.00535307452083, -0.00107608386315, 0.0328237079084, -0.0102464519441, -0.00727538857609, 0.00510360719636, -0.00143225141801, -0.00385401886888, 0.00851456727833, -0.00935232080519, 0.0101686194539, -0.00505936332047], [0.00069706258364, -0.00119906279724, -0.0023939490784, -0.0102464519441, 0.0213017631322, -0.00524313189089, -0.00971833989024, 0.00486475415528, 0.000615336699411, -0.00500278919935, 0.00653669890016, -0.00627364451066, 0.00218906253576], [-0.000840228516608, 0.0097997430712, 0.000933025963604, -0.00727538857609, -0.00524313189089, 0.0275297947228, -0.00545493792742, -0.00721631851047, 0.00511349178851, 0.00515449792147, -0.0109707163647, 0.0112711945549, -0.00681540416554], [0.000709563028067, -0.00662366626784, 0.00561948819086, 0.00510360719636, -0.00971833989024, -0.00545493792742, 0.0253964960575, -0.00875008944422, -0.00319723109715, -0.000839332933538, -0.00109514314681, -0.000946209009271, 0.00689623085782], [-0.000426561309723, 0.00727814435959, -0.00213960628025, -0.00143225141801, 0.00486475415528, -0.00721631851047, -0.00875008944422, 0.0302441958338, -0.0159320347011, 0.000745737110265, 0.00389458355494, -0.00359745509923, 0.00122838071547], [0.00045040846453, -0.0035599952098, -0.00297216163017, -0.00385401886888, 0.000615336699411, 0.00511349178851, -0.00319723109715, -0.0159320347011, 0.0359576493502, -0.0167570784688, -0.00069925369462, 0.00555665977299, -0.00742638064548], [-0.000930095091462, 0.00570749817416, 0.00307826325297, 0.00851456727833, -0.00500278919935, 0.00515449792147, -0.000839332933538, 0.000745737110265, -0.0167570784688, 0.0374046899378, -0.0165605228394, 0.00152359984349, 0.00192732107826], [0.00135648471769, -0.00815729051828, -4.83868388983e-05, -0.00935232080519, 0.00653669890016, -0.0109707163647, -0.00109514314681, 0.00389458355494, -0.00069925369462, -0.0165605228394, 0.0390064753592, -0.0200375132263, 0.00302300066687], [-0.00133336067665, 0.00842419452965, -0.00210946658626, 0.0101686194539, -0.00627364451066, 0.0112711945549, -0.000946209009271, -0.00359745509923, 0.00555665977299, 0.00152359984349, -0.0200375132263, 0.0459288358688, -0.0199228562415], [0.00102837418672, -0.00823962874711, 0.00375384115614, -0.00505936332047, 0.00218906253576, -0.00681540416554, 0.00689623085782, 0.00122838071547, -0.00742638064548, 0.00192732107826, 0.00302300066687, -0.0199228562415, 0.0318381898105]]
    },
    "melbands": {
        "dmean": [0.00168897677213, 0.00239812280051, 0.00183209695388, 0.000702258199453, 0.00024085547193, 0.000175316265086, 0.000123327496112, 7.32331391191e-05, 3.42051098414e-05, 2.13411913137e-05, 1.6141200831e-05, 1.95527591131e-05, 1.78781810973e-05, 3.52680035576e-05, 2.84169582301e-05, 2.99058483506e-05, 3.27436464431e-05, 1.88035955944e-05, 1.73930111487e-05, 1.92636180145e-05, 2.03731633519e-05, 1.45968806464e-05, 1.73560274561e-05, 1.09019074443e-05, 1.06583665911e-05, 2.27779437409e-05, 1.50025443872e-05, 1.07401228888e-05, 1.14201811812e-05, 1.1327606444e-05, 1.03314951048e-05, 8.18623811938e-06, 5.26314988747e-06, 3.19158857565e-06, 1.68863255112e-06, 9.96088942884e-07, 6.74559373692e-07, 4.40903761501e-07, 3.32108214707e-07, 2.2890242235e-07],
        "dmean2": [0.00267988769338, 0.00413708807901, 0.00343056954443, 0.00127745606005, 0.000431833730545, 0.000290749943815, 0.000209438527236, 0.000127617357066, 6.01761312282e-05, 3.51168855559e-05, 2.66644346993e-05, 3.24539396388e-05, 2.99475523207e-05, 5.47823110537e-05, 4.40630101366e-05, 4.98818189953e-05, 5.25845935044e-05, 3.10014002025e-05, 2.89587806037e-05, 3.21687657561e-05, 3.53080286004e-05, 2.47974148806e-05, 2.94908131764e-05, 1.88364629139e-05, 1.7850945369e-05, 3.99313248636e-05, 2.55161667155e-05, 1.84696855285e-05, 2.03962717933e-05, 1.9668819732e-05, 1.82718977157e-05, 1.44641689985e-05, 9.39354049478e-06, 5.87006752539e-06, 3.01575664707e-06, 1.74605327175e-06, 1.18376567571e-06, 7.73198223669e-07, 5.83761107009e-07, 3.95031349854e-07],
        "dvar": [2.82025985143e-06, 7.80322807259e-06, 6.62591219225e-06, 2.59553394244e-06, 3.15421402775e-07, 1.07114672687e-07, 3.52684494942e-08, 2.03418046851e-08, 5.42355271804e-09, 7.91340937223e-10, 4.59949828224e-10, 6.70849209516e-10, 4.32920033155e-10, 1.78427705944e-09, 9.48100264964e-10, 1.63862612368e-09, 1.58702140318e-09, 4.83746209756e-10, 3.78716807914e-10, 5.60859192422e-10, 5.51878653887e-10, 3.05118513788e-10, 5.32514587981e-10, 4.35871200244e-10, 1.52724624614e-10, 6.64270249917e-10, 3.46197737144e-10, 1.43302272826e-10, 2.24877366728e-10, 2.11983972043e-10, 3.22945836739e-10, 2.95983015874e-10, 1.03001614182e-10, 5.43106427886e-11, 1.25092826722e-11, 2.86191296356e-12, 1.28505387754e-12, 5.65909352799e-13, 2.71412368491e-13, 1.44733034693e-13],
        "dvar2": [6.9532843554e-06, 2.03769977816e-05, 1.86734487215e-05, 7.5918692346e-06, 9.21310515878e-07, 2.83893939468e-07, 9.38349842272e-08, 5.67428273257e-08, 1.51776688995e-08, 2.02412109296e-09, 1.17552623191e-09, 1.79727366323e-09, 1.14238718485e-09, 3.82912102026e-09, 2.10787898247e-09, 4.13017087197e-09, 3.91728827154e-09, 1.28194321825e-09, 1.00843611239e-09, 1.52652135377e-09, 1.47966716657e-09, 7.8142214921e-10, 1.45285006248e-09, 1.24836252446e-09, 4.09942746415e-10, 1.89568383213e-09, 9.87124382235e-10, 3.93926863351e-10, 6.31002250451e-10, 6.19022999526e-10, 9.31681398697e-10, 8.37104663365e-10, 2.8867788715e-10, 1.55036442018e-10, 3.48611590983e-11, 7.91254648608e-12, 3.54813834563e-12, 1.53459168116e-12, 7.24382630702e-13, 3.86521706568e-13],
        "max": [0.0108824335039, 0.0168142728508, 0.0155461458489, 0.0124885672703, 0.00407927855849, 0.00245756842196, 0.00168479548302, 0.0011851269519, 0.00061906123301, 0.000282557826722, 0.000205241478398, 0.000251720368396, 0.000184024800546, 0.000478953821585, 0.000304600020172, 0.000460937066237, 0.000368822162272, 0.000179665294127, 0.000160513765877, 0.000263524416368, 0.000175778681296, 0.000139489260619, 0.000230785997701, 0.000243524264079, 9.27341898205e-05, 0.000270413147518, 0.000196527165826, 9.53061025939e-05, 0.0001018280891, 0.000138100236654, 0.000188239762792, 0.000143658762681, 8.92318348633e-05, 6.30787253613e-05, 3.0586077628e-05, 1.61305069923e-05, 8.88630984264e-06, 5.37450932825e-06, 3.36022253578e-06, 3.59075693268e-06],
        "mean": [0.0021680961363, 0.00304313912056, 0.00163494457956, 0.000679107091855, 0.000237082218518, 0.000209546764381, 0.000205046468182, 9.18286968954e-05, 4.36041736975e-05, 3.8485191908e-05, 2.72955603577e-05, 3.17871526931e-05, 3.44763684552e-05, 7.03442492522e-05, 5.6098378991e-05, 5.05272291775e-05, 5.86002825003e-05, 3.5728498915e-05, 3.20715189446e-05, 3.46320339304e-05, 3.09916249535e-05, 2.21854661504e-05, 2.72641718766e-05, 1.59982773766e-05, 1.95403499674e-05, 3.94700655306e-05, 2.69136598945e-05, 1.94561289391e-05, 1.9887867893e-05, 2.07301291084e-05, 1.73850221472e-05, 1.25714059322e-05, 7.24954497855e-06, 3.53762720806e-06, 1.92913921637e-06, 1.23246968542e-06, 8.09842731542e-07, 5.36939523954e-07, 3.99922186034e-07, 2.82024586795e-07],
        "median": [0.00163983763196, 0.00227964390069, 0.00086510082474, 0.000329982372932, 9.59871686064e-05, 8.74411562108e-05, 0.000123460282339, 5.18499473401e-05, 2.39158380282e-05, 2.57577667071e-05, 1.94884996745e-05, 2.30076366279e-05, 2.91490468953e-05, 5.03401643073e-05, 4.52948006568e-05, 3.67898974218e-05, 4.50723382528e-05, 2.89327872451e-05, 2.66131100943e-05, 2.68293406407e-05, 2.33642094827e-05, 1.73355074367e-05, 2.12968006963e-05, 1.16200562843e-05, 1.65743549587e-05, 3.24426619045e-05, 2.30420628213e-05, 1.68016413227e-05, 1.66753106896e-05, 1.82923795364e-05, 1.46783404489e-05, 9.73094847723e-06, 5.05714251631e-06, 1.87829391507e-06, 9.03519207895e-07, 5.79543041113e-07, 3.86914166484e-07, 2.36603739268e-07, 1.97013520165e-07, 1.46528222444e-07],
        "min": [1.19988978014e-23, 1.39598813717e-23, 3.41075371969e-23, 7.73519217222e-24, 5.7672756978e-24, 3.50402074452e-24, 9.64973707881e-24, 3.86448284655e-24, 5.87744880069e-24, 4.61475385958e-24, 8.73155189451e-24, 4.49312176319e-24, 1.44893632336e-23, 1.11169797083e-23, 1.22974327446e-23, 9.91943126737e-24, 1.92659475692e-23, 1.15247655761e-23, 6.02926587076e-24, 7.79002194944e-24, 6.75233459319e-24, 1.28224717419e-23, 9.13706110967e-24, 1.51875335337e-23, 1.49339052864e-23, 1.22163378436e-23, 8.25915752978e-24, 7.96812859804e-24, 1.56653544726e-23, 1.45830657096e-23, 8.86305895172e-24, 1.53890575183e-23, 1.0645337128e-23, 9.19509602875e-24, 8.55784945635e-24, 1.29327205754e-23, 1.10381512047e-23, 7.72716866796e-24, 8.98312989238e-24, 1.12711515282e-23],
        "stdev": [0.00193738157395, 0.00283200480044, 0.00218836544082, 0.00131845741998, 0.000463580276119, 0.000324491003994, 0.000229551224038, 0.000127957682707, 6.46306725685e-05, 3.82578073186e-05, 2.68944622803e-05, 3.02458793158e-05, 2.76808277704e-05, 6.5282882133e-05, 4.52671556559e-05, 4.94412925036e-05, 5.12675651407e-05, 2.78010029433e-05, 2.42483038164e-05, 2.82956825686e-05, 2.5666800866e-05, 1.88251615327e-05, 2.33219452639e-05, 1.78117425094e-05, 1.39848452818e-05, 3.0197606975e-05, 2.01174680114e-05, 1.37073748192e-05, 1.48309536598e-05, 1.47067730722e-05, 1.56775186042e-05, 1.43447969094e-05, 8.73580847838e-06, 5.98019323661e-06, 3.14654380418e-06, 1.78342008894e-06, 1.16925320981e-06, 7.54838140438e-07, 5.3026593605e-07, 3.75821571197e-07],
