{
"metadata": {
    "version": {
        "essentia": "2.1-beta6-dev",
        "essentia_git_sha": "v2.1_beta5-778-gc9eadba6",
        "extractor": "music 2.0"
    },
    "audio_properties": {
        "analysis": {
            "equal_loudness": 0,
            "length": 9.99997711182,
            "sample_rate": 44100,
            "start_time": 0,
            "downmix": "mix"
        },
        "bit_rate": 128000,
        "length": 10,
        "lossless": 0,
        "number_channels": 2,
        "replay_gain": -11.8347415924,
        "sample_rate": 48000,
        "codec": "mp3",
        "md5_encoded": "2b3c578a62625e9dbc65256cd352dd3e"
    },
    "tags": {
        "file_name": "grandson-bloodwater.mp3",
        "encoding": ["Lavf59.16.100"]
    }
},
"lowlevel": {
    "average_loudness": 0.978684782982,
    "barkbands_crest": {
        "dmean": 2.38637161255,
        "dmean2": 3.66905045509,
        "dvar": 9.98491859436,
        "dvar2": 23.8523635864,
        "max": 26.2376022339,
        "mean": 18.1280193329,
        "median": 19.1441249847,
        "min": 2.55603837967,
        "stdev": 6.41334676743,
        "var": 41.1310157776
    },
    "barkbands_flatness_db": {
        "dmean": 0.0260818749666,
        "dmean2": 0.0370948538184,
        "dvar": 0.000792385311797,
        "dvar2": 0.00175327586476,
        "max": 0.303971260786,
        "mean": 0.186126828194,
        "median": 0.189306020737,
        "min": 0.0544757209718,
        "stdev": 0.057315543294,
        "var": 0.00328507134691
    },
    "barkbands_kurtosis": {
        "dmean": 6.45286655426,
        "dmean2": 9.81243991852,
        "dvar": 102.545204163,
        "dvar2": 231.574798584,
        "max": 114.098716736,
        "mean": 13.3284626007,
        "median": 11.9385185242,
        "min": -1.58232438564,
        "stdev": 14.4305944443,
        "var": 208.24206543
    },
    "barkbands_skewness": {
        "dmean": 0.825583636761,
        "dmean2": 1.1756888628,
        "dvar": 0.863676428795,
        "dvar2": 1.97093546391,
        "max": 10.2944927216,
        "mean": 3.10889220238,
        "median": 3.55569314957,
        "min": -0.963703036308,
        "stdev": 2.02477049828,
        "var": 4.09969520569
    },
    "barkbands_spread": {
        "dmean": 6.12185955048,
        "dmean2": 9.94128894806,
        "dvar": 59.2750968933,
        "dvar2": 145.068099976,
        "max": 72.8891220093,
        "mean": 18.9102954865,
        "median": 16.3212890625,
        "min": 2.69899511337,
        "stdev": 10.2850799561,
        "var": 105.782875061
    },
    "dissonance": {
        "dmean": 0.0115817952901,
        "dmean2": 0.0198189821094,
        "dvar": 0.000129294232465,
        "dvar2": 0.000352331786416,
        "max": 0.499974727631,
        "mean": 0.485717326403,
        "median": 0.489224076271,
        "min": 0.41195589304,
        "stdev": 0.0120705645531,
        "var": 0.000145698533743
    },
    "dynamic_complexity": 2.6930565834,
    "erbbands_crest": {
        "dmean": 2.60392808914,
        "dmean2": 4.13525533676,
        "dvar": 6.78969287872,
        "dvar2": 16.9815216064,
        "max": 22.6242256165,
        "mean": 7.9876036644,
        "median": 6.6980342865,
        "min": 2.55386781693,
        "stdev": 3.82800149918,
        "var": 14.6535959244
    },
    "erbbands_flatness_db": {
        "dmean": 0.0134305069223,
        "dmean2": 0.0202066767961,
        "dvar": 0.00014956756786,
        "dvar2": 0.000300076702842,
        "max": 0.287715882063,
        "mean": 0.134817391634,
        "median": 0.120152376592,
        "min": 0.0663381069899,
        "stdev": 0.0438045635819,
        "var": 0.00191883963998
    },
    "erbbands_kurtosis": {
        "dmean": 0.675976634026,
        "dmean2": 1.03984642029,
        "dvar": 0.451762080193,
        "dvar2": 1.04308664799,
        "max": 5.25910949707,
        "mean": 0.168705433607,
        "median": 0.0528646707535,
        "min": -1.6433442831,
        "stdev": 1.05045759678,
        "var": 1.10346114635
    },
    "erbbands_skewness": {
        "dmean": 0.350631773472,
        "dmean2": 0.503910958767,
        "dvar": 0.0856816917658,
        "dvar2": 0.188271254301,
        "max": 1.52613770962,
        "mean": -0.481217384338,
        "median": -0.551740169525,
        "min": -2.12634348869,
        "stdev": 0.553522765636,
        "var": 0.306387454271
    },
    "erbbands_spread": {
        "dmean": 9.3208990097,
        "dmean2": 14.2265348434,
        "dvar": 97.2892913818,
        "dvar2": 175.194473267,
        "max": 127.356758118,
        "mean": 47.72864151,
        "median": 44.7971229553,
        "min": 15.1208610535,
        "stdev": 17.1469612122,
        "var": 294.018280029
    },
    "hfc": {
        "dmean": 8.62864303589,
        "dmean2": 12.9171295166,
        "dvar": 215.603744507,
        "dvar2": 415.283203125,
        "max": 171.462493896,
        "mean": 34.7181396484,
        "median": 32.3181266785,
        "min": 3.37712350529e-07,
        "stdev": 25.0989398956,
        "var": 629.956787109
    },
    "loudness_ebu128": {
        "integrated": -7.51945638657,
        "loudness_range": 0.766432762146,
        "momentary": {
            "dmean": 0.614619553089,
            "dmean2": 0.474927723408,
            "dvar": 0.653080701828,
            "dvar2": 0.265157848597,
            "max": -5.59883403778,
            "mean": -8.48964118958,
            "median": -7.30608320236,
            "min": -21.9835567474,
            "stdev": 3.38210248947,
            "var": 11.4386177063
        },
        "short_term": {
            "dmean": 0.0669413805008,
            "dmean2": 0.0637278407812,
            "dvar": 0.00231102202088,
            "dvar2": 0.0034389977809,
            "max": -6.87578821182,
            "mean": -7.37110137939,
            "median": -7.30242729187,
            "min": -8.18949127197,
            "stdev": 0.276046097279,
            "var": 0.0762014463544
        }
    },
    "melbands_crest": {
        "dmean": 2.88375329971,
        "dmean2": 4.29934978485,
        "dvar": 19.5766735077,
        "dvar2": 39.4250640869,
        "max": 37.5465507507,
        "mean": 27.3490314484,
        "median": 29.2216415405,
        "min": 4.02050685883,
        "stdev": 9.2926568985,
        "var": 86.353477478
    },
    "melbands_flatness_db": {
        "dmean": 0.0312164798379,
        "dmean2": 0.0433133915067,
        "dvar": 0.00122276588809,
        "dvar2": 0.00241353153251,
        "max": 0.410051852465,
        "mean": 0.243186309934,
        "median": 0.271395146847,
        "min": 0.0383223444223,
        "stdev": 0.0961440950632,
        "var": 0.00924368668348
    },
    "melbands_kurtosis": {
        "dmean": 26.6093788147,
        "dmean2": 39.8599319458,
        "dvar": 1606.36486816,
        "dvar2": 3729.05737305,
        "max": 451.701904297,
        "mean": 58.7881355286,
        "median": 52.7222061157,
        "min": -1.51681733131,
        "stdev": 56.9998626709,
        "var": 3248.984375
    },
    "melbands_skewness": {
        "dmean": 1.53208017349,
        "dmean2": 2.24056720734,
        "dvar": 3.00599765778,
        "dvar2": 7.06257915497,
        "max": 18.6818332672,
        "mean": 6.22403764725,
        "median": 6.91344833374,
        "min": -0.425371289253,
        "stdev": 3.49660229683,
        "var": 12.2262268066
    },
    "melbands_spread": {
        "dmean": 6.57703971863,
        "dmean2": 10.1310462952,
        "dvar": 121.478591919,
        "dvar2": 262.816375732,
        "max": 113.726280212,
        "mean": 18.7065296173,
        "median": 8.4596118927,
        "min": 1.22369670868,
        "stdev": 21.2328243256,
        "var": 450.832794189
    },
    "pitch_salience": {
        "dmean": 0.0775933936238,
        "dmean2": 0.116257585585,
        "dvar": 0.00873305648565,
        "dvar2": 0.0175433568656,
        "max": 0.810871362686,
        "mean": 0.278573065996,
        "median": 0.178141131997,
        "min": 0.0653781369328,
        "stdev": 0.19859996438,
        "var": 0.0394419431686
    },
    "silence_rate_20dB": {
        "dmean": 0.00464037107304,
        "dmean2": 0.00930232554674,
        "dvar": 0.00461884820834,
        "dvar2": 0.013866902329,
        "max": 1,
        "mean": 0.997685194016,
        "median": 1,
        "min": 0,
        "stdev": 0.0480568185449,
        "var": 0.00230945786461
    },
    "silence_rate_30dB": {
        "dmean": 0.0371229685843,
        "dmean2": 0.0744186043739,
        "dvar": 0.0357448160648,
        "dvar2": 0.0688807442784,
        "max": 1,
        "mean": 0.340277791023,
        "median": 0,
        "min": 0,
        "stdev": 0.47380271554,
        "var": 0.22448900342
    },
    "silence_rate_60dB": {
        "dmean": 0.0139211136848,
        "dmean2": 0.0279069766402,
        "dvar": 0.013727129437,
        "dvar2": 0.0317796692252,
        "max": 1,
        "mean": 0.087962962687,
        "median": 0,
        "min": 0,
        "stdev": 0.283242046833,
        "var": 0.0802260562778
    },
    "spectral_centroid": {
        "dmean": 335.360351562,
        "dmean2": 500.911743164,
        "dvar": 121404.453125,
        "dvar2": 211337.484375,
        "max": 3532.03808594,
        "mean": 2558.98413086,
        "median": 2667.68945312,
        "min": 795.962097168,
        "stdev": 539.112060547,
        "var": 290641.78125
    },
    "spectral_complexity": {
        "dmean": 5.27610206604,
        "dmean2": 7.76279067993,
        "dvar": 31.7265491486,
        "dvar2": 62.8087844849,
        "max": 60,
        "mean": 21.7314815521,
        "median": 21,
        "min": 0,
        "stdev": 12.9051761627,
        "var": 166.543579102
    },
    "spectral_decrease": {
        "dmean": 6.01826677382e-09,
        "dmean2": 8.96708574061e-09,
        "dvar": 1.09195609737e-16,
        "dvar2": 2.77398922712e-16,
        "max": -1.36432232089e-16,
        "mean": -2.71727476076e-08,
        "median": -3.22600399727e-08,
        "min": -1.0408363238e-07,
        "stdev": 1.96104927852e-08,
        "var": 3.84571460429e-16
    },
    "spectral_energy": {
        "dmean": 0.0230234432966,
        "dmean2": 0.0340701527894,
        "dvar": 0.00155970733613,
        "dvar2": 0.00398419890553,
        "max": 0.396795123816,
        "mean": 0.105705194175,
        "median": 0.125086396933,
        "min": 5.4555920892e-10,
        "stdev": 0.0748190432787,
        "var": 0.00559788942337
    },
    "spectral_energyband_high": {
        "dmean": 0.000800645793788,
        "dmean2": 0.00120339496061,
        "dvar": 1.43641625527e-06,
        "dvar2": 2.77145886685e-06,
        "max": 0.0146347442642,
        "mean": 0.00230982271023,
        "median": 0.00188085087575,
        "min": 2.73920764543e-11,
        "stdev": 0.00212203874253,
        "var": 4.50304833066e-06
    },
    "spectral_energyband_low": {
        "dmean": 0.0224961508065,
        "dmean2": 0.0342173539102,
        "dvar": 0.00168293702882,
        "dvar2": 0.00419669412076,
        "max": 0.387544959784,
        "mean": 0.0928505286574,
        "median": 0.109994500875,
        "min": 3.41214889676e-10,
        "stdev": 0.0735246241093,
        "var": 0.00540587026626
    },
    "spectral_energyband_middle_high": {
        "dmean": 0.00220506032929,
        "dmean2": 0.00366550334729,
        "dvar": 9.7249103419e-06,
        "dvar2": 2.64809095825e-05,
        "max": 0.0254087634385,
        "mean": 0.00612521497533,
        "median": 0.00573431234807,
        "min": 4.31648640442e-11,
        "stdev": 0.00389786437154,
        "var": 1.51933472807e-05
    },
    "spectral_energyband_middle_low": {
        "dmean": 0.00515097379684,
        "dmean2": 0.00861742254347,
        "dvar": 0.000247980380664,
        "dvar2": 0.000622012245003,
        "max": 0.137124374509,
        "mean": 0.00457336427644,
        "median": 0.0013296805555,
        "min": 9.16991829691e-11,
        "stdev": 0.0141479987651,
        "var": 0.000200165872229
    },
    "spectral_entropy": {
        "dmean": 0.1533626616,
        "dmean2": 0.222520619631,
        "dvar": 0.0223386771977,
        "dvar2": 0.0517338514328,
        "max": 8.54860401154,
        "mean": 7.93766355515,
        "median": 7.97332668304,
        "min": 7.18374729156,
        "stdev": 0.246189549565,
        "var": 0.0606092959642
    },
    "spectral_flux": {
        "dmean": 0.0349703244865,
        "dmean2": 0.0476889051497,
        "dvar": 0.00285026640631,
        "dvar2": 0.00443914113566,
        "max": 0.471549928188,
        "mean": 0.103942267597,
        "median": 0.0698207467794,
        "min": 2.33572081925e-05,
        "stdev": 0.0908154323697,
        "var": 0.00824744254351
    },
    "spectral_kurtosis": {
        "dmean": 0.669219195843,
        "dmean2": 1.09351122379,
        "dvar": 0.345845729113,
        "dvar2": 0.852290213108,
        "max": 6.51068019867,
        "mean": 2.75274682045,
        "median": 2.66338586807,
        "min": 0.81420135498,
        "stdev": 0.881428360939,
        "var": 0.776915967464
    },
    "spectral_rms": {
        "dmean": 0.00105015968438,
        "dmean2": 0.00149057409726,
        "dvar": 2.68847111329e-06,
        "dvar2": 6.47690012556e-06,
        "max": 0.0196752939373,
        "mean": 0.00909176282585,
        "median": 0.0110469684005,
        "min": 7.29556631995e-07,
        "stdev": 0.00452402699739,
        "var": 2.04668194783e-05
    },
    "spectral_rolloff": {
        "dmean": 402.985687256,
        "dmean2": 612.944885254,
        "dvar": 744008.9375,
        "dvar2": 1264190.375,
        "max": 8118.01757812,
        "mean": 1279.2779541,
        "median": 86.1328125,
        "min": 64.599609375,
        "stdev": 2121.15258789,
        "var": 4499288
    },
    "spectral_skewness": {
        "dmean": 0.135908603668,
        "dmean2": 0.225139454007,
        "dvar": 0.01189332176,
        "dvar2": 0.0311977677047,
        "max": 2.21937727928,
        "mean": 1.17797398567,
        "median": 1.17676258087,
        "min": 0.746981918812,
        "stdev": 0.176671653986,
        "var": 0.0312128737569
    },
    "spectral_spread": {
        "dmean": 536460.3125,
        "dmean2": 808947.4375,
        "dvar": 268493373440,
        "dvar2": 500073234432,
        "max": 13023618,
        "mean": 5175630,
        "median": 5203066.5,
        "min": 2680774.75,
        "stdev": 990262.6875,
        "var": 980620148736
    },
    "spectral_strongpeak": {
        "dmean": 0.333371132612,
        "dmean2": 0.580204486847,
        "dvar": 0.454095870256,
        "dvar2": 1.27430737019,
        "max": 5.44385242462,
        "mean": 0.905429303646,
        "median": 0.797201991081,
        "min": 0,
        "stdev": 0.75231218338,
        "var": 0.565973579884
    },
    "zerocrossingrate": {
        "dmean": 0.012077880092,
        "dmean2": 0.0137752089649,
        "dvar": 0.000382850354072,
        "dvar2": 0.000487325014547,
        "max": 0.30078125,
        "mean": 0.059999819845,
        "median": 0.0322265625,
        "min": 0.00927734375,
        "stdev": 0.0569768324494,
        "var": 0.00324635952711
    },
    "barkbands": {
        "dmean": [0.00204725889489, 0.0210919324309, 0.00403144676238, 0.00134904799052, 0.000770044629462, 0.0020895509515, 0.00103349192068, 0.000298119120998, 0.000280504929833, 0.000466603320092, 0.000232393242186, 0.00097524834564, 0.000257129780948, 0.000309171242407, 0.000160418247106, 0.000306867819745, 0.000333124102326, 0.000274488527793, 0.000480635673739, 0.000314303790219, 0.000267243973212, 0.000248349533649, 0.000160124807735, 0.000156840804266, 0.000142693897942, 7.91921338532e-05, 9.29679754336e-06],
        "dmean2": [0.00306082912721, 0.0328780561686, 0.00721018435434, 0.00256782863289, 0.0014300243929, 0.00340202404186, 0.00186026073061, 0.00048590177903, 0.000499084300827, 0.000729912717361, 0.000406607927289, 0.00160126481205, 0.000453332730103, 0.00052267225692, 0.000276537524769, 0.000516912259627, 0.00058085861383, 0.000447766447905, 0.000737300841138, 0.000512859842274, 0.000435323105194, 0.000400139630074, 0.000253416306805, 0.000239695189521, 0.000239150846028, 0.000120060016343, 1.59124028869e-05],
        "dvar": [1.1658479707e-05, 0.00167400075588, 0.000236016814597, 3.05102676066e-05, 8.80085281096e-06, 0.000112568784971, 2.61768363998e-05, 4.17842016986e-07, 3.56817707825e-07, 6.4576221348e-07, 2.22686779239e-07, 2.35386914937e-06, 2.83469205442e-07, 2.41867837758e-07, 1.13585841177e-07, 1.31337557718e-07, 3.45276760072e-07, 1.79965240932e-07, 2.18543078745e-07, 1.49511464542e-07, 8.46570600288e-08, 1.23244021211e-07, 6.74920812571e-08, 7.53081295102e-08, 5.60650406101e-08, 1.59528568133e-08, 2.86836249197e-10],
        "dvar2": [2.35783045355e-05, 0.00444967811927, 0.000633067218587, 8.78327919054e-05, 2.54429396591e-05, 0.000283396104351, 7.38757444196e-05, 1.06209392925e-06, 9.96028802547e-07, 1.55859595452e-06, 6.20356047421e-07, 5.71045075048e-06, 7.98245537226e-07, 6.59273780457e-07, 3.14895174824e-07, 3.40379472163e-07, 9.80583877208e-07, 4.56480023558e-07, 4.92605977342e-07, 3.52012534677e-07, 2.28967465432e-07, 2.88037455221e-07, 1.60047449071e-07, 1.58967097263e-07, 1.33634017629e-07, 3.71605537453e-08, 7.85264686609e-10],
        "max": [0.046342484653, 0.369938313961, 0.119774490595, 0.0398948267102, 0.0236701983958, 0.0872345864773, 0.0511683002114, 0.00619261991233, 0.00402000173926, 0.00773191684857, 0.00410006241873, 0.0111883562058, 0.0036929147318, 0.00583876157179, 0.00302118086256, 0.00243721320294, 0.00656123319641, 0.00476757902652, 0.00381448352709, 0.0037250155583, 0.00269332155585, 0.00401939684525, 0.00374878477305, 0.0032367228996, 0.0026706175413, 0.00116200640332, 0.000110081018647],
        "mean": [0.00933761429042, 0.0805285647511, 0.0028700302355, 0.00083322142018, 0.000551586505026, 0.00157540896907, 0.000788376142737, 0.000449548504548, 0.000314983597491, 0.000671532412525, 0.000272106175544, 0.00153296068311, 0.000291845906759, 0.000440927455202, 0.000205665899557, 0.000520259956829, 0.000515180872753, 0.000458962138509, 0.000946030893829, 0.000588628579862, 0.000557083345484, 0.000469034304842, 0.000317899946822, 0.000280707492493, 0.000227281532716, 0.000150171646965, 9.65884373727e-06],
        "median": [0.00130346021615, 0.0849259197712, 7.77846944402e-05, 5.43974674656e-05, 8.75624755281e-05, 0.000112764748337, 0.000112743873615, 0.000141010503285, 0.000159467497724, 0.000214991072426, 0.000139701456646, 0.000693256268278, 0.000127876774059, 0.000250609300565, 0.000108190797619, 0.000342570245266, 0.000273724173894, 0.00028730701888, 0.000696965260431, 0.000470704981126, 0.000454538036138, 0.000326263078023, 0.000203407456866, 0.000170503582922, 0.000130434622406, 6.49962894386e-05, 2.48764536082e-06],
        "min": [1.36304093012e-10, 1.70132713473e-10, 7.78420383707e-11, 4.6145670618e-11, 3.38640886166e-11, 1.93232365872e-12, 6.29992369036e-13, 1.10603605268e-12, 6.4218253111e-12, 1.15179333085e-11, 3.58398250314e-12, 5.58855305782e-12, 1.06243789808e-12, 1.97207397981e-12, 1.31533575264e-12, 1.25686288634e-12, 4.28408870878e-12, 6.32002523232e-12, 5.73557781131e-12, 4.25643981866e-12, 5.31383834504e-12, 5.45797738602e-12, 1.95310044179e-12, 4.31946839408e-12, 3.10972211523e-12, 3.34409344833e-12, 7.73939452022e-13],
        "stdev": [0.0125224115327, 0.0675287470222, 0.0125192729756, 0.00416666828096, 0.00228904862888, 0.00927274953574, 0.00395696563646, 0.000814756494947, 0.00052108214004, 0.00109417922795, 0.000436352391262, 0.00198434037156, 0.000480358343339, 0.00055390666239, 0.000333955686074, 0.000513316772413, 0.000714288267773, 0.000534438644536, 0.000781731388997, 0.000551529810764, 0.000447750411695, 0.000497190863825, 0.000406497390941, 0.000380611047149, 0.00032189823105, 0.000198688212549, 1.68985261553e-05],
        "var": [0.000156810783665, 0.0045601320453, 0.000156732203322, 1.73611242644e-05, 5.23974404132e-06, 8.59838764882e-05, 1.56575788424e-05, 6.63828132019e-07, 2.7152657367e-07, 1.19722812997e-06, 1.90403412148e-07, 3.93760683437e-06, 2.3074413491e-07, 3.06812609097e-07, 1.11526397006e-07, 2.63494115416e-07, 5.10207712523e-07, 2.85624651042e-07, 6.11103985193e-07, 3.04185164168e-07, 2.00480442913e-07, 2.47198755687e-07, 1.65240123806e-07, 1.44864770846e-07, 1.03618475578e-07, 3.94770047762e-08, 2.85560158853e-10]
    },
    "erbbands": {
        "dmean": [0.954304397106, 3.59581446648, 5.04110717773, 4.4044342041, 3.51206946373, 2.24184513092, 1.98560917377, 22.3756046295, 22.2947864532, 7.76634454727, 7.05373191833, 6.23529720306, 10.6361598969, 11.2268571854, 17.4401702881, 35.9988098145, 12.4896240234, 10.1694993973, 14.5334091187, 8.04834365845, 17.0002784729, 21.2706546783, 15.3587474823, 18.6363677979, 17.8445014954, 14.082113266, 11.9320316315, 10.5685386658, 9.83341121674, 5.46109724045, 4.29219198227, 3.32434558868, 2.71827960014, 1.8229174614, 0.949600636959, 0.462769985199, 0.119582958519, 0.0282133631408, 0.000712181965355, 3.39392972819e-05],
        "dmean2": [1.50522065163, 5.62515258789, 8.64638900757, 7.80132102966, 6.60418081284, 4.07637786865, 3.20116233826, 36.2330551147, 38.8934745789, 13.8624572754, 11.3159351349, 11.1639900208, 17.1300792694, 18.3451080322, 28.5866508484, 60.0445480347, 21.9575080872, 17.2343578339, 24.3774089813, 12.9012145996, 28.820482254, 36.5743179321, 24.8223819733, 28.574886322, 28.3973293304, 23.0289287567, 19.8928623199, 17.4019088745, 15.7450532913, 8.51462173462, 6.55649423599, 4.9895863533, 4.34243965149, 3.11576294899, 1.54275453091, 0.715685069561, 0.179249703884, 0.0442531555891, 0.00114670372568, 4.87834549858e-05],
        "dvar": [3.4613161087, 60.3308181763, 289.794067383, 296.912841797, 191.124267578, 69.0861358643, 29.0655345917, 13002.2158203, 13593.5556641, 1027.56738281, 224.854446411, 175.821868896, 325.022338867, 362.773162842, 763.556640625, 3808.51098633, 732.751831055, 252.233703613, 619.588684082, 193.809967041, 400.364959717, 1626.26611328, 681.224609375, 421.098693848, 338.295928955, 311.707763672, 223.170272827, 182.648696899, 182.470794678, 64.6274719238, 51.7152824402, 31.946062088, 21.459777832, 11.2734441757, 1.90195190907, 0.499349832535, 0.0373875126243, 0.00203899852931, 1.40446161367e-06, 2.40131603491e-09],
        "dvar2": [9.65960597992, 145.346878052, 755.819458008, 811.60559082, 551.053039551, 200.056518555, 58.2975921631, 31728.9882812, 37586.1523438, 2900.94042969, 544.071105957, 490.028198242, 829.887268066, 941.344909668, 2071.58911133, 9240.80664062, 2101.48461914, 696.636169434, 1670.70776367, 492.834075928, 1050.65307617, 4657.61767578, 1728.56542969, 974.433654785, 788.458068848, 745.567871094, 605.015197754, 483.788452148, 440.471374512, 144.936325073, 115.272903442, 62.119304657, 48.7815589905, 26.8876991272, 4.6361913681, 1.2112185955, 0.0832714512944, 0.00523641053587, 3.67104507859e-06, 6.23984641734e-09],
        "max": [12.8585128784, 90.5949401855, 129.511688232, 135.284439087, 93.9682006836, 70.0081787109, 43.3401794434, 944.127319336, 1219.19445801, 341.021789551, 163.66267395, 94.9046630859, 150.481048584, 164.869720459, 249.471176147, 437.09463501, 182.991119385, 117.640861511, 315.50402832, 138.112121582, 144.231124878, 461.799530029, 325.264099121, 180.293960571, 195.33895874, 168.938568115, 171.155990601, 106.388015747, 148.552093506, 96.5137939453, 100.437042236, 65.5276107788, 57.1653556824, 42.162689209, 12.7275304794, 6.67151021957, 1.71131873131, 0.364178001881, 0.0091528268531, 0.000492969702464],
        "mean": [3.61235356331, 12.8464860916, 6.1146607399, 3.11496067047, 2.37749314308, 1.63055813313, 2.09961223602, 17.296421051, 16.824131012, 7.32330083847, 10.6307659149, 7.24822330475, 15.4844989777, 16.8041419983, 28.421754837, 51.992641449, 15.4811668396, 14.7235984802, 21.6096096039, 14.3282661438, 29.665763855, 34.8105812073, 26.1925296783, 40.346244812, 38.4862365723, 27.885974884, 24.7272090912, 20.8034744263, 19.3815879822, 11.1091070175, 8.24190711975, 6.17269849777, 4.4150853157, 2.68531155586, 1.60070598125, 0.735418260098, 0.245041370392, 0.0480020940304, 0.00116159184836, 0.000154043198563],
        "median": [4.223736763, 6.47576999664, 0.665587842464, 0.318861603737, 0.260777771473, 0.236336678267, 0.410290360451, 1.12324333191, 1.67444396019, 2.46921873093, 3.99473953247, 3.8584754467, 5.94710445404, 8.57126045227, 15.71276474, 24.0775985718, 8.25714492798, 8.31900405884, 13.569606781, 8.28191757202, 19.8546390533, 19.4505252838, 17.7317581177, 29.4963874817, 29.8438835144, 21.8591537476, 20.0159339905, 14.7943687439, 13.3827447891, 7.35075044632, 5.2789888382, 3.87027430534, 2.76477813721, 1.52097296715, 0.956861376762, 0.345693647861, 0.103689700365, 0.016367200762, 0.000463029398816, 0.000164212804521],
        "min": [6.66729249588e-09, 3.25830313841e-08, 8.52980832633e-08, 1.36374623594e-07, 1.42347374776e-07, 1.01992270629e-07, 4.44777228381e-08, 1.00825818805e-08, 6.51417764175e-09, 1.08391722264e-08, 5.65928139906e-08, 1.57287956881e-07, 2.16204469439e-07, 3.81759690526e-07, 1.15840215642e-07, 2.25665800713e-07, 6.19310185357e-08, 9.12088324867e-08, 9.65637880768e-08, 8.04336934834e-08, 8.17721428348e-08, 2.61685045189e-07, 2.44242698955e-07, 4.56156243445e-07, 2.01876986239e-07, 1.49358371004e-07, 2.07091972015e-07, 2.62198852852e-07, 2.43082752149e-07, 1.22780193124e-07, 4.6582641744e-08, 7.71023280777e-08, 6.50200888686e-08, 4.23466488542e-08, 1.76356564907e-08, 1.154411855e-08, 6.10011330338e-09, 1.63796443076e-09, 1.1089227453e-10, 8.82686285175e-12],
        "stdev": [2.95912837982, 14.1526651382, 15.2910928726, 13.8882513046, 10.587975502, 6.43494176865, 5.6279463768, 102.134880066, 92.7895355225, 25.3114204407, 19.2443313599, 11.6353683472, 23.2355766296, 23.4303836823, 33.7223587036, 70.9917297363, 23.6936340332, 17.7812461853, 27.194688797, 17.6684989929, 27.2682418823, 48.4515419006, 31.2485160828, 33.1442337036, 31.8242073059, 25.0574493408, 21.10871315, 19.3972797394, 19.7822303772, 12.8861618042, 10.9728803635, 8.40650081635, 6.1029458046, 4.1521935463, 2.04030489922, 1.02698230743, 0.319495618343, 0.0656720250845, 0.00155679741874, 0.000104968967207],
        "var": [8.75644016266, 200.297927856, 233.817520142, 192.883529663, 112.10521698, 41.4084777832, 31.6737823486, 10431.5332031, 8609.8984375, 640.668029785, 370.344299316, 135.38180542, 539.892028809, 548.982849121, 1137.1973877, 5039.82617188, 561.388305664, 316.172729492, 739.551147461, 312.175842285, 743.557006836, 2347.55200195, 976.469787598, 1098.54016113, 1012.78015137, 627.875732422, 445.577789307, 376.254486084, 391.336639404, 166.053161621, 120.40411377, 70.6692504883, 37.2459487915, 17.2407131195, 4.16284370422, 1.054692626, 0.102077446878, 0.004312814679, 2.42361829805e-06, 1.10184839031e-08]
    },
    "gfcc": {
        "mean": [20.3773193359, 24.1253566742, -119.952812195, 48.1593360901, -45.7828445435, 35.0990715027, -12.5369701385, 31.5845794678, -15.0985212326, 19.1001148224, -3.91759300232, 16.3985786438, -7.34888935089],
        "cov": [[8859.50097656, 992.616882324, 1197.82348633, 311.146087646, 666.572814941, 145.005401611, 121.159095764, 112.077346802, 133.110839844, 237.345321655, 23.4427967072, 189.048141479, 164.976272583], [992.616882324, 1074.64343262, 823.858520508, 521.075744629, 622.894348145, 189.999053955, 344.763183594, 144.676864624, 201.463439941, 0.0979987382889, -17.5925197601, -63.2725372314, 93.7314910889], [1197.82348633, 823.858520508, 1339.68579102, 533.940124512, 763.916442871, 294.812805176, 393.643707275, 201.913574219, 135.863342285, 58.3758163452, -27.4901371002, 108.110816956, 134.822021484], [311.146087646, 521.075744629, 533.940124512, 467.099761963, 466.204467773, 235.290390015, 286.602539062, 106.59487915, 116.518386841, -10.7623291016, 38.2569007874, -6.48514699936, 29.1354370117], [666.572814941, 622.894348145, 763.916442871, 466.204467773, 693.463867188, 294.687316895, 359.312164307, 162.897338867, 136.392578125, 21.7184391022, 3.80110859871, 29.8543357849, 57.8738822937], [145.005401611, 189.999053955, 294.812805176, 235.290390015, 294.687316895, 314.945770264, 229.850814819, 51.6388702393, 11.9531030655, -19.4888763428, 61.0863456726, 65.3076019287, 38.2414398193], [121.159095764, 344.763183594, 393.643707275, 286.602539062, 359.312164307, 229.850814819, 312.041351318, 126.776847839, 91.5341339111, -10.1155910492, 22.6365623474, 25.6724338531, 41.0314216614], [112.077346802, 144.676864624, 201.913574219, 106.59487915, 162.897338867, 51.6388702393, 126.776847839, 164.762268066, 119.316711426, 58.7340164185, 11.8469610214, 7.30427360535, 20.045715332], [133.110839844, 201.463439941, 135.863342285, 116.518386841, 136.392578125, 11.9531030655, 91.5341339111, 119.316711426, 176.563919067, 85.6075973511, 21.9963130951, -19.9051456451, 12.9533596039], [237.345321655, 0.0979987382889, 58.3758163452, -10.7623291016, 21.7184391022, -19.4888763428, -10.1155910492, 58.7340164185, 85.6075973511, 128.493164062, 45.0509567261, 30.1245803833, 7.38529062271], [23.4427967072, -17.5925197601, -27.4901371002, 38.2569007874, 3.80110859871, 61.0863456726, 22.6365623474, 11.8469610214, 21.9963130951, 45.0509567261, 128.329452515, 66.8540039062, 10.9348936081], [189.048141479, -63.2725372314, 108.110816956, -6.48514699936, 29.8543357849, 65.3076019287, 25.6724338531, 7.30427360535, -19.9051456451, 30.1245803833, 66.8540039062, 136.130218506, 48.5538749695], [164.976272583, 93.7314910889, 134.822021484, 29.1354370117, 57.8738822937, 38.2414398193, 41.0314216614, 20.045715332, 12.9533596039, 7.38529062271, 10.9348936081, 48.5538749695, 79.1781311035]],
        "icov": [[0.000155135945533, -0.000267756026005, 2.19813318836e-06, 7.21520918887e-05, -6.92646863172e-05, -9.52085174504e-05, 0.00026816688478, -6.01626561547e-05, 0.000204582785955, -0.000361041369615, 0.000182459873031, -0.000349230453139, 0.000125474252854], [-0.000267756026005, 0.00505873933434, -0.00193591427524, -0.000651312293485, -0.0015422408469, 0.0019036794547, -0.00178252987098, 0.00297937635332, -0.00367528968491, 0.0028644441627, -0.00335014099255, 0.00583882629871, -0.00430105160922], [2.19813318836e-06, -0.00193591427524, 0.00436998624355, -0.00290516507812, -0.00131412758492, 0.000407649436966, 0.000311641022563, -0.00234103272669, 0.00398947903886, -0.00402477616444, 0.0049649188295, -0.00504599977285, -0.000758662703447], [7.21520918887e-05, -0.000651312293485, -0.00290516507812, 0.0131677575409, -0.00362120708451, -0.00183721724898, -0.00175436190329, 0.00290262349881, -0.00563485827297, 0.00628631561995, -0.0076807802543, 0.00494184019044, 0.00279640313238], [-6.92646863172e-05, -0.0015422408469, -0.00131412758492, -0.00362120708451, 0.00899270921946, -0.0028803346213, -0.00156279851217, -0.0014228282962, 0.000449205894256, -0.00225547002628, 0.00370961427689, -0.00209528021514, 0.00243781018071], [-9.52085174504e-05, 0.0019036794547, 0.000407649436966, -0.00183721724898, -0.0028803346213, 0.0118392324075, -0.00773749081418, 0.00228312565014, 0.00366097199731, -0.000549927353859, -0.00388446752913, 0.000341860461049, -0.00247520720586], [0.00026816688478, -0.00178252987098, 0.000311641022563, -0.00175436190329, -0.00156279851217, -0.00773749081418, 0.0178197231144, -0.00746143888682, -0.00282346620224, 0.00504439743236, 0.00188084144611, -0.00321180792525, 0.000901426828932], [-6.01626561547e-05, 0.00297937635332, -0.00234103272669, 0.00290262349881, -0.0014228282962, 0.00228312565014, -0.00746143888682, 0.0188457239419, -0.010751105845, 5.34288374183e-05, -0.00200400245376, 0.00290799303912, -0.00120339822024], [0.000204582785955, -0.00367528968491, 0.00398947903886, -0.00563485827297, 0.000449205894256, 0.00366097199731, -0.00282346620224, -0.010751105845, 0.0260419212282, -0.0157927665859, 0.0026814811863, 0.000609390845057, -0.00223794602789], [-0.000361041369615, 0.0028644441627, -0.00402477616444, 0.00628631561995, -0.00225547002628, -0.000549927353859, 0.00504439743236, 5.34288374183e-05, -0.0157927665859, 0.0249915067106, -0.00981921702623, 0.00143096968532, 0.0019191459287], [0.000182459873031, -0.00335014099255, 0.0049649188295, -0.0076807802543, 0.00370961427689, -0.00388446752913, 0.00188084144611, -0.00200400245376, 0.0026814811863, -0.00981921702623, 0.0228365864605, -0.0151277976111, 0.00325533910654], [-0.000349230453139, 0.00583882629871, -0.00504599977285, 0.00494184019044, -0.00209528021514, 0.000341860461049, -0.00321180792525, 0.00290799303912, 0.000609390845057, 0.00143096968532, -0.0151277976111, 0.0269351247698, -0.0117772752419], [0.000125474252854, -0.00430105160922, -0.000758662703447, 0.00279640313238, 0.00243781018071, -0.00247520720586, 0.000901426828932, -0.00120339822024, -0.00223794602789, 0.0019191459287, 0.00325533910654, -0.0117772752419, 0.02393351309]]
    },
    "melbands": {
        "dmean": [0.00692759500816, 0.00284677976742, 0.000703152909409, 0.000200500580831, 7.20198804629e-05, 0.000493267143611, 0.000315378099913, 7.47486992623e-05, 5.44529066246e-05, 3.98411830247e-05, 5.89977535128e-05, 5.23618800798e-05, 3.97628828068e-05, 0.00012946240895, 5.12137085025e-05, 2.18568766286e-05, 2.01103175641e-05, 2.91567012027e-05, 1.13620535558e-05, 1.63039203471e-05, 2.21745231102e-05, 2.45824921876e-05, 1.42397511809e-05, 1.37142933454e-05, 1.69610702869e-05, 2.21422124014e-05, 1.18727912195e-05, 1.04013060991e-05, 8.43346424517e-06, 6.34107937003e-06, 6.19309776084e-06, 7.12399651093e-06, 3.82072994398e-06, 3.1673923786e-06, 2.76690661849e-06, 2.43446584136e-06, 2.11358451452e-06, 2.01568172997e-06, 1.68995404692e-06, 1.64102766576e-06],
        "dmean2": [0.0109322713688, 0.00424422696233, 0.00123243301641, 0.000376940792194, 0.00011644368351, 0.000794954772573, 0.000550666532945, 0.000134708694532, 8.8405868155e-05, 7.21557880752e-05, 9.49286695686e-05, 8.48561321618e-05, 6.72772730468e-05, 0.000209402947803, 8.8184067863e-05, 3.78443619411e-05, 3.39693506248e-05, 4.86049611936e-05, 1.94466665562e-05, 2.70018663286e-05, 3.7328882172e-05, 4.25350081059e-05, 2.38817265199e-05, 2.21577574848e-05, 2.6215095204e-05, 3.4185784898e-05, 2.02541159524e-05, 1.71328338183e-05, 1.40995898619e-05, 1.01428304333e-05, 1.02666936073e-05, 1.1543124856e-05, 6.18744525127e-06, 5.12939914188e-06, 4.47858201369e-06, 3.82381722375e-06, 3.17767558045e-06, 3.20657318298e-06, 2.76734067484e-06, 2.81091774923e-06],
        "dvar": [0.00017579026462, 4.82290524815e-05, 7.09209234628e-06, 6.11061977907e-07, 3.46151303177e-08, 6.24748781775e-06, 2.64829100161e-06, 7.58133253953e-08, 1.26251737953e-08, 8.14350364919e-09, 1.01153876386e-08, 7.82494335994e-09, 4.59168258971e-09, 4.02132123156e-08, 1.02743102914e-08, 1.97281213588e-09, 8.84579243188e-10, 2.64570476638e-09, 7.79021624986e-10, 5.85671067199e-10, 7.66167296273e-10, 2.24608687205e-09, 5.21748644289e-10, 3.9202888158e-10, 3.66571273336e-10, 5.11605646736e-10, 3.03784025713e-10, 1.66336208696e-10, 1.08071461502e-10, 6.22117773963e-11, 6.15611311927e-11, 9.01656874164e-11, 4.17943596398e-11, 2.22880897766e-11, 2.51714777494e-11, 1.32654347576e-11, 1.33411597741e-11, 1.16448370044e-11, 1.09801751025e-11, 7.98369963889e-12],
        "dvar2": [0.000476317305584, 0.000112158937554, 1.88583017007e-05, 1.77779372734e-06, 8.39093416971e-08, 1.55729012477e-05, 7.27395490685e-06, 2.17391857404e-07, 3.1478037954e-08, 2.27938183883e-08, 2.52513743249e-08, 1.99496419384e-08, 1.27108830128e-08, 9.48277047996e-08, 2.86434929109e-08, 5.51436851737e-09, 2.46592901654e-09, 7.07679603806e-09, 2.19843254712e-09, 1.51833434714e-09, 2.02638439362e-09, 6.45391873277e-09, 1.31339061848e-09, 1.02202846186e-09, 8.37534430698e-10, 1.18459586584e-09, 8.28489332694e-10, 4.20832646508e-10, 3.05595798666e-10, 1.64315963613e-10, 1.60319840736e-10, 2.17236742484e-10, 1.0245077009e-10, 5.30506645557e-11, 5.9218414894e-11, 2.75933269289e-11, 2.71598802476e-11, 2.60711261607e-11, 2.73559369601e-11, 1.88739388701e-11],
        "max": [0.100012026727, 0.0625036582351, 0.0200641490519, 0.00605295971036, 0.00131375005003, 0.0206910669804, 0.0167918018997, 0.00294359773397, 0.00119590584654, 0.000611930270679, 0.000880527833942, 0.000751795014367, 0.000627551693469, 0.00133890635334, 0.000739026465453, 0.000368729437469, 0.000230521516642, 0.000669818429742, 0.000257926410995, 0.000214562373003, 0.000225893381867, 0.000540272565559, 0.000256526371231, 0.000170787214302, 0.000156991940457, 0.000208763827686, 0.00014726590598, 9.80979966698e-05, 0.000123183854157, 7.63351417845e-05, 6.34332391201e-05, 8.39551357785e-05, 8.4226958279e-05, 6.34591342532e-05, 7.13266854291e-05, 4.34990579379e-05, 4.06450853916e-05, 3.71630121663e-05, 4.9419417337e-05, 3.13934651786e-05],
        "mean": [0.0271095521748, 0.00725826853886, 0.000505768985022, 0.00013760526781, 6.77688294672e-05, 0.00037460346357, 0.00023921772663, 8.10546334833e-05, 8.06543830549e-05, 4.34674293501e-05, 8.47034607432e-05, 7.67420133343e-05, 5.83164692216e-05, 0.000201048504096, 5.69707772229e-05, 2.58035015577e-05, 2.82906148641e-05, 4.16116708948e-05, 1.43555480463e-05, 2.72451361525e-05, 3.43488427461e-05, 3.75682793674e-05, 2.18738914555e-05, 2.27608106798e-05, 3.3324045944e-05, 4.09522253904e-05, 1.9105440515e-05, 1.7948968889e-05, 1.63543354574e-05, 1.21278608276e-05, 1.11617864604e-05, 1.29374448079e-05, 6.18371814198e-06, 6.46812532068e-06, 5.04406852997e-06, 4.20842934545e-06, 3.48815274265e-06, 3.14390899803e-06, 2.53699681707e-06, 2.1785217541e-06],
        "median": [0.0325304083526, 0.00222479738295, 3.68724868167e-05, 1.79775324796e-05, 1.27564626382e-05, 2.73203513643e-05, 2.58891304838e-05, 2.63389338215e-05, 3.29738286382e-05, 2.10788894037e-05, 3.07392911054e-05, 3.19191167364e-05, 3.39800499205e-05, 7.34671702958e-05, 2.5143581297e-05, 1.1550837371e-05, 1.55554280354e-05, 2.55375580309e-05, 7.49686341805e-06, 1.21610028145e-05, 1.98194411496e-05, 1.84032396646e-05, 1.39769927046e-05, 1.36899361678e-05, 2.36496052821e-05, 2.91530195682e-05, 1.17777954074e-05, 1.33771663968e-05, 1.29605377879e-05, 8.54499012348e-06, 7.64359720051e-06, 8.01631176728e-06, 4.20461401518e-06, 4.26425185651e-06, 3.13882810588e-06, 2.48440142059e-06, 1.9907774913e-06, 1.87569605714e-06, 1.46671277435e-06, 1.17437912195e-06],
        "min": [5.99721869388e-11, 4.38916333834e-11, 2.37237469253e-11, 8.74617739344e-12, 2.01873652343e-12, 2.33956869719e-13, 1.08199500791e-13, 1.04811450317e-13, 6.22105394543e-13, 9.51107356935e-13, 1.12152019442e-12, 1.66281365847e-12, 3.82167008543e-13, 6.2351670051e-13, 3.46626671593e-13, 1.00067096807e-13, 1.72823493255e-13, 1.7159228682e-13, 7.74259874422e-14, 1.14602975005e-13, 9.08394385646e-14, 3.18091934086e-13, 1.27243118928e-13, 3.29358827537e-13, 3.92910611815e-13, 1.35847360921e-13, 1.07428734691e-13, 1.02349044225e-13, 1.82346610142e-13, 7.50752270681e-14, 1.65073290865e-13, 1.42887776806e-13, 1.04125428169e-13, 5.49500359494e-14, 2.50755887815e-14, 3.31976471053e-14, 4.86134773387e-14, 4.12591679843e-14, 5.85376473856e-14, 2.53112790872e-14],
        "stdev": [0.0215960554779, 0.00974709261209, 0.00221303733997, 0.000595367630012, 0.00017482774274, 0.00220455694944, 0.00130393973086, 0.000220202797209, 0.000139205279993, 7.69573525758e-05, 0.000131521417643, 0.000114412789117, 7.11672691978e-05, 0.000276351434877, 8.98267971934e-05, 4.17793780798e-05, 3.4344400774e-05, 5.53906429559e-05, 2.61799741565e-05, 3.6090877984e-05, 3.70601628674e-05, 5.71672790102e-05, 2.65371782007e-05, 2.5903702408e-05, 3.00042411254e-05, 3.8263748138e-05, 2.10956877709e-05, 1.76255343831e-05, 1.4452418327e-05, 1.1262278349e-05, 1.0851159459e-05, 1.44486411955e-05, 7.92463379184e-06, 7.81067319622e-06, 7.05406773704e-06, 5.48724074179e-06, 5.10816107635e-06, 4.46078001914e-06, 3.94509379475e-06, 3.46455408362e-06],
