{
"metadata": {
    "version": {
        "essentia": "2.1-beta6-dev",
        "essentia_git_sha": "v2.1_beta5-778-gc9eadba6",
        "extractor": "music 2.0"
    },
    "audio_properties": {
        "analysis": {
            "equal_loudness": 0,
            "length": 9.99997711182,
            "sample_rate": 44100,
            "start_time": 0,
            "downmix": "mix"
        },
        "bit_rate": 128000,
        "length": 10,
        "lossless": 0,
        "number_channels": 2,
        "replay_gain": -10.0398235321,
        "sample_rate": 48000,
        "codec": "mp3",
        "md5_encoded": "cd775e696fb7aaca7c9c29a00ec42d82"
    },
    "tags": {
        "file_name": "icedearth-thephantomoperaghost2.mp3",
        "encoding": ["Lavf59.16.100"]
    }
},
"lowlevel": {
    "average_loudness": 0.981234848499,
    "barkbands_crest": {
        "dmean": 4.91663551331,
        "dmean2": 8.48868846893,
        "dvar": 13.6681976318,
        "dvar2": 36.2682037354,
        "max": 21.2686767578,
        "mean": 11.2935142517,
        "median": 10.8332595825,
        "min": 3.42213630676,
        "stdev": 4.38729572296,
        "var": 19.2483654022
    },
    "barkbands_flatness_db": {
        "dmean": 0.0416284762323,
        "dmean2": 0.0652819946408,
        "dvar": 0.00102032534778,
        "dvar2": 0.00250852201134,
        "max": 0.281282156706,
        "mean": 0.111857928336,
        "median": 0.100625380874,
        "min": 0.0296963881701,
        "stdev": 0.0534618571401,
        "var": 0.00285817030817
    },
    "barkbands_kurtosis": {
        "dmean": 7.37042140961,
        "dmean2": 12.0811977386,
        "dvar": 116.620437622,
        "dvar2": 235.648071289,
        "max": 104.726837158,
        "mean": 7.18539476395,
        "median": 2.13675761223,
        "min": -1.56874322891,
        "stdev": 13.9143228531,
        "var": 193.608383179
    },
    "barkbands_skewness": {
        "dmean": 1.24547660351,
        "dmean2": 1.96797227859,
        "dvar": 1.06094419956,
        "dvar2": 2.31897234917,
        "max": 9.62432479858,
        "mean": 2.23987030983,
        "median": 1.86026108265,
        "min": -0.203955844045,
        "stdev": 1.67193627357,
        "var": 2.7953710556
    },
    "barkbands_spread": {
        "dmean": 14.9022169113,
        "dmean2": 24.5618896484,
        "dvar": 144.123214722,
        "dvar2": 347.050842285,
        "max": 85.8762283325,
        "mean": 35.9484100342,
        "median": 37.3388519287,
        "min": 2.29848051071,
        "stdev": 17.7332344055,
        "var": 314.46762085
    },
    "dissonance": {
        "dmean": 0.00691975001246,
        "dmean2": 0.0115569178015,
        "dvar": 4.56303932879e-05,
        "dvar2": 0.000114905051305,
        "max": 0.499501496553,
        "mean": 0.487494707108,
        "median": 0.490545839071,
        "min": 0.401386767626,
        "stdev": 0.0119874859229,
        "var": 0.000143699828186
    },
    "dynamic_complexity": 2.56184101105,
    "erbbands_crest": {
        "dmean": 2.17122292519,
        "dmean2": 3.56174063683,
        "dvar": 3.80537772179,
        "dvar2": 9.08898353577,
        "max": 20.6785640717,
        "mean": 6.51865530014,
        "median": 5.8842048645,
        "min": 2.518045187,
        "stdev": 2.59730267525,
        "var": 6.74598169327
    },
    "erbbands_flatness_db": {
        "dmean": 0.0137384384871,
        "dmean2": 0.0211066473275,
        "dvar": 0.000128448489704,
        "dvar2": 0.000294515455607,
        "max": 0.183436870575,
        "mean": 0.0955353453755,
        "median": 0.0944797694683,
        "min": 0.0427781939507,
        "stdev": 0.0194112509489,
        "var": 0.000376796670025
    },
    "erbbands_kurtosis": {
        "dmean": 1.08303964138,
        "dmean2": 1.71414268017,
        "dvar": 1.05036950111,
        "dvar2": 2.6673386097,
        "max": 5.98082256317,
        "mean": 0.412569761276,
        "median": 0.150078892708,
        "min": -1.71181571484,
        "stdev": 1.50805521011,
        "var": 2.27423048019
    },
    "erbbands_skewness": {
        "dmean": 0.376461148262,
        "dmean2": 0.581989824772,
        "dvar": 0.113296940923,
        "dvar2": 0.239267140627,
        "max": 2.60072016716,
        "mean": -0.574332773685,
        "median": -0.664818763733,
        "min": -1.63649189472,
        "stdev": 0.613421618938,
        "var": 0.376286059618
    },
    "erbbands_spread": {
        "dmean": 17.4269313812,
        "dmean2": 25.6366024017,
        "dvar": 197.545211792,
        "dvar2": 417.580200195,
        "max": 130.931838989,
        "mean": 58.8641662598,
        "median": 52.9924316406,
        "min": 16.0180034637,
        "stdev": 26.3492603302,
        "var": 694.283508301
    },
    "hfc": {
        "dmean": 13.4846334457,
        "dmean2": 22.695728302,
        "dvar": 191.337402344,
        "dvar2": 448.425445557,
        "max": 108.438720703,
        "mean": 38.2138214111,
        "median": 37.1924362183,
        "min": 3.68494461611e-08,
        "stdev": 22.2062988281,
        "var": 493.119689941
    },
    "loudness_ebu128": {
        "integrated": -9.62525367737,
        "loudness_range": 0.900296211243,
        "momentary": {
            "dmean": 0.568853795528,
            "dmean2": 0.544638812542,
            "dvar": 1.41069018841,
            "dvar2": 0.854507505894,
            "max": -8.11927318573,
            "mean": -10.5907335281,
            "median": -9.4452829361,
            "min": -32.4269714355,
            "stdev": 4.03518819809,
            "var": 16.2827453613
        },
        "short_term": {
            "dmean": 0.0575690120459,
            "dmean2": 0.0541797168553,
            "dvar": 0.00286842160858,
            "dvar2": 0.00175201217644,
            "max": -9.0284318924,
            "mean": -9.44466304779,
            "median": -9.3470916748,
            "min": -10.5916414261,
            "stdev": 0.348927617073,
            "var": 0.121750481427
        }
    },
    "melbands_crest": {
        "dmean": 4.40202999115,
        "dmean2": 7.1694817543,
        "dvar": 10.5323114395,
        "dvar2": 29.0999469757,
        "max": 30.1530570984,
        "mean": 17.7698364258,
        "median": 18.0593891144,
        "min": 6.88130950928,
        "stdev": 4.5940656662,
        "var": 21.1054401398
    },
    "melbands_flatness_db": {
        "dmean": 0.0549368113279,
        "dmean2": 0.086467243731,
        "dvar": 0.00166094512679,
        "dvar2": 0.00418085930869,
        "max": 0.400071501732,
        "mean": 0.19857698679,
        "median": 0.188065722585,
        "min": 0.0845201984048,
        "stdev": 0.0655679628253,
        "var": 0.00429915823042
    },
    "melbands_kurtosis": {
        "dmean": 31.3302135468,
        "dmean2": 48.7093582153,
        "dvar": 1629.63122559,
        "dvar2": 3024.43798828,
        "max": 451.640899658,
        "mean": 40.5920982361,
        "median": 19.009595871,
        "min": -0.633791208267,
        "stdev": 57.1728286743,
        "var": 3268.73242188
    },
    "melbands_skewness": {
        "dmean": 2.12400984764,
        "dmean2": 3.2523651123,
        "dvar": 2.96137666702,
        "dvar2": 6.64728879929,
        "max": 16.8718318939,
        "mean": 4.96821641922,
        "median": 4.22281169891,
        "min": 0.887719511986,
        "stdev": 2.88521909714,
        "var": 8.32448959351
    },
    "melbands_spread": {
        "dmean": 15.6367092133,
        "dmean2": 25.5801506042,
        "dvar": 195.563842773,
        "dvar2": 510.679840088,
        "max": 78.6766891479,
        "mean": 23.818479538,
        "median": 18.9948692322,
        "min": 0.886466562748,
        "stdev": 17.8494758606,
        "var": 318.603759766
    },
    "pitch_salience": {
        "dmean": 0.134584933519,
        "dmean2": 0.221691191196,
        "dvar": 0.00984463933855,
        "dvar2": 0.0271031372249,
        "max": 0.798956990242,
        "mean": 0.517251133919,
        "median": 0.526324391365,
        "min": 0.17809215188,
        "stdev": 0.128825217485,
        "var": 0.016595935449
    },
    "silence_rate_20dB": {
        "dmean": 0,
        "dmean2": 0,
        "dvar": 0,
        "dvar2": 0,
        "max": 1,
        "mean": 1,
        "median": 1,
        "min": 1,
        "stdev": 0,
        "var": 0
    },
    "silence_rate_30dB": {
        "dmean": 0.0603248253465,
        "dmean2": 0.120930232108,
        "dvar": 0.0566858612001,
        "dvar2": 0.134213641286,
        "max": 1,
        "mean": 0.939814805984,
        "median": 1,
        "min": 0,
        "stdev": 0.237829253078,
        "var": 0.0565627515316
    },
    "silence_rate_60dB": {
        "dmean": 0.00928074214607,
        "dmean2": 0.0186046510935,
        "dvar": 0.00919463485479,
        "dvar2": 0.0229097269475,
        "max": 1,
        "mean": 0.0787037014961,
        "median": 0,
        "min": 0,
        "stdev": 0.269277155399,
        "var": 0.0725101903081
    },
    "spectral_centroid": {
        "dmean": 443.843780518,
        "dmean2": 682.500854492,
        "dvar": 125166.929688,
        "dvar2": 288180.03125,
        "max": 3052.9765625,
        "mean": 1856.70080566,
        "median": 1987.16149902,
        "min": 261.079711914,
        "stdev": 663.20513916,
        "var": 439841.0625
    },
    "spectral_complexity": {
        "dmean": 7.10440826416,
        "dmean2": 10.5906972885,
        "dvar": 39.1515083313,
        "dvar2": 77.4790725708,
        "max": 56,
        "mean": 30.4050922394,
        "median": 34.5,
        "min": 0,
        "stdev": 14.5605449677,
        "var": 212.009460449
    },
    "spectral_decrease": {
        "dmean": 1.01088550863e-08,
        "dmean2": 1.7432245869e-08,
        "dvar": 8.53725566329e-17,
        "dvar2": 2.21008657161e-16,
        "max": -2.25600587377e-18,
        "mean": -1.33689228576e-08,
        "median": -1.02961630333e-08,
        "min": -6.58889618421e-08,
        "stdev": 1.08028812562e-08,
        "var": 1.16702240709e-16
    },
    "spectral_energy": {
        "dmean": 0.0388828776777,
        "dmean2": 0.0670875906944,
        "dvar": 0.00126464432105,
        "dvar2": 0.00327581702732,
        "max": 0.253564208746,
        "mean": 0.0539234951138,
        "median": 0.0422930642962,
        "min": 1.18570318494e-11,
        "stdev": 0.0417488515377,
        "var": 0.00174296658952
    },
    "spectral_energyband_high": {
        "dmean": 0.0010619253153,
        "dmean2": 0.00183315610047,
        "dvar": 1.07986693365e-06,
        "dvar2": 2.43113504439e-06,
        "max": 0.00801180675626,
        "mean": 0.00230579962954,
        "median": 0.00206019869074,
        "min": 3.57083850336e-12,
        "stdev": 0.00155297690071,
        "var": 2.41173711402e-06
    },
    "spectral_energyband_low": {
        "dmean": 0.0358644723892,
        "dmean2": 0.0620678216219,
        "dvar": 0.00114503246732,
        "dvar2": 0.0029406521935,
        "max": 0.242048442364,
        "mean": 0.039379093796,
        "median": 0.025803713128,
        "min": 3.23007332687e-12,
        "stdev": 0.0386655107141,
        "var": 0.00149502174463
    },
    "spectral_energyband_middle_high": {
        "dmean": 0.00232954951935,
        "dmean2": 0.00361582566984,
        "dvar": 6.82462177792e-06,
        "dvar2": 1.69020731846e-05,
        "max": 0.0218370482326,
        "mean": 0.0059414524585,
        "median": 0.00587035529315,
        "min": 1.40967023211e-12,
        "stdev": 0.00418708380312,
        "var": 1.75316708919e-05
    },
    "spectral_energyband_middle_low": {
        "dmean": 0.0058578858152,
        "dmean2": 0.00983821507543,
        "dvar": 3.93440386688e-05,
        "dvar2": 9.6018135082e-05,
        "max": 0.0432114638388,
        "mean": 0.00943804346025,
        "median": 0.00706879515201,
        "min": 3.27311290051e-12,
        "stdev": 0.00822672434151,
        "var": 6.76789932186e-05
    },
    "spectral_entropy": {
        "dmean": 0.142784893513,
        "dmean2": 0.224285021424,
        "dvar": 0.0168191753328,
        "dvar2": 0.0353669971228,
        "max": 8.59207344055,
        "mean": 7.96933984756,
        "median": 8.01683425903,
        "min": 6.53467702866,
        "stdev": 0.225184693933,
        "var": 0.0507081449032
    },
    "spectral_flux": {
        "dmean": 0.0584595017135,
        "dmean2": 0.0994982644916,
        "dvar": 0.0027147193905,
        "dvar2": 0.00632202951238,
        "max": 0.386529773474,
        "mean": 0.152914896607,
        "median": 0.156664296985,
        "min": 3.4434040117e-06,
        "stdev": 0.0726335793734,
        "var": 0.00527563644573
    },
    "spectral_kurtosis": {
        "dmean": 1.09315216541,
        "dmean2": 1.74989938736,
        "dvar": 0.96992212534,
        "dvar2": 2.42099094391,
        "max": 11.1482658386,
        "mean": 3.65897941589,
        "median": 3.57727980614,
        "min": 0.314993143082,
        "stdev": 1.37405014038,
        "var": 1.88801372051
    },
    "spectral_rms": {
        "dmean": 0.00247147330083,
        "dmean2": 0.00415582535788,
        "dvar": 3.93484333472e-06,
        "dvar2": 1.06128345578e-05,
        "max": 0.0157283097506,
        "mean": 0.00660396460444,
        "median": 0.00642349757254,
        "min": 1.07553873363e-07,
        "stdev": 0.00299933110364,
        "var": 8.99598671822e-06
    },
    "spectral_rolloff": {
        "dmean": 1272.80688477,
        "dmean2": 2226.28295898,
        "dvar": 1494784.125,
        "dvar2": 3494310.75,
        "max": 8096.484375,
        "mean": 1590.26672363,
        "median": 1356.59179688,
        "min": 107.666015625,
        "stdev": 1428.22851562,
        "var": 2039836.625
    },
    "spectral_skewness": {
        "dmean": 0.21020039916,
        "dmean2": 0.353873074055,
        "dvar": 0.0304260365665,
        "dvar2": 0.0823099389672,
        "max": 2.43837141991,
        "mean": 1.45163714886,
        "median": 1.45478367805,
        "min": 0.778929591179,
        "stdev": 0.240514099598,
        "var": 0.0578470304608
    },
    "spectral_spread": {
        "dmean": 754467.3125,
        "dmean2": 1132075.25,
        "dvar": 351990087680,
        "dvar2": 694405169152,
        "max": 10204162,
        "mean": 5811298.5,
        "median": 5628655,
        "min": 2676677.5,
        "stdev": 1166763,
        "var": 1.36133594317e+12
    },
    "spectral_strongpeak": {
        "dmean": 0.261534452438,
        "dmean2": 0.434094488621,
        "dvar": 0.0705687329173,
        "dvar2": 0.185088217258,
        "max": 2.40192127228,
        "mean": 0.430198907852,
        "median": 0.347352802753,
        "min": 0,
        "stdev": 0.368064075708,
        "var": 0.13547116518
    },
    "zerocrossingrate": {
        "dmean": 0.020429642871,
        "dmean2": 0.0265954304487,
        "dvar": 0.00024096420384,
        "dvar2": 0.000474973290693,
        "max": 0.212890625,
        "mean": 0.084532558918,
        "median": 0.0869140625,
        "min": 0.01318359375,
        "stdev": 0.0332322344184,
        "var": 0.00110438140109
    },
    "barkbands": {
        "dmean": [0.000547811388969, 0.0252940077335, 0.0129429623485, 0.00384733360261, 0.00176755175926, 0.00082550488878, 0.000577555329073, 0.000387686450267, 0.000416622235207, 0.000243017246248, 0.000178655929631, 0.000212719111005, 0.000258622458205, 0.00018294682377, 0.000273123412626, 0.000634139636531, 0.000590841693338, 0.000398339674575, 0.000530685938429, 0.000307214068016, 0.000415448768763, 0.000209879799513, 0.000129116524477, 0.000138323390274, 0.000160109411809, 0.000221550915739, 1.02210915429e-05],
        "dmean2": [0.000982946716249, 0.0463177673519, 0.0214505996555, 0.0066283592023, 0.00277713430114, 0.00142842589412, 0.000974608235992, 0.000655310519505, 0.000762991374359, 0.000414786976762, 0.000304516783217, 0.000345136562828, 0.000439963943791, 0.000299464096315, 0.000449486513389, 0.00104729644954, 0.000959359284025, 0.00064907677006, 0.000883481407072, 0.000539598346222, 0.000742032309063, 0.000375436880859, 0.000220581918256, 0.00024471906363, 0.000254063867033, 0.000341621489497, 1.71210922417e-05],
        "dvar": [3.03159453097e-07, 0.000612866017036, 0.000293704535579, 2.11348815355e-05, 4.55116469311e-06, 2.20430047193e-06, 1.36973687859e-06, 8.80915933976e-07, 8.10886376712e-07, 1.76147423758e-07, 7.62994289971e-08, 7.93755319251e-08, 1.01238619266e-07, 4.45334258359e-08, 1.37667939271e-07, 5.99821532887e-07, 3.71991319525e-07, 2.2865302185e-07, 2.87122219333e-07, 9.41198692317e-08, 1.83519233588e-07, 6.17627904376e-08, 2.04416945593e-08, 1.89576123688e-08, 2.88751351718e-08, 8.53996340311e-08, 2.84277240636e-10],
        "dvar2": [8.5366212943e-07, 0.00153206998948, 0.000769211736042, 5.12520309712e-05, 1.12846983029e-05, 5.81169888392e-06, 3.44409431818e-06, 2.3427501219e-06, 2.31658827943e-06, 4.67038859142e-07, 2.02763956736e-07, 2.01163956604e-07, 2.74078018947e-07, 1.18821489536e-07, 3.54395155e-07, 1.43440433931e-06, 9.3965331871e-07, 6.24619019618e-07, 8.03256398285e-07, 2.6480384463e-07, 4.8216952564e-07, 1.68918873555e-07, 5.38269659955e-08, 4.8587065038e-08, 6.28080130127e-08, 1.71226119505e-07, 6.85259682331e-10],
        "max": [0.00313245784491, 0.099298492074, 0.161522135139, 0.0410361364484, 0.0189403276891, 0.00892833806574, 0.00872308760881, 0.00735290534794, 0.00520377838984, 0.0028657426592, 0.00361629901454, 0.00224901549518, 0.00183668313548, 0.001895299647, 0.00362080940977, 0.00708754966035, 0.00578928086907, 0.00488421786577, 0.00412865914404, 0.00190365419257, 0.00243518361822, 0.00199883221649, 0.0013034499716, 0.000961887126323, 0.0014896185603, 0.0023407866247, 0.000168712605955],
        "mean": [0.00061752012698, 0.019794235006, 0.015894876793, 0.00441553490236, 0.00276224501431, 0.000835121027194, 0.000617648183834, 0.000320075807394, 0.000388367596315, 0.000284973502858, 0.000261148583377, 0.000319734535879, 0.000365825311746, 0.000280183478026, 0.000405484548537, 0.00112990918569, 0.00105578021612, 0.000679252319969, 0.000933576084208, 0.00046436485718, 0.000578574487008, 0.00027414332726, 0.000213470993913, 0.000185649463674, 0.000322884181514, 0.00050968315918, 1.32567674882e-05],
        "median": [0.000468178302981, 0.00887272134423, 0.00817785039544, 0.00236465316266, 0.00189430615865, 0.000402200326789, 0.000214751256863, 6.83861508151e-05, 0.000169840699527, 0.000164000230143, 0.000172592903255, 0.0001996394858, 0.000269741140073, 0.000210950252949, 0.000307151116431, 0.000918057863601, 0.000888196285814, 0.000581703032367, 0.000771124963649, 0.000397661759052, 0.000487608253025, 0.000196135399165, 0.000175514869625, 0.000146865204442, 0.000252198660746, 0.0004068367125, 5.99821578362e-06],
        "min": [1.28758874222e-12, 1.66204354966e-12, 6.83491349456e-13, 4.16676242121e-13, 8.52164476137e-13, 6.68296472849e-13, 9.57506914468e-14, 4.42129677054e-13, 7.32362087641e-13, 2.25297753544e-13, 8.11010397836e-14, 2.64457001491e-14, 6.38554896351e-14, 2.02484106955e-13, 2.22202271638e-14, 4.12082477516e-14, 1.05046051339e-13, 1.31384866094e-13, 3.79033203478e-13, 3.39410438773e-13, 4.2425890817e-13, 5.70895219119e-13, 5.28024781017e-13, 4.29782620083e-13, 7.04357633417e-13, 5.2802613627e-13, 2.07260139498e-13],
        "stdev": [0.000544535228983, 0.0232792701572, 0.0208342447877, 0.00576092582196, 0.00276293582283, 0.00136929214932, 0.00117923843209, 0.000808519253042, 0.000748607621063, 0.000407058047131, 0.000307370908558, 0.00034786699689, 0.000356731907232, 0.000265648035565, 0.000417235074565, 0.0010158342775, 0.000918290868867, 0.000609751907177, 0.000758217764087, 0.000365489337128, 0.000472512823762, 0.00026443626848, 0.000182322750334, 0.000156796857482, 0.000261957029579, 0.000463292992208, 2.04634034162e-05],
        "var": [2.96518607001e-07, 0.00054192438256, 0.000434065790614, 3.3188265661e-05, 7.6338146755e-06, 1.87496107174e-06, 1.39060330184e-06, 6.53703352782e-07, 5.60413354833e-07, 1.65696263821e-07, 9.44768672184e-08, 1.21011439091e-07, 1.27257649751e-07, 7.05688805169e-08, 1.74085101889e-07, 1.03191939615e-06, 8.43258078476e-07, 3.7179736978e-07, 5.74894158945e-07, 1.33582460649e-07, 2.23268372679e-07, 6.99265356729e-08, 3.32415837079e-08, 2.45852529446e-08, 6.86214818302e-08, 2.14640408558e-07, 4.1875089507e-10]
    },
    "erbbands": {
        "dmean": [0.605445384979, 6.07094144821, 14.2077884674, 14.9444360733, 6.90668106079, 5.74711513519, 6.42680692673, 7.91601657867, 7.62184047699, 7.02181482315, 10.6145124435, 10.042263031, 6.98145484924, 7.28922939301, 7.04395723343, 9.60296726227, 10.8982696533, 8.72934246063, 11.3769369125, 21.7814350128, 34.7974739075, 32.6755943298, 18.2287082672, 30.9489326477, 20.7198829651, 14.3249225616, 15.0859212875, 15.3201904297, 8.02084064484, 4.90356254578, 3.73916435242, 2.78991532326, 2.39722323418, 1.79438972473, 1.36791193485, 1.14603078365, 0.411052882671, 0.0557282455266, 0.00120429473463, 6.21801445959e-05],
        "dmean2": [1.12977361679, 11.0253686905, 24.2135715485, 25.4937515259, 11.2066688538, 9.23769187927, 10.3995323181, 14.0470695496, 13.1134157181, 11.7947559357, 18.3798007965, 18.2042484283, 12.0028219223, 12.6950321198, 11.709485054, 15.5104322433, 18.5697040558, 14.3250637054, 18.1406974792, 36.2075653076, 55.5610771179, 51.944393158, 29.6468982697, 50.7525672913, 34.5478591919, 25.2110481262, 26.0626068115, 27.6005363464, 14.310965538, 8.33268260956, 6.4265370369, 4.92346525192, 4.23244333267, 2.98403429985, 2.09537172318, 1.85183703899, 0.606127262115, 0.0874211415648, 0.00186111498624, 0.000100838922663],
        "dvar": [0.346760958433, 36.1339302063, 299.06149292, 438.323486328, 58.0640144348, 68.8865890503, 95.4945602417, 246.337844849, 214.73777771, 246.59286499, 650.755126953, 465.509124756, 154.90637207, 163.568511963, 94.3250732422, 148.346832275, 196.699478149, 102.642112732, 188.717071533, 861.852600098, 1817.79248047, 1172.69372559, 485.534179688, 1145.29467773, 411.367889404, 223.976303101, 258.981292725, 269.863433838, 90.4901275635, 35.9441184998, 15.2694063187, 7.62836742401, 5.83201408386, 3.54777026176, 2.31091666222, 2.22932648659, 0.292525917292, 0.00503598246723, 3.13480904879e-06, 3.70890806956e-09],
        "dvar2": [0.836852192879, 91.4023513794, 756.903686523, 1020.47149658, 131.322189331, 175.116104126, 231.446517944, 661.405944824, 579.579162598, 629.753051758, 1730.31713867, 1300.12133789, 413.625549316, 442.021484375, 247.188034058, 372.400390625, 527.237731934, 269.838745117, 468.450500488, 2102.31811523, 4689.12890625, 3064.27026367, 1330.84118652, 3053.13378906, 1196.6730957, 618.271118164, 699.820068359, 720.144348145, 248.911560059, 99.4904098511, 40.1079177856, 19.715423584, 14.7144756317, 8.96689510345, 5.15669631958, 5.0081114769, 0.586627423763, 0.0101524274796, 6.85081113261e-06, 8.10891265246e-09],
        "max": [2.18069767952, 30.4040412903, 168.761398315, 209.131225586, 90.6455612183, 70.9410247803, 86.3336639404, 90.6176986694, 126.194030762, 106.030349731, 160.574645996, 130.045623779, 92.8586349487, 101.206916809, 116.387786865, 92.6800384521, 80.2347869873, 67.7596282959, 100.229438782, 261.626281738, 467.470489502, 311.795166016, 174.277282715, 294.307067871, 199.953933716, 101.12462616, 98.1208114624, 95.487953186, 77.6228485107, 50.6023712158, 29.167016983, 18.3158016205, 16.5572776794, 12.5694742203, 12.9088592529, 12.7051506042, 4.80977058411, 0.571951985359, 0.0195532944053, 0.000486469798489],
        "mean": [0.443571448326, 4.95760154724, 16.8400592804, 18.9602069855, 10.2658243179, 8.1424703598, 8.09661483765, 7.35780096054, 7.91817378998, 7.614590168, 8.56680679321, 9.38998603821, 8.54636001587, 9.21446990967, 10.7406988144, 14.7455015182, 16.4592666626, 14.4752483368, 18.2219791412, 35.6573562622, 65.2907791138, 60.4031410217, 34.1045570374, 53.9986877441, 36.8451728821, 22.5926513672, 24.27526474, 18.5942058563, 10.2603940964, 7.49257612228, 6.11412143707, 3.71360421181, 3.38368940353, 2.89185810089, 2.79083538055, 2.29292082787, 0.942503988743, 0.109496295452, 0.00235810154118, 0.000145292447996],
        "median": [0.1792203933, 2.32028245926, 9.80046272278, 10.1472377777, 7.20747184753, 5.22195148468, 4.03613615036, 3.01390743256, 3.51097345352, 2.1248755455, 1.95031023026, 3.98672199249, 4.95229196548, 5.97715187073, 7.52527570724, 9.68483543396, 11.805398941, 11.1910839081, 14.915512085, 28.4993915558, 55.7931518555, 50.8972930908, 30.0662193298, 44.6254501343, 32.1975860596, 19.5867404938, 21.3014640808, 14.2032928467, 7.5808801651, 5.61721897125, 5.08427238464, 2.89127588272, 2.85570812225, 2.43110132217, 2.1378159523, 1.82890021801, 0.734378933907, 0.0782635882497, 0.00164539413527, 0.000129822845338],
        "min": [6.71901839722e-11, 3.09211850569e-10, 7.57939599971e-10, 1.21848819923e-09, 1.63985613977e-09, 3.15048764854e-09, 5.20187715125e-09, 5.20715204289e-09, 2.26827223671e-09, 2.95338242751e-09, 1.32491688731e-08, 1.71805822902e-08, 8.06661493158e-09, 6.21441298421e-09, 2.62458055289e-09, 1.11680675818e-09, 3.07238545716e-09, 8.53587600602e-09, 4.75560879565e-09, 1.29046862085e-09, 2.88714985253e-09, 6.02519234505e-09, 3.99302546583e-09, 1.64332085717e-08, 2.18601510227e-08, 1.25241506055e-08, 1.76409837849e-08, 1.53996122521e-08, 1.5056695446e-08, 2.25986038771e-08, 1.5673956355e-08, 1.21070167225e-08, 6.9837633454e-09, 7.87329312857e-09, 3.88051057953e-09, 2.27237184625e-09, 9.77982694828e-10, 1.90615981333e-10, 2.9622256037e-11, 3.09903621862e-12],
        "stdev": [0.539946734905, 5.76711368561, 20.5034618378, 27.2520885468, 10.7158260345, 9.39200687408, 11.061504364, 13.6626405716, 13.6319198608, 15.3975944519, 21.7522697449, 18.313577652, 12.353931427, 11.9553976059, 11.8712682724, 15.4986963272, 15.5651941299, 12.7548446655, 16.874458313, 35.3570823669, 57.4345817566, 51.1789741516, 28.2222881317, 47.4764137268, 28.2254428864, 17.6998615265, 19.1455173492, 16.8657417297, 9.94976902008, 7.08636522293, 5.05974388123, 3.17071676254, 2.79117107391, 2.40755367279, 2.40129041672, 2.14670133591, 0.881178855896, 0.109249092638, 0.00253932992928, 9.76659794105e-05],
        "var": [0.291542470455, 33.259601593, 420.391937256, 742.676330566, 114.828918457, 88.2098007202, 122.356880188, 186.667755127, 185.829238892, 237.085906982, 473.161254883, 335.387115479, 152.619628906, 142.931533813, 140.927017212, 240.209594727, 242.275268555, 162.686050415, 284.747344971, 1250.12329102, 3298.73120117, 2619.28735352, 796.497558594, 2254.01000977, 796.67565918, 313.285125732, 366.550811768, 284.45324707, 98.9979019165, 50.2165718079, 25.6010093689, 10.0534448624, 7.79063606262, 5.79631471634, 5.76619529724, 4.60832643509, 0.776476204395, 0.0119353635237, 6.44819601803e-06, 9.53864365272e-09]
    },
    "gfcc": {
        "mean": [41.1103286743, 45.2906188965, -86.1164550781, 56.0661430359, -27.7609214783, 20.3207530975, -37.5274467468, 19.9978961945, -34.8556976318, 7.76248693466, -28.2090320587, 8.33029842377, -17.0018062592],
        "cov": [[14126.2890625, -465.99206543, -503.830505371, -171.92401123, 536.27532959, 19.5145111084, 21.2306518555, 219.339096069, 154.657119751, 509.466308594, 32.3226890564, 233.982192993, -137.580429077], [-465.99206543, 329.305358887, -9.14122390747, 68.2769165039, -59.9801368713, -0.2368067801, 1.25854992867, -25.7517471313, 23.2933559418, -61.5714149475, 26.5149154663, -34.2823524475, 46.8831825256], [-503.830505371, -9.14122390747, 415.161834717, 48.3962135315, -19.9675598145, 3.70502662659, -2.56816673279, -33.4757347107, -27.9481315613, -14.8760995865, -43.5902786255, -3.03156995773, -17.3837337494], [-171.92401123, 68.2769165039, 48.3962135315, 181.489013672, 42.9619674683, 78.0705947876, 23.2529811859, -24.6403636932, 8.04492950439, -35.5090103149, 8.02694511414, -39.8657684326, 16.5018253326], [536.27532959, -59.9801368713, -19.9675598145, 42.9619674683, 242.086334229, 61.5729484558, 37.5407218933, 33.2429504395, -21.6506443024, 25.4965877533, 5.15528440475, 25.9774780273, -1.23645365238], [19.5145111084, -0.2368067801, 3.70502662659, 78.0705947876, 61.5729484558, 95.3388900757, 34.6255493164, 7.08248662949, 3.48306298256, -8.64097690582, 11.2482414246, -12.4054441452, 9.08221912384], [21.2306518555, 1.25854992867, -2.56816673279, 23.2529811859, 37.5407218933, 34.6255493164, 63.5447387695, 28.9282684326, 23.7710857391, 13.2364807129, 11.1223735809, -1.91298794746, -5.26312732697], [219.339096069, -25.7517471313, -33.4757347107, -24.6403636932, 33.2429504395, 7.08248662949, 28.9282684326, 66.5758209229, 32.7675895691, 30.2134532928, 9.12569618225, 11.3413209915, -10.4364938736], [154.657119751, 23.2933559418, -27.9481315613, 8.04492950439, -21.6506443024, 3.48306298256, 23.7710857391, 32.7675895691, 82.2114181519, 33.4466781616, 19.0626659393, -6.79768276215, -8.62289714813], [509.466308594, -61.5714149475, -14.8760995865, -35.5090103149, 25.4965877533, -8.64097690582, 13.2364807129, 30.2134532928, 33.4466781616, 79.9673995972, 19.6703338623, 28.7033138275, -12.7350692749], [32.3226890564, 26.5149154663, -43.5902786255, 8.02694511414, 5.15528440475, 11.2482414246, 11.1223735809, 9.12569618225, 19.0626659393, 19.6703338623, 49.6840362549, 15.2646427155, 12.4453468323], [233.982192993, -34.2823524475, -3.03156995773, -39.8657684326, 25.9774780273, -12.4054441452, -1.91298794746, 11.3413209915, -6.79768276215, 28.7033138275, 15.2646427155, 53.976940155, 11.1568651199], [-137.580429077, 46.8831825256, -17.3837337494, 16.5018253326, -1.23645365238, 9.08221912384, -5.26312732697, -10.4364938736, -8.62289714813, -12.7350692749, 12.4453468323, 11.1568651199, 49.9337692261]],
        "icov": [[0.000113860020065, -0.00010522770026, 0.000184814460226, -0.000136975810165, -0.000127333172713, -0.000152529377374, 0.000272979086731, 1.71673502791e-06, -2.19270259549e-05, -0.000760773953516, 0.000507067714352, -0.000429080449976, 0.000347518653143], [-0.00010522770026, 0.00566373066977, -0.000607092224527, -0.000531302299351, -8.5597850557e-05, 0.00301979365759, -0.00130140664987, 0.000627979752608, -0.00296522071585, 0.00547523284331, -0.00470467843115, 0.00323542370461, -0.00486668758094], [0.000184814460226, -0.000607092224527, 0.00352922244929, -0.00214522751048, 0.000803876318969, -0.0003628305858, -0.000423089397373, 0.000883920991328, 0.00109108060133, -0.0023771058768, 0.00459917169064, -0.00365903694183, 0.00249628233723], [-0.000136975810165, -0.000531302299351, -0.00214522751048, 0.0143223088235, -0.00309573998675, -0.00743499351665, -0.000534987193532, 0.00626464094967, -0.00478647556156, 0.0037615657784, -0.00422186590731, 0.00848232675344, -0.00354012427852], [-0.000127333172713, -8.5597850557e-05, 0.000803876318969, -0.00309573998675, 0.00774457212538, -0.00285615539178, -0.00190303358249, -0.00399236148223, 0.00544899469241, -0.00249923299998, 0.00218641315587, -0.00425195135176, 0.00141736026853], [-0.000152529377374, 0.00301979365759, -0.0003628305858, -0.00743499351665, -0.00285615539178, 0.0236159525812, -0.00808785576373, -0.00189075188246, 0.000901017105207, 0.00401006871834, -0.00561348116025, 0.00457911100239, -0.0049843005836], [0.000272979086731, -0.00130140664987, -0.000423089397373, -0.000534987193532, -0.00190303358249, -0.00808785576373, 0.0274432469159, -0.00841313228011, -0.00347242108546, -0.00230162055232, -0.000908635149244, -0.000348302448401, 0.00367929437198], [1.71673502791e-06, 0.000627979752608, 0.000883920991328, 0.00626464094967, -0.00399236148223, -0.00189075188246, -0.00841313228011, 0.0298074577004, -0.0112089728937, -3.90487948607e-05, 0.00126416794956, -0.00205207103863, 0.00143859989475], [-2.19270259549e-05, -0.00296522071585, 0.00109108060133, -0.00478647556156, 0.00544899469241, 0.000901017105207, -0.00347242108546, -0.0112089728937, 0.0272953566164, -0.0131766004488, -0.00208272878081, 0.00503084855154, 0.00269562727772], [-0.000760773953516, 0.00547523284331, -0.0023771058768, 0.0037615657784, -0.00249923299998, 0.00401006871834, -0.00230162055232, -3.90487948607e-05, -0.0131766004488, 0.0350808687508, -0.0125810131431, -0.00542379356921, 0.00066954747308], [0.000507067714352, -0.00470467843115, 0.00459917169064, -0.00422186590731, 0.00218641315587, -0.00561348116025, -0.000908635149244, 0.00126416794956, -0.00208272878081, -0.0125810131431, 0.0384087897837, -0.0151834301651, 0.00030558812432], [-0.000429080449976, 0.00323542370461, -0.00365903694183, 0.00848232675344, -0.00425195135176, 0.00457911100239, -0.000348302448401, -0.00205207103863, 0.00503084855154, -0.00542379356921, -0.0151834301651, 0.0431520119309, -0.0160726308823], [0.000347518653143, -0.00486668758094, 0.00249628233723, -0.00354012427852, 0.00141736026853, -0.0049843005836, 0.00367929437198, 0.00143859989475, 0.00269562727772, 0.00066954747308, 0.00030558812432, -0.0160726308823, 0.033373773098]]
    },
    "melbands": {
        "dmean": [0.0063007697463, 0.00717122200876, 0.00220479513519, 0.000378235505195, 0.000254701677477, 0.0001688010816, 0.000122368554003, 7.31226464268e-05, 8.97109348443e-05, 5.9306716139e-05, 3.46675442415e-05, 3.06180372718e-05, 2.40462977672e-05, 2.22213675443e-05, 2.91842698061e-05, 2.25993553613e-05, 1.68827900779e-05, 1.81576597242e-05, 2.29520119319e-05, 4.23674973717e-05, 4.28512466897e-05, 3.95527167711e-05, 2.14060437429e-05, 1.83014581125e-05, 2.85658752546e-05, 1.74739579961e-05, 1.39113826663e-05, 9.01190014702e-06, 8.74037323229e-06, 1.19517017083e-05, 8.10748315416e-06, 5.02306602357e-06, 3.36940547641e-06, 2.55461463894e-06, 2.39341375163e-06, 1.68606538864e-06, 1.75370064426e-06, 1.74658282504e-06, 1.37609583817e-06, 1.6937115106e-06],
        "dmean2": [0.0116283781826, 0.0123909059912, 0.0037089411635, 0.000592421798501, 0.000409888627473, 0.000297512626275, 0.000207434946788, 0.000120627482829, 0.000158930633916, 0.000107580242911, 5.93168479099e-05, 5.338288247e-05, 4.06887702411e-05, 3.66516542272e-05, 4.86000535602e-05, 3.84291015507e-05, 2.78789248114e-05, 2.90181160381e-05, 3.78970144084e-05, 7.1453221608e-05, 6.93942420185e-05, 6.37089688098e-05, 3.4876036807e-05, 3.04666355078e-05, 4.75496235595e-05, 2.96479138342e-05, 2.47823900281e-05, 1.57125232363e-05, 1.47644386743e-05, 2.13822768274e-05, 1.46727716128e-05, 9.01340263226e-06, 5.93944150751e-06, 4.34035655417e-06, 4.1591038098e-06, 2.941547109e-06, 3.08018752548e-06, 3.06255105897e-06, 2.34161007029e-06, 2.84007614937e-06],
        "dvar": [3.76989482902e-05, 5.77455648454e-05, 8.67163453222e-06, 1.82278753869e-07, 1.69129720007e-07, 1.05018450824e-07, 5.6059370479e-08, 2.68894595479e-08, 4.65551401874e-08, 1.58085100566e-08, 3.73416941812e-09, 2.94799473721e-09, 1.19073273463e-09, 9.58081058933e-10, 1.47612555512e-09, 7.69108887688e-10, 4.0163050663e-10, 4.32124253047e-10, 1.1580348902e-09, 2.91551316423e-09, 2.78598100145e-09, 1.61727764514e-09, 5.7060894898e-10, 5.05273545226e-10, 9.90104997989e-10, 3.19689608119e-10, 2.12558914914e-10, 9.74128278042e-11, 1.00988432894e-10, 1.46327394646e-10, 8.00291152792e-11, 3.927110373e-11, 1.44948098663e-11, 1.08297789139e-11, 6.68470227089e-12, 2.76908292303e-12, 3.31798065585e-12, 3.13796861759e-12, 1.90785603461e-12, 3.44919015224e-12],
        "dvar2": [9.31783142732e-05, 0.000146137768752, 2.06776367122e-05, 4.16959096583e-07, 4.17343898107e-07, 2.81272235725e-07, 1.4725988251e-07, 6.89778616447e-08, 1.25131364825e-07, 4.42660237354e-08, 1.00231956068e-08, 8.04651811848e-09, 3.14060066842e-09, 2.48986409268e-09, 3.64480645665e-09, 2.16459050684e-09, 1.07508957292e-09, 1.07600695021e-09, 3.02239744343e-09, 6.96751234486e-09, 7.41013472805e-09, 4.24210266914e-09, 1.57336144113e-09, 1.38854949761e-09, 2.6488584659e-09, 9.23183252066e-10, 6.06514394264e-10, 2.63375765641e-10, 2.7085300669e-10, 3.99236560478e-10, 2.13245476832e-10, 1.08300285406e-10, 4.02634245389e-11, 2.93974879162e-11, 1.71017193462e-11, 7.19267700955e-12, 8.77570065227e-12, 8.01261921396e-12, 4.96243324211e-12, 8.98675925343e-12],
        "max": [0.0235587880015, 0.0679333209991, 0.0286192353815, 0.00502581102774, 0.00384644372389, 0.00183740782086, 0.0019062490901, 0.00117088085972, 0.00123067118693, 0.000781731156167, 0.000444653793238, 0.000391162757296, 0.000401872093789, 0.000248056341661, 0.000267689814791, 0.000192654668353, 0.00013264946756, 0.000153709814185, 0.000314476143103, 0.000456594396383, 0.000589607516304, 0.000368500710465, 0.000170853294549, 0.00023230642546, 0.000261423876509, 0.000144884572364, 0.000103923550341, 8.0510173575e-05, 7.33665001462e-05, 6.27149420325e-05, 5.16841573699e-05, 5.0887636462e-05, 2.56196399278e-05, 2.76583650702e-05, 1.92424322449e-05, 9.87639032246e-06, 1.29072886921e-05, 1.25170408865e-05, 9.87936618912e-06, 1.34673227876e-05],
        "mean": [0.00480724871159, 0.00802206154913, 0.00299308937974, 0.000611166760791, 0.00032120232936, 0.000160002833582, 0.000128751911689, 7.85715310485e-05, 7.17341681593e-05, 5.67719398532e-05, 4.17937517341e-05, 3.65754131053e-05, 3.56821255991e-05, 3.19588143611e-05, 4.52199892607e-05, 3.17535887007e-05, 2.61352506641e-05, 2.77221097349e-05, 3.32761701429e-05, 6.8070985435e-05, 7.63126517995e-05, 6.83932375978e-05, 3.50150330632e-05, 3.05752109853e-05, 4.66702367703e-05, 2.96620455629e-05, 2.0843157472e-05, 1.31401038743e-05, 1.39482153827e-05, 1.55304587679e-05, 9.14184511203e-06, 6.01197234573e-06, 4.51676987723e-06, 3.96886889575e-06, 3.8510329432e-06, 2.48106084655e-06, 2.14766373574e-06, 2.31375793192e-06, 2.21950131163e-06, 2.48353785537e-06],
        "median": [0.00204230844975, 0.004797690548, 0.00167889194563, 0.000447228958365, 0.000151902728248, 6.99164520483e-05, 5.1238333981e-05, 2.15634499909e-05, 1.72491800186e-05, 2.53569778579e-05, 2.36555970332e-05, 2.35096867982e-05, 2.44779621426e-05, 1.98386514967e-05, 3.14005155815e-05, 2.32327329286e-05, 1.94940603251e-05, 2.09827012441e-05, 2.44474395004e-05, 5.15621650266e-05, 6.18698686594e-05, 5.65058362554e-05, 3.03380020341e-05, 2.5207955332e-05, 3.67021857528e-05, 2.55021113844e-05, 1.70774092112e-05, 1.0666793969e-05, 1.16046721814e-05, 1.27605208036e-05, 6.39493828203e-06, 4.13617135564e-06, 3.15139800477e-06, 2.84711586573e-06, 3.10643235935e-06, 2.0177103579e-06, 1.62893320521e-06, 1.86115403267e-06, 1.99402006729e-06, 2.0150068849e-06],
        "min": [5.92287883235e-13, 3.97779248776e-13, 2.19131868684e-13, 1.66319079819e-13, 1.80203183105e-13, 1.17136213381e-13, 2.95215884887e-14, 4.32901700327e-14, 1.21123353318e-13, 1.02623476123e-13, 3.81314513927e-14, 2.61912091001e-14, 1.00215203906e-14, 3.4224050714e-15, 4.21905247555e-15, 7.23790076945e-15, 1.82086198333e-14, 1.00301584326e-14, 1.46564937836e-15, 2.12010970269e-15, 3.35153594229e-15, 6.39647179218e-15, 3.25784160459e-15, 6.5381431348e-15, 1.43705373664e-14, 1.1485823516e-14, 1.60581996918e-14, 6.8534558081e-15, 1.2615853559e-14, 1.15385165886e-14, 7.37466609725e-15, 7.26417319038e-15, 1.31828819779e-14, 1.13209671875e-14, 8.06326407282e-15, 8.63563642253e-15, 7.66965463849e-15, 3.70877060549e-15, 8.77586780914e-15, 5.84124931855e-15],
        "stdev": [0.00568144069985, 0.00874630082399, 0.00384158524685, 0.000592966389377, 0.000455563247669, 0.000285876216367, 0.00022903617355, 0.000159076938871, 0.000181647264981, 0.000107584201032, 6.05426394031e-05, 4.96172033309e-05, 3.96999639634e-05, 3.59490913979e-05, 4.8056437663e-05, 3.02326589008e-05, 2.44565526373e-05, 2.61665718426e-05, 3.72008980776e-05, 6.58767239656e-05, 6.96842253092e-05, 6.02168111072e-05, 3.00621286442e-05, 2.83786703221e-05, 4.26186597906e-05, 2.38993416133e-05, 1.69488230313e-05, 1.1281508705e-05, 1.17756671898e-05, 1.30590869958e-05, 8.98907910596e-06, 6.2857334342e-06, 4.30735553891e-06, 3.88889429814e-06, 3.28637725033e-06, 2.06316758522e-06, 1.98024622478e-06, 2.00750810109e-06, 1.74734032043e-06, 2.22590597332e-06],
