{
"metadata": {
    "version": {
        "essentia": "2.1-beta6-dev",
        "essentia_git_sha": "v2.1_beta5-778-gc9eadba6",
        "extractor": "music 2.0"
    },
    "audio_properties": {
        "analysis": {
            "equal_loudness": 0,
            "length": 8.99997711182,
            "sample_rate": 44100,
            "start_time": 0,
            "downmix": "mix"
        },
        "bit_rate": 128000,
        "length": 9,
        "lossless": 0,
        "number_channels": 2,
        "replay_gain": 2.65080451965,
        "sample_rate": 48000,
        "codec": "mp3",
        "md5_encoded": "a3e12974fca2ce842a5b9827f0b07be9"
    },
    "tags": {
        "file_name": "icedearth-thephantomoperaghost1.mp3",
        "encoding": ["Lavf59.16.100"]
    }
},
"lowlevel": {
    "average_loudness": 0.918683767319,
    "barkbands_crest": {
        "dmean": 2.94674777985,
        "dmean2": 4.8048157692,
        "dvar": 6.61005783081,
        "dvar2": 17.9313926697,
        "max": 23.9106273651,
        "mean": 14.6053733826,
        "median": 14.4896097183,
        "min": 4.79026556015,
        "stdev": 4.20028924942,
        "var": 17.6424293518
    },
    "barkbands_flatness_db": {
        "dmean": 0.0418780595064,
        "dmean2": 0.0582211427391,
        "dvar": 0.00148776220158,
        "dvar2": 0.00280751334503,
        "max": 0.481881082058,
        "mean": 0.241063192487,
        "median": 0.240466311574,
        "min": 0.0606215000153,
        "stdev": 0.0783234611154,
        "var": 0.00613456498832
    },
    "barkbands_kurtosis": {
        "dmean": 18.1233386993,
        "dmean2": 25.3955726624,
        "dvar": 491.050415039,
        "dvar2": 915.020507812,
        "max": 249.482223511,
        "mean": 33.991191864,
        "median": 23.0529441833,
        "min": -1.67324995995,
        "stdev": 39.1059951782,
        "var": 1529.27880859
    },
    "barkbands_skewness": {
        "dmean": 1.27229070663,
        "dmean2": 1.85215508938,
        "dvar": 1.41026735306,
        "dvar2": 3.19446277618,
        "max": 12.5772924423,
        "mean": 4.52869939804,
        "median": 4.40537691116,
        "min": -1.80445349216,
        "stdev": 2.2962577343,
        "var": 5.27279996872
    },
    "barkbands_spread": {
        "dmean": 6.4128203392,
        "dmean2": 9.95130443573,
        "dvar": 101.674491882,
        "dvar2": 229.910491943,
        "max": 90.3908538818,
        "mean": 11.5096187592,
        "median": 6.99993467331,
        "min": 0.459571182728,
        "stdev": 12.5731534958,
        "var": 158.084197998
    },
    "dissonance": {
        "dmean": 0.0255580563098,
        "dmean2": 0.0412841513753,
        "dvar": 0.000553485762794,
        "dvar2": 0.00143882143311,
        "max": 0.499412566423,
        "mean": 0.44574841857,
        "median": 0.449736714363,
        "min": 0.339676499367,
        "stdev": 0.0317271128297,
        "var": 0.00100660964381
    },
    "dynamic_complexity": 4.65399074554,
    "erbbands_crest": {
        "dmean": 3.65449595451,
        "dmean2": 5.69673776627,
        "dvar": 10.0510339737,
        "dvar2": 23.9554004669,
        "max": 27.2119998932,
        "mean": 12.985537529,
        "median": 12.3151473999,
        "min": 3.32548046112,
        "stdev": 5.19390726089,
        "var": 26.9766731262
    },
    "erbbands_flatness_db": {
        "dmean": 0.0291499923915,
        "dmean2": 0.0407842583954,
        "dvar": 0.000713252578862,
        "dvar2": 0.00122415367514,
        "max": 0.297668039799,
        "mean": 0.167023450136,
        "median": 0.161315962672,
        "min": 0.0732577741146,
        "stdev": 0.0503940619528,
        "var": 0.00253956136294
    },
    "erbbands_kurtosis": {
        "dmean": 1.71295666695,
        "dmean2": 2.54629278183,
        "dvar": 8.18052482605,
        "dvar2": 16.2871017456,
        "max": 36.6426200867,
        "mean": 0.864998579025,
        "median": -0.260149717331,
        "min": -1.74947392941,
        "stdev": 3.88981842995,
        "var": 15.1306877136
    },
    "erbbands_skewness": {
        "dmean": 0.600716769695,
        "dmean2": 0.866692602634,
        "dvar": 0.302424401045,
        "dvar2": 0.623686611652,
        "max": 5.87213945389,
        "mean": 0.855364084244,
        "median": 0.730273962021,
        "min": -1.09307479858,
        "stdev": 1.04066050053,
        "var": 1.08297419548
    },
    "erbbands_spread": {
        "dmean": 16.0035552979,
        "dmean2": 23.8529453278,
        "dvar": 219.432098389,
        "dvar2": 486.261077881,
        "max": 141.458740234,
        "mean": 57.9420928955,
        "median": 53.3309288025,
        "min": 9.13519859314,
        "stdev": 23.9053211212,
        "var": 571.464355469
    },
    "hfc": {
        "dmean": 4.06276416779,
        "dmean2": 6.06451416016,
        "dvar": 96.4518127441,
        "dvar2": 207.417602539,
        "max": 110.496749878,
        "mean": 7.78765487671,
        "median": 4.17635297775,
        "min": 1.13728255092e-16,
        "stdev": 12.3082561493,
        "var": 151.493164062
    },
    "loudness_ebu128": {
        "integrated": -24.6184406281,
        "loudness_range": 3.00805854797,
        "momentary": {
            "dmean": 0.948481082916,
            "dmean2": 1.024112463,
            "dvar": 1.07381772995,
            "dvar2": 1.02991497517,
            "max": -20.2885189056,
            "mean": -25.7245788574,
            "median": -25.1459369659,
            "min": -39.9054946899,
            "stdev": 3.41396594048,
            "var": 11.6551628113
        },
        "short_term": {
            "dmean": 0.115720465779,
            "dmean2": 0.113005623221,
            "dvar": 0.0119838062674,
            "dvar2": 0.0114464899525,
            "max": -22.7831401825,
            "mean": -24.6637248993,
            "median": -25.1237049103,
            "min": -26.0989360809,
            "stdev": 1.13201761246,
            "var": 1.28146398067
        }
    },
    "melbands_crest": {
        "dmean": 3.46288847923,
        "dmean2": 5.61505031586,
        "dvar": 10.284992218,
        "dvar2": 25.6274147034,
        "max": 31.7139282227,
        "mean": 21.0878639221,
        "median": 21.0239582062,
        "min": 3.73493623734,
        "stdev": 5.35583496094,
        "var": 28.684967041
    },
    "melbands_flatness_db": {
        "dmean": 0.0453929565847,
        "dmean2": 0.0627636611462,
        "dvar": 0.0018093585968,
        "dvar2": 0.00348734832369,
        "max": 0.595881283283,
        "mean": 0.335951268673,
        "median": 0.3295134902,
        "min": 0.00912280101329,
        "stdev": 0.0891751125455,
        "var": 0.00795220024884
    },
    "melbands_kurtosis": {
        "dmean": 43.3612518311,
        "dmean2": 64.8451156616,
        "dvar": 2271.11938477,
        "dvar2": 4784.82666016,
        "max": 476.825714111,
        "mean": 95.5336532593,
        "median": 66.5723800659,
        "min": -1.25485396385,
        "stdev": 86.5570983887,
        "var": 7492.13183594
    },
    "melbands_skewness": {
        "dmean": 1.80927956104,
        "dmean2": 2.76806998253,
        "dvar": 2.6543135643,
        "dvar2": 6.54084587097,
        "max": 18.542963028,
        "mean": 7.17821407318,
        "median": 6.83255004883,
        "min": 0.120084583759,
        "stdev": 3.0242934227,
        "var": 9.1463508606
    },
    "melbands_spread": {
        "dmean": 4.15361022949,
        "dmean2": 6.38117599487,
        "dvar": 79.9520492554,
        "dvar2": 140.295394897,
        "max": 143.273788452,
        "mean": 7.46151638031,
        "median": 4.03584957123,
        "min": 0.32812333107,
        "stdev": 10.5779857635,
        "var": 111.893791199
    },
    "pitch_salience": {
        "dmean": 0.0900339856744,
        "dmean2": 0.14727640152,
        "dvar": 0.00675259483978,
        "dvar2": 0.0161892436445,
        "max": 0.776868224144,
        "mean": 0.397431313992,
        "median": 0.391446352005,
        "min": 0.105891473591,
        "stdev": 0.133559152484,
        "var": 0.0178380459547
    },
    "silence_rate_20dB": {
        "dmean": 0,
        "dmean2": 0,
        "dvar": 0,
        "dvar2": 0,
        "max": 1,
        "mean": 1,
        "median": 1,
        "min": 1,
        "stdev": 0,
        "var": 0
    },
    "silence_rate_30dB": {
        "dmean": 0.0309278350323,
        "dmean2": 0.0620155036449,
        "dvar": 0.0299713090062,
        "dvar2": 0.0685052350163,
        "max": 1,
        "mean": 0.953727483749,
        "median": 1,
        "min": 0,
        "stdev": 0.210074797273,
        "var": 0.0441314205527
    },
    "silence_rate_60dB": {
        "dmean": 0.0360824726522,
        "dmean2": 0.0723514184356,
        "dvar": 0.0347803868353,
        "dvar2": 0.0671172887087,
        "max": 1,
        "mean": 0.141388177872,
        "median": 0,
        "min": 0,
        "stdev": 0.348421424627,
        "var": 0.12139749527
    },
    "spectral_centroid": {
        "dmean": 261.792663574,
        "dmean2": 387.411743164,
        "dvar": 313389.3125,
        "dvar2": 421099.375,
        "max": 10927.7978516,
        "mean": 683.110351562,
        "median": 496.875915527,
        "min": 142.241226196,
        "stdev": 705.012207031,
        "var": 497042.25
    },
    "spectral_complexity": {
        "dmean": 1.26804125309,
        "dmean2": 2.05167961121,
        "dvar": 2.46423625946,
        "dvar2": 5.07743406296,
        "max": 25,
        "mean": 5.23393297195,
        "median": 5,
        "min": 0,
        "stdev": 2.82465910912,
        "var": 7.97869873047
    },
    "spectral_decrease": {
        "dmean": 3.76568731753e-09,
        "dmean2": 5.48707790315e-09,
        "dvar": 5.15733446903e-17,
        "dvar2": 1.18797747281e-16,
        "max": -6.55447525002e-29,
        "mean": -7.54265716552e-09,
        "median": -3.78482312158e-09,
        "min": -7.66237135963e-08,
        "stdev": 1.10296962674e-08,
        "var": 1.21654193842e-16
    },
    "spectral_energy": {
        "dmean": 0.0144536681473,
        "dmean2": 0.0210523605347,
        "dvar": 0.000756809138693,
        "dvar2": 0.00173073285259,
        "max": 0.29487362504,
        "mean": 0.0291741155088,
        "median": 0.014991665259,
        "min": 1.05628767025e-20,
        "stdev": 0.0424001477659,
        "var": 0.00179777247831
    },
    "spectral_energyband_high": {
        "dmean": 0.000277440121863,
        "dmean2": 0.000434861052781,
        "dvar": 9.72244947661e-07,
        "dvar2": 2.38090592575e-06,
        "max": 0.0116235585883,
        "mean": 0.000308067072183,
        "median": 6.42281156615e-05,
        "min": 7.53359185747e-21,
        "stdev": 0.000986436964013,
        "var": 9.73057808551e-07
    },
    "spectral_energyband_low": {
        "dmean": 0.0073671345599,
        "dmean2": 0.0100665939972,
        "dvar": 0.000156903377501,
        "dvar2": 0.000328183901729,
        "max": 0.229483380914,
        "mean": 0.0161931086332,
        "median": 0.00559644121677,
        "min": 1.55962571993e-22,
        "stdev": 0.0291683189571,
        "var": 0.000850790878758
    },
    "spectral_energyband_middle_high": {
        "dmean": 0.000259509222815,
        "dmean2": 0.000350472459104,
        "dvar": 6.88274397476e-08,
        "dvar2": 1.44174165939e-07,
        "max": 0.00366678438149,
        "mean": 0.000586519192439,
        "median": 0.000483979703858,
        "min": 1.57483011142e-21,
        "stdev": 0.000451402942417,
        "var": 2.03764628282e-07
    },
    "spectral_energyband_middle_low": {
        "dmean": 0.00931298267096,
        "dmean2": 0.0143336681649,
        "dvar": 0.000596546102315,
        "dvar2": 0.00135282147676,
        "max": 0.289552748203,
        "mean": 0.0142657225952,
        "median": 0.00505966274068,
        "min": 4.66594993836e-22,
        "stdev": 0.029739908874,
        "var": 0.000884462147951
    },
    "spectral_entropy": {
        "dmean": 0.428997904062,
        "dmean2": 0.599391758442,
        "dvar": 0.175399556756,
        "dvar2": 0.307222485542,
        "max": 9.80650520325,
        "mean": 6.80209541321,
        "median": 6.82191610336,
        "min": 4.95130205154,
        "stdev": 0.768215715885,
        "var": 0.590155363083
    },
    "spectral_flux": {
        "dmean": 0.0308092236519,
        "dmean2": 0.047699522227,
        "dvar": 0.00139078393113,
        "dvar2": 0.00267958035693,
        "max": 0.323145508766,
        "mean": 0.0625391155481,
        "median": 0.0476090423763,
        "min": 1.02775857269e-10,
        "stdev": 0.0531319566071,
        "var": 0.00282300496474
    },
    "spectral_kurtosis": {
        "dmean": 1.8624150753,
        "dmean2": 2.85486626625,
        "dvar": 3.62243270874,
        "dvar2": 8.68494510651,
        "max": 18.4622840881,
        "mean": 4.15501689911,
        "median": 3.67819786072,
        "min": -1.21539747715,
        "stdev": 2.72477722168,
        "var": 7.42441034317
    },
    "spectral_rms": {
        "dmean": 0.00117024197243,
        "dmean2": 0.00167168094777,
        "dvar": 2.11597443922e-06,
        "dvar2": 4.70861459689e-06,
        "max": 0.0169611796737,
        "mean": 0.00442686863244,
        "median": 0.00382439722307,
        "min": 3.21017843384e-12,
        "stdev": 0.00297747575678,
        "var": 8.86536236067e-06
    },
    "spectral_rolloff": {
        "dmean": 410.462493896,
        "dmean2": 693.735656738,
        "dvar": 2150062.75,
        "dvar2": 4329666.5,
        "max": 18690.8203125,
        "mean": 537.278259277,
        "median": 215.33203125,
        "min": 107.666015625,
        "stdev": 1375.03393555,
        "var": 1890718.25
    },
    "spectral_skewness": {
        "dmean": 0.295171558857,
        "dmean2": 0.439220130444,
        "dvar": 0.0779328867793,
        "dvar2": 0.167299091816,
        "max": 3.15341544151,
        "mean": 1.6600714922,
        "median": 1.63311302662,
        "min": -0.00124176579993,
        "stdev": 0.470525920391,
        "var": 0.221394628286
    },
    "spectral_spread": {
        "dmean": 1194583.375,
        "dmean2": 1735061,
        "dvar": 4.60994746778e+12,
        "dvar2": 6.12786765824e+12,
        "max": 40945356,
        "mean": 5952050,
        "median": 5531393,
        "min": 2997348.5,
        "stdev": 2569646.25,
        "var": 6.60308230144e+12
    },
    "spectral_strongpeak": {
        "dmean": 0.252214789391,
        "dmean2": 0.375340372324,
        "dvar": 0.101528346539,
        "dvar2": 0.201129838824,
        "max": 4.04851770401,
        "mean": 0.607870161533,
        "median": 0.454451054335,
        "min": 2.17784257295e-09,
        "stdev": 0.543608427048,
        "var": 0.295510143042
    },
    "zerocrossingrate": {
        "dmean": 0.0127519434318,
        "dmean2": 0.0156287848949,
        "dvar": 0.000494730658829,
        "dvar2": 0.000640051090159,
        "max": 0.4931640625,
        "mean": 0.036004781723,
        "median": 0.02685546875,
        "min": 0.00439453125,
        "stdev": 0.0363457389176,
        "var": 0.0013210127363
    },
    "barkbands": {
        "dmean": [3.49231413566e-05, 0.00163615471683, 0.00529830250889, 0.00430174730718, 0.00529522728175, 0.000163770018844, 9.22367471503e-05, 2.66712104349e-05, 7.23353514331e-06, 6.79112145008e-06, 0.00017056321667, 2.86893173325e-05, 9.88625015452e-06, 1.08237445602e-05, 9.81504399533e-06, 5.92634060013e-05, 1.14490048873e-05, 2.80495496554e-05, 3.64742845704e-05, 2.92293552775e-05, 2.97398346447e-05, 4.7150595492e-05, 3.33312964358e-05, 4.16155198764e-05, 7.78737230576e-05, 4.29396932304e-05, 1.6543710899e-06],
        "dmean2": [5.92714350205e-05, 0.00215642899275, 0.0072777653113, 0.00649749254808, 0.00834429636598, 0.000232756749028, 0.000130750398966, 4.55234076071e-05, 1.21521388792e-05, 1.03128850242e-05, 0.000234529434238, 4.96634675073e-05, 1.59842074936e-05, 1.77153197001e-05, 1.4893846128e-05, 0.000101737059595, 1.6125077309e-05, 4.49257931905e-05, 5.86243077123e-05, 4.68229955004e-05, 5.07533113705e-05, 8.02928116173e-05, 5.1633836847e-05, 6.52920207358e-05, 0.00012783636339, 6.79718214087e-05, 2.87229318019e-06],
        "dvar": [6.40417407993e-09, 1.34835236167e-05, 8.3053841081e-05, 0.000142163567943, 0.00022626837017, 8.53799235756e-08, 4.18051122608e-08, 3.41764021528e-08, 3.76887576703e-10, 1.39283640177e-10, 3.16852570847e-08, 1.23500931704e-09, 1.1851163384e-09, 5.94839677515e-10, 5.10885334037e-10, 3.83402598558e-09, 7.20835835466e-10, 1.63561564293e-09, 2.74127875954e-09, 5.66582425421e-09, 1.31405597514e-08, 2.71245337302e-08, 1.1871085448e-08, 2.20082121416e-08, 9.87751249681e-08, 2.77277791838e-08, 3.45582833183e-11],
        "dvar2": [1.92264231202e-08, 2.53173639067e-05, 0.000180794901098, 0.000320114835631, 0.000521695939824, 1.6019622251e-07, 7.39741565781e-08, 9.82929009297e-08, 1.07028752527e-09, 3.07398273502e-10, 7.03169789062e-08, 3.70156549856e-09, 2.31079555491e-09, 1.54519752549e-09, 1.23389087836e-09, 9.87147785736e-09, 1.40710387786e-09, 3.7114515905e-09, 5.87840931487e-09, 1.32717445922e-08, 3.46750290703e-08, 6.65643398179e-08, 2.56962824352e-08, 5.24527266066e-08, 2.64213156242e-07, 6.28451459761e-08, 9.48537984269e-11],
        "max": [0.00115332205314, 0.0654947906733, 0.159984230995, 0.184091046453, 0.222236737609, 0.00373074854724, 0.00233533792198, 0.00275379512459, 0.000298041879432, 0.000129437292344, 0.00120589486323, 0.000236296415096, 0.000549415999558, 0.000284330395516, 0.000293173798127, 0.000423333491199, 0.000395780254621, 0.000539886532351, 0.000735514215194, 0.0007364731282, 0.00157949759159, 0.00187377561815, 0.00120703247376, 0.00177743588574, 0.00406757369637, 0.0021894138772, 5.03200535604e-05],
        "mean": [3.52726747224e-05, 0.00357153848745, 0.0104099530727, 0.00620134407654, 0.0075596710667, 0.000293386779958, 0.000164732802659, 2.91378364636e-05, 1.25680708152e-05, 1.0764381841e-05, 0.000293165066978, 3.61237798643e-05, 1.19850074043e-05, 1.54189710884e-05, 1.32263185151e-05, 8.97543359315e-05, 1.65105702763e-05, 3.71623355022e-05, 5.28094315086e-05, 3.63265135093e-05, 3.50966583937e-05, 5.47002491658e-05, 3.80657256756e-05, 4.40583426098e-05, 7.12251785444e-05, 3.89712404285e-05, 1.15585703497e-06],
        "median": [1.13948681246e-05, 0.000825446448289, 0.00319129577838, 0.000901889754459, 0.00219043181278, 6.68225911795e-05, 2.38839002122e-05, 4.22434413849e-06, 3.02421813103e-06, 3.42443263435e-06, 0.000213529245229, 2.29037596e-05, 2.74947569778e-06, 5.33115326107e-06, 4.02401838073e-06, 8.00100824563e-05, 3.9719416236e-06, 2.05941450986e-05, 3.29222748405e-05, 1.47327973536e-05, 1.11612207547e-05, 1.14937629405e-05, 6.75947831041e-06, 5.88857710682e-06, 9.37004097068e-06, 3.57087787961e-06, 4.03158217921e-09],
        "min": [5.95399899518e-23, 1.6069285966e-23, 5.72138663343e-23, 1.05563170148e-22, 5.05888294365e-23, 2.36161020983e-23, 5.07945454279e-23, 5.49888683739e-23, 1.18618275393e-22, 1.15330012839e-22, 5.2370187801e-23, 5.94491131755e-23, 6.32320609366e-23, 2.00335884316e-22, 1.14877231923e-22, 1.13611760192e-22, 2.51313464406e-22, 1.00236875979e-22, 3.56830539834e-22, 2.98987799897e-22, 5.34230337506e-22, 5.68013122757e-22, 5.57122550861e-22, 6.8756020929e-22, 1.19046305009e-21, 1.65017200767e-21, 2.34495545655e-21],
        "stdev": [8.33235390019e-05, 0.00800519902259, 0.0202585235238, 0.0153032224625, 0.0181410871446, 0.000507352640852, 0.00034827136551, 0.000150081512402, 2.6729379897e-05, 1.83629636012e-05, 0.000273116485914, 3.74234186893e-05, 4.07264342357e-05, 2.93522371067e-05, 2.78392162727e-05, 7.25975914975e-05, 4.06337749155e-05, 5.45532966498e-05, 7.13082918082e-05, 8.01664718892e-05, 0.000105587314465, 0.000171239138581, 0.000118027965073, 0.000154205452418, 0.000280749605736, 0.000162530428497, 4.83658186567e-06],
        "var": [6.94281210301e-09, 6.40832076897e-05, 0.000410407810705, 0.000234188628383, 0.00032909901347, 2.57406725268e-07, 1.21292941913e-07, 2.25244622953e-08, 7.14459769124e-10, 3.3719843584e-10, 7.45926200807e-08, 1.4005121507e-09, 1.65864244561e-09, 8.61553772769e-10, 7.75021935517e-10, 5.27041077447e-09, 1.65110358719e-09, 2.9760622855e-09, 5.08487207895e-09, 6.42666275752e-09, 1.11486810894e-08, 2.93228428205e-08, 1.3930600673e-08, 2.37793233993e-08, 7.88203351476e-08, 2.64161421626e-08, 2.33925257637e-11]
    },
    "erbbands": {
        "dmean": [0.00854943320155, 0.576166987419, 5.46014356613, 8.4675951004, 27.8597869873, 8.7952375412, 2.21900510788, 1.31468772888, 1.73493719101, 0.841277122498, 0.2774091959, 0.152479559183, 0.20195658505, 0.537913441658, 8.5990524292, 1.09489965439, 0.292048513889, 0.565693318844, 0.599732935429, 1.75235319138, 1.93699252605, 0.596950948238, 0.805149674416, 3.2244489193, 0.702242910862, 1.25547635555, 1.11663234234, 1.48222362995, 1.19510865211, 1.76824569702, 0.866532087326, 0.861519038677, 0.77874481678, 0.815010309219, 0.543540656567, 0.218464389443, 0.0816253349185, 0.00882694683969, 0.000204284966458, 2.00359463634e-05],
        "dmean2": [0.0123023297638, 0.752777099609, 7.18397665024, 12.9602575302, 43.6016044617, 13.3976068497, 3.37415909767, 1.87127745152, 2.40257620811, 1.40329575539, 0.453943938017, 0.255552619696, 0.311793148518, 0.758521735668, 12.1975736618, 1.66977500916, 0.472164183855, 0.917023837566, 0.929223060608, 2.96516919136, 3.29334354401, 0.873066961765, 1.26045703888, 5.17247390747, 1.11649513245, 1.94267380238, 1.74690186977, 2.46859645844, 1.99900639057, 2.89662241936, 1.34209752083, 1.33652210236, 1.2389343977, 1.37922084332, 0.876872241497, 0.361923068762, 0.12650641799, 0.0141878891736, 0.000326714856783, 3.03470060317e-05],
        "dvar": [0.000306807807647, 1.58406317234, 100.72895813, 295.383728027, 6509.67871094, 363.538513184, 13.1610660553, 6.80389261246, 16.7528133392, 23.279045105, 1.64403772354, 0.157549262047, 0.113794021308, 0.384638726711, 86.8508453369, 1.45371747017, 0.84744733572, 2.42481541634, 1.20608973503, 3.37087059021, 3.8807580471, 2.15504622459, 1.97565352917, 16.4708633423, 3.33245277405, 10.0095930099, 14.2433891296, 26.4104537964, 12.2122440338, 48.4360389709, 7.17564582825, 8.96105098724, 8.41252994537, 11.4530229568, 4.26167535782, 0.71084022522, 0.0993330031633, 0.00104642601218, 5.35298113391e-07, 1.61642832452e-09],
        "dvar2": [0.000649178109597, 2.92853450775, 197.17868042, 695.495544434, 14883.2714844, 780.036254883, 31.5974788666, 12.6507720947, 26.1999168396, 67.2705307007, 4.53734207153, 0.449686795473, 0.252444118261, 0.874358892441, 199.684509277, 3.70575666428, 1.5847671032, 5.07794380188, 2.9650247097, 8.55442142487, 9.71789646149, 4.48872470856, 4.14047622681, 35.3931884766, 7.14811468124, 23.6324234009, 34.7947769165, 68.0264892578, 29.7399291992, 125.450645447, 14.5980129242, 21.7526855469, 20.1852054596, 31.9724311829, 10.7267503738, 1.5589029789, 0.245730549097, 0.00273587135598, 1.38974689889e-06, 3.48457684929e-09],
        "max": [0.279803752899, 23.1646194458, 192.013946533, 236.942428589, 1060.65991211, 263.691040039, 42.547039032, 32.8317375183, 52.3576545715, 70.4441070557, 19.8033180237, 5.69832468033, 2.93092632294, 9.12942409515, 62.7687606812, 9.71015071869, 15.3729248047, 23.5734119415, 12.1519269943, 16.261089325, 14.6142339706, 23.979227066, 15.9961185455, 54.0141410828, 17.8433895111, 35.0079345703, 52.9540672302, 62.8490257263, 36.871711731, 88.3695449829, 26.9953136444, 34.6885643005, 32.5264625549, 41.6545257568, 26.4007072449, 9.89376449585, 4.05412578583, 0.393085539341, 0.00869758799672, 0.00038468974526],
        "mean": [0.0196293573827, 1.26882958412, 11.4146814346, 14.589756012, 36.0570411682, 15.1015634537, 4.09379005432, 2.33574342728, 3.22359108925, 1.04710936546, 0.410858899355, 0.25973880291, 0.356477737427, 1.09718072414, 14.427822113, 1.8813829422, 0.426342099905, 0.80290466547, 0.902887582779, 2.71467113495, 3.10348510742, 0.918997466564, 1.39401566982, 4.66375350952, 1.06434381008, 1.59674978256, 1.43816757202, 1.68555831909, 1.41627454758, 1.91402232647, 1.01752853394, 0.928070366383, 0.782427549362, 0.720305681229, 0.501761257648, 0.206405833364, 0.0704225748777, 0.00732044223696, 0.000180734845344, 3.90064342355e-05],
        "median": [0.00906167831272, 0.305126279593, 3.01185965538, 5.09997749329, 8.36829662323, 5.39041423798, 1.63454473019, 0.591080248356, 0.470079928637, 0.192045107484, 0.0942808240652, 0.0726209655404, 0.122237235308, 0.805068016052, 10.0783920288, 1.34542322159, 0.182521313429, 0.273695111275, 0.324715644121, 2.38589024544, 2.7587518692, 0.312699735165, 0.721188127995, 2.88486289978, 0.49363180995, 0.657037675381, 0.461497604847, 0.581605136395, 0.344379782677, 0.316911816597, 0.196708664298, 0.137063995004, 0.0946399345994, 0.0780184343457, 0.0568793304265, 0.0240096449852, 0.00510173803195, 0.000378595723305, 2.21417267312e-05, 1.91887920664e-05],
        "min": [4.30074141804e-22, 4.88965524008e-21, 4.879509676e-20, 2.54569512254e-19, 2.5766122904e-19, 1.69163824866e-19, 9.39774434206e-20, 2.34384418301e-19, 4.01241223514e-19, 1.45717532575e-18, 8.68645832492e-19, 1.5778188943e-18, 5.311028101e-18, 3.06385527541e-18, 1.90842912987e-18, 2.65096207559e-18, 3.37751637342e-18, 8.84380400065e-18, 7.60554357498e-18, 5.19804350113e-18, 7.55663900281e-18, 1.58306900965e-17, 6.85835918588e-18, 1.64102277229e-17, 1.67627290866e-17, 1.2401149646e-17, 1.75943036826e-17, 2.26702925484e-17, 1.81914850714e-17, 1.73592685833e-17, 1.79202078808e-17, 1.28557565302e-17, 1.25037076343e-17, 1.45040991891e-17, 7.62881795588e-18, 6.61308317705e-18, 2.78682566402e-18, 1.19956491662e-18, 3.40621111377e-19, 3.66388117038e-20],
        "stdev": [0.0352438949049, 2.82578110695, 23.7346534729, 23.8494377136, 94.8110427856, 27.0337352753, 6.26422309875, 4.25695562363, 7.30734109879, 3.86598587036, 1.179859519, 0.501378953457, 0.540495932102, 1.10865294933, 13.700627327, 1.70111501217, 1.1181511879, 1.90286016464, 1.47636067867, 2.24093770981, 2.49154281616, 2.03125429153, 2.06980848312, 5.73027324677, 2.09490537643, 3.41094994545, 3.92174506187, 4.78999471664, 3.78105592728, 6.90953302383, 2.98057866096, 3.12347507477, 2.91371178627, 2.92314481735, 1.92379200459, 0.838262081146, 0.292030632496, 0.0286788865924, 0.00065386883216, 5.71329437662e-05],
        "var": [0.00124213215895, 7.98503923416, 563.33380127, 568.795715332, 8989.13378906, 730.822875977, 39.2404899597, 18.1216697693, 53.3972320557, 14.9458475113, 1.3920686245, 0.251380860806, 0.292135834694, 1.22911143303, 187.707199097, 2.8937921524, 1.25026214123, 3.62087702751, 2.17964100838, 5.02180147171, 6.20778608322, 4.12599420547, 4.28410673141, 32.8360328674, 4.38862895966, 11.6345796585, 15.3800849915, 22.9440479279, 14.2963838577, 47.7416496277, 8.88384914398, 9.75609588623, 8.48971652985, 8.54477596283, 3.70097565651, 0.702683269978, 0.085281893611, 0.000822478497867, 4.275444212e-07, 3.26417337604e-09]
    },
    "gfcc": {
        "mean": [-96.439239502, 85.1115036011, -72.9329833984, 67.66355896, -36.090637207, 22.3980388641, -41.8866996765, -4.2402305603, -47.2646751404, -15.4748277664, -21.7987594604, 7.06367492676, -6.01277494431],
        "cov": [[10444.6396484, -711.914123535, 764.190246582, -320.796600342, -532.786804199, -85.5283432007, -774.15625, -1.8682924509, -229.818862915, 424.190307617, -336.768981934, 33.8458862305, -509.172332764], [-711.914123535, 909.281433105, -309.929016113, 251.555618286, 261.780273438, -6.79321527481, 168.927307129, -164.831665039, 50.9437522888, -258.523345947, 165.474838257, -33.38904953, 238.186798096], [764.190246582, -309.929016113, 631.261779785, -97.7973861694, -32.6198806763, -56.4083633423, -117.181427002, 3.596616745, -0.995611310005, 140.603530884, -110.721389771, -49.5111541748, -147.636383057], [-320.796600342, 251.555618286, -97.7973861694, 263.367889404, 141.416046143, 34.8420982361, 129.678192139, -34.3423233032, 32.071231842, -107.239784241, 69.9456558228, -30.1999740601, 97.5987319946], [-532.786804199, 261.780273438, -32.6198806763, 141.416046143, 287.122314453, 75.2256393433, 142.106964111, -54.2265167236, 1.76215517521, -111.985443115, 61.2663803101, 10.3562793732, 104.810005188], [-85.5283432007, -6.79321527481, -56.4083633423, 34.8420982361, 75.2256393433, 140.83744812, 113.176200867, 42.9201049805, -3.17442560196, -3.3512365818, 1.08204138279, 11.7732772827, 11.7652626038], [-774.15625, 168.927307129, -117.181427002, 129.678192139, 142.106964111, 113.176200867, 245.291687012, 33.0140151978, 27.7480602264, -79.2452163696, 54.0712280273, -2.15711069107, 74.4624252319], [-1.8682924509, -164.831665039, 3.596616745, -34.3423233032, -54.2265167236, 42.9201049805, 33.0140151978, 117.109909058, 27.0424251556, 72.8832931519, -31.8741798401, -2.16672897339, -67.9094848633], [-229.818862915, 50.9437522888, -0.995611310005, 32.071231842, 1.76215517521, -3.17442560196, 27.7480602264, 27.0424251556, 112.922668457, 40.1522789001, 11.2730550766, -44.5397224426, -14.7730293274], [424.190307617, -258.523345947, 140.603530884, -107.239784241, -111.985443115, -3.3512365818, -79.2452163696, 72.8832931519, 40.1522789001, 190.892501831, -54.7045631409, -16.6135787964, -120.058868408], [-336.768981934, 165.474838257, -110.721389771, 69.9456558228, 61.2663803101, 1.08204138279, 54.0712280273, -31.8741798401, 11.2730550766, -54.7045631409, 93.7013244629, 19.5738697052, 63.0042953491], [33.8458862305, -33.38904953, -49.5111541748, -30.1999740601, 10.3562793732, 11.7732772827, -2.15711069107, -2.16672897339, -44.5397224426, -16.6135787964, 19.5738697052, 90.495880127, 32.2354469299], [-509.172332764, 238.186798096, -147.636383057, 97.5987319946, 104.810005188, 11.7652626038, 74.4624252319, -67.9094848633, -14.7730293274, -120.058868408, 63.0042953491, 32.2354469299, 149.968261719]],
        "icov": [[0.000198627400096, -0.000310646079015, -0.000143587763887, -0.000481180497445, 0.000321982312016, -0.000636038661469, 0.000702805642504, 0.000169333652593, 0.000329520000378, -0.000147220445797, 0.000376788491849, -0.000583324930631, 0.000773840234615], [-0.000310646079015, 0.00411349209026, 0.00109056686051, 0.000951706606429, -0.00178701535333, 0.00176979787648, -0.00169540103525, 0.00233832304366, -0.00229160976596, 0.00184539693873, -0.00251133763231, 0.0031827618368, -0.00250044534914], [-0.000143587763887, 0.00109056686051, 0.00341001315974, 8.77079874044e-05, -0.00219388864934, 0.00259392312728, -0.00152335315943, 0.00270752399229, -4.76584282296e-05, -0.00159092969261, 0.00231318455189, 0.000773343024775, 0.00197612354532], [-0.000481180497445, 0.000951706606429, 8.77079874044e-05, 0.0091665731743, -0.00224645459093, 0.00141412264202, -0.00281732878648, -0.00154224783182, -0.00158777844626, 0.00224601058289, -0.00411916477606, 0.00581862963736, -0.00474342610687], [0.000321982312016, -0.00178701535333, -0.00219388864934, -0.00224645459093, 0.00922293309122, -0.00527277030051, -0.000529135984834, 0.00263991882093, -0.000318099482683, 0.00132165313698, -0.000209180128877, -0.00307213934138, 0.000434660934843], [-0.000636038661469, 0.00176979787648, 0.00259392312728, 0.00141412264202, -0.00527277030051, 0.018722390756, -0.00982479657978, -0.00177875347435, 0.00218198052607, -0.00384297175333, 0.00316566717811, 0.000864262809046, -0.00142539909575], [0.000702805642504, -0.00169540103525, -0.00152335315943, -0.00281732878648, -0.000529135984834, -0.00982479657978, 0.0164078585804, -0.00813564565033, -0.000274410616839, 0.00351145351306, -0.00310377939604, 0.000517287408002, -0.00130071537569], [0.000169333652593, 0.00233832304366, 0.00270752399229, -0.00154224783182, 0.00263991882093, -0.00177875347435, -0.00813564565033, 0.0261223688722, -0.00500192446634, -0.00304397870786, 0.00557491276413, -0.00590795138851, 0.0106913195923], [0.000329520000378, -0.00229160976596, -4.76584282296e-05, -0.00158777844626, -0.000318099482683, 0.00218198052607, -0.000274410616839, -0.00500192446634, 0.0174612496048, -0.00739223929122, -0.00202715839259, 0.00613206019625, -0.000997091177851], [-0.000147220445797, 0.00184539693873, -0.00159092969261, 0.00224601058289, 0.00132165313698, -0.00384297175333, 0.00351145351306, -0.00304397870786, -0.00739223929122, 0.017026161775, -0.00305373338051, -0.000320582737913, 0.00405136682093], [0.000376788491849, -0.00251133763231, 0.00231318455189, -0.00411916477606, -0.000209180128877, 0.00316566717811, -0.00310377939604, 0.00557491276413, -0.00202715839259, -0.00305373338051, 0.0242061149329, -0.00951766315848, 0.00342124840245], [-0.000583324930631, 0.0031827618368, 0.000773343024775, 0.00581862963736, -0.00307213934138, 0.000864262809046, 0.000517287408002, -0.00590795138851, 0.00613206019625, -0.000320582737913, -0.00951766315848, 0.0241218563169, -0.0117528112605], [0.000773840234615, -0.00250044534914, 0.00197612354532, -0.00474342610687, 0.000434660934843, -0.00142539909575, -0.00130071537569, 0.0106913195923, -0.000997091177851, 0.00405136682093, 0.00342124840245, -0.0117528112605, 0.0278284028172]]
    },
    "melbands": {
        "dmean": [0.000236459076405, 0.00200157286599, 0.00217145076022, 0.00134187261574, 9.84623402474e-05, 3.10695504595e-05, 2.35826573771e-05, 8.50652486406e-06, 1.9027010012e-06, 9.3485476782e-07, 1.01849946077e-06, 1.11632607513e-06, 2.33062855841e-05, 1.11403724077e-05, 4.5804293336e-07, 1.06769357444e-06, 1.07589744403e-06, 1.0521631566e-06, 6.47744172966e-07, 5.55083124709e-06, 1.40358486078e-06, 6.24599238108e-07, 6.06137575687e-07, 1.44621867548e-06, 2.96915482068e-06, 4.16533765701e-07, 6.79446259255e-07, 9.72132170318e-07, 8.41068811042e-07, 5.59866748517e-07, 1.05793276362e-06, 6.59715283291e-07, 1.28393764953e-06, 8.36784920466e-07, 4.61879437808e-07, 5.58698673103e-07, 5.41612905636e-07, 5.30829311174e-07, 6.50321567264e-07, 7.21852757124e-07],
        "dmean2": [0.00031977542676, 0.00264741340652, 0.00333804637194, 0.00209145992994, 0.000148512670421, 4.41481970483e-05, 3.26111585309e-05, 1.44659643411e-05, 3.11714757117e-06, 1.54758060944e-06, 1.56464193424e-06, 1.68106510046e-06, 3.21357292705e-05, 1.71281426447e-05, 7.42537963561e-07, 1.76682146957e-06, 1.75930517798e-06, 1.64017069437e-06, 9.74825979938e-07, 9.48778233578e-06, 2.34150161305e-06, 9.19577018976e-07, 1.00195654795e-06, 2.24985296882e-06, 4.7869498303e-06, 6.65617221784e-07, 1.09976883778e-06, 1.52274731136e-06, 1.30122202791e-06, 9.30101634822e-07, 1.78896880243e-06, 1.10792245778e-06, 2.12428699342e-06, 1.33277831083e-06, 7.51375864638e-07, 8.62305569171e-07, 8.56485371514e-07, 8.4721972371e-07, 1.08450115022e-06, 1.24375469568e-06],
        "dvar": [2.79875024489e-07, 1.38384912134e-05, 2.64798909484e-05, 1.38656705531e-05, 2.87663723952e-08, 3.68958641417e-09, 3.00314351165e-09, 2.97738589339e-09, 4.25839467855e-11, 5.57085237315e-12, 2.86293471569e-12, 4.73188372166e-12, 5.88035065086e-10, 1.59223800811e-10, 5.90835106534e-13, 1.4107719333e-11, 7.80526771688e-12, 3.75678481379e-12, 2.08231392199e-12, 3.3964289714e-11, 2.30549021714e-12, 2.92894853336e-12, 2.2981746714e-12, 4.43815774062e-12, 1.3914385269e-11, 1.31681525493e-12, 3.91747701986e-12, 6.22956460722e-12, 6.65521283916e-12, 5.18360267904e-12, 1.22412305986e-11, 3.49017407857e-12, 2.40739303492e-11, 1.04764235481e-11, 1.85281998077e-12, 3.83004348722e-12, 3.35192160486e-12, 3.92916385192e-12, 6.49992429672e-12, 9.35530299062e-12],
        "dvar2": [5.47614035895e-07, 2.72061315627e-05, 6.04933811701e-05, 3.16060613841e-05, 6.5988551512e-08, 6.54974918746e-09, 4.74052042065e-09, 8.60528270863e-09, 1.13730767859e-10, 1.58988256588e-11, 6.25755306946e-12, 1.11728256855e-11, 1.32342059533e-09, 4.04461159009e-10, 1.261135185e-12, 2.72726632944e-11, 1.68755825286e-11, 9.80665115086e-12, 5.03542563549e-12, 8.7313142827e-11, 5.30026023071e-12, 6.36288721365e-12, 5.65789689405e-12, 1.03482266159e-11, 3.01636250699e-11, 2.84060882455e-12, 9.76036092226e-12, 1.51061316234e-11, 1.58103669046e-11, 1.35641125068e-11, 3.17981301012e-11, 9.4791509711e-12, 6.37107103185e-11, 2.61557685233e-11, 3.53368246123e-12, 9.21371572787e-12, 8.03257026866e-12, 9.18243953096e-12, 1.69940745504e-11, 2.65899160329e-11],
        "max": [0.00908762216568, 0.0704586431384, 0.0701352506876, 0.0525391697884, 0.00197562389076, 0.000848696974572, 0.000707468192559, 0.000802016875241, 9.8053678812e-05, 3.43944593624e-05, 1.54822973855e-05, 3.02319895127e-05, 0.000164041586686, 8.59539286466e-05, 9.22342042031e-06, 5.91138159507e-05, 4.19946591137e-05, 2.11367569136e-05, 1.88397971215e-05, 3.87424552173e-05, 1.79883445526e-05, 2.85942605842e-05, 1.98493362404e-05, 2.59157204709e-05, 5.02328221046e-05, 1.25768683574e-05, 2.37919775827e-05, 2.92467193503e-05, 3.37179917551e-05, 3.25869295921e-05, 3.76980060537e-05, 2.04028838198e-05, 5.11057296535e-05, 4.22229495598e-05, 1.38286550282e-05, 2.23414390348e-05, 2.16706448555e-05, 2.31060694205e-05, 3.25347027683e-05, 3.55919364665e-05],
        "mean": [0.000521050300449, 0.00428660772741, 0.00339081417769, 0.00194247579202, 0.00018267967971, 5.59323998459e-05, 4.34575376858e-05, 9.52316531766e-06, 3.02197145174e-06, 1.54899191784e-06, 1.69942620687e-06, 1.86454076356e-06, 4.0148570406e-05, 1.72571326402e-05, 6.70938561598e-07, 1.26831923808e-06, 1.49866230004e-06, 1.48476999584e-06, 8.92031948752e-07, 8.1625976236e-06, 2.27696000366e-06, 8.31171348636e-07, 9.00404586446e-07, 2.04286334338e-06, 4.24193149229e-06, 5.70168140257e-07, 7.62732213389e-07, 1.19860510495e-06, 1.06096410946e-06, 6.35860487819e-07, 1.15169757464e-06, 6.8207663162e-07, 1.26140639622e-06, 9.0452999757e-07, 5.5539976529e-07, 5.62977106711e-07, 5.90566230585e-07, 5.20725450315e-07, 6.32063006378e-07, 6.01191743499e-07],
        "median": [0.000151576474309, 0.00123784155585, 0.00129525212105, 0.000535604660399, 6.88020736561e-05, 1.17809195217e-05, 6.41036058369e-06, 1.44837906646e-06, 6.9883441256e-07, 4.22458697358e-07, 4.79434788758e-07, 5.90902686781e-07, 2.95735699183e-05, 1.20321547001e-05, 2.42181044996e-07, 2.90969069283e-07, 5.15306794568e-07, 4.38265203684e-07, 3.14127305501e-07, 7.21196011e-06, 1.84018119853e-06, 2.13695102502e-07, 2.75343296607e-07, 1.09428196993e-06, 2.7003645755e-06, 2.07681338793e-07, 2.3686929751e-07, 5.0939263474e-07, 3.80628677021e-07, 1.85910764117e-07, 3.83645897273e-07, 1.79270529088e-07, 1.85942624853e-07, 1.62540757742e-07, 1.01916086237e-07, 1.00353965138e-07, 7.48716928456e-08, 5.70792799692e-08, 6.22955624863e-08, 6.30709990901e-08],
        "min": [6.79778086994e-24, 2.17621701083e-23, 4.28972052632e-23, 1.50002264004e-23, 3.35967497608e-24, 4.88641743938e-24, 7.26077359041e-24, 1.56061110186e-23, 6.02074617298e-24, 1.41561909857e-23, 2.6006890222e-23, 1.14760187053e-23, 6.88510225012e-24, 6.47757867864e-24, 6.84922564501e-24, 6.85046810094e-24, 1.81583900137e-23, 1.31965961259e-23, 7.54627102948e-24, 6.90818353135e-24, 8.48785777253e-24, 1.60559384395e-23, 1.03886662442e-23, 4.49101116583e-24, 1.43067387786e-23, 1.43082896791e-23, 1.11810296918e-23, 7.2541250707e-24, 9.18952114873e-24, 1.46649052954e-23, 1.26301056436e-23, 1.12231848409e-23, 9.45769835777e-24, 8.87209614225e-24, 9.85799162462e-24, 9.03807799873e-24, 8.14680164877e-24, 8.65573841721e-24, 1.01367727019e-23, 1.29670999225e-23],
        "stdev": [0.00111509533599, 0.00871900189668, 0.0064428364858, 0.00451998598874, 0.000304679939291, 0.000101930956589, 9.71229674178e-05, 4.34741996287e-05, 7.15540863894e-06, 3.02713237943e-06, 2.73683167507e-06, 3.55168344868e-06, 3.70990128431e-05, 1.70682524185e-05, 1.06389836674e-06, 4.41260453954e-06, 3.40154019796e-06, 2.54808651334e-06, 1.74108038209e-06, 6.72604710417e-06, 2.11332667277e-06, 2.1105495307e-06, 2.08967753679e-06, 2.85161263491e-06, 5.23393782714e-06, 1.32064690206e-06, 1.94351787286e-06, 2.62589765043e-06, 2.77119988823e-06, 2.08040569305e-06, 3.22734194924e-06, 1.76000332885e-06, 4.7390394684e-06, 3.28669557348e-06, 1.55274994995e-06, 1.92288052858e-06, 1.97912640942e-06, 2.00283534468e-06, 2.38890379478e-06, 2.55824738815e-06],
