{
"metadata": {
    "version": {
        "essentia": "2.1-beta6-dev",
        "essentia_git_sha": "v2.1_beta5-778-gc9eadba6",
        "extractor": "music 2.0"
    },
    "audio_properties": {
        "analysis": {
            "equal_loudness": 0,
            "length": 15.9999771118,
            "sample_rate": 44100,
            "start_time": 0,
            "downmix": "mix"
        },
        "bit_rate": 128000,
        "length": 16,
        "lossless": 0,
        "number_channels": 2,
        "replay_gain": 2.09188652039,
        "sample_rate": 48000,
        "codec": "mp3",
        "md5_encoded": "b37a4dba1c3ac0df5300192c4690ed8e"
    },
    "tags": {
        "file_name": "inflames-moonshield.mp3",
        "encoding": ["Lavf59.16.100"]
    }
},
"lowlevel": {
    "average_loudness": 0.982982754707,
    "barkbands_crest": {
        "dmean": 2.49506473541,
        "dmean2": 4.11991024017,
        "dvar": 7.88460731506,
        "dvar2": 20.1438999176,
        "max": 22.7042732239,
        "mean": 7.8708896637,
        "median": 6.96031808853,
        "min": 2.50828385353,
        "stdev": 3.49746322632,
        "var": 12.2322483063
    },
    "barkbands_flatness_db": {
        "dmean": 0.0210068821907,
        "dmean2": 0.0321553386748,
        "dvar": 0.000498638488352,
        "dvar2": 0.00125483633019,
        "max": 0.188571155071,
        "mean": 0.0864401161671,
        "median": 0.0833961293101,
        "min": 0.0160748269409,
        "stdev": 0.0312086362392,
        "var": 0.00097397895297
    },
    "barkbands_kurtosis": {
        "dmean": 1.86779129505,
        "dmean2": 3.04222488403,
        "dvar": 7.4232301712,
        "dvar2": 18.7829456329,
        "max": 19.9060592651,
        "mean": 2.28701305389,
        "median": 1.69643831253,
        "min": -1.66880476475,
        "stdev": 3.02092552185,
        "var": 9.12599086761
    },
    "barkbands_skewness": {
        "dmean": 0.461966305971,
        "dmean2": 0.720186293125,
        "dvar": 0.32466968894,
        "dvar2": 0.755817294121,
        "max": 4.46019458771,
        "mean": 1.35954630375,
        "median": 1.33524537086,
        "min": -2.0857925415,
        "stdev": 0.904308259487,
        "var": 0.817773461342
    },
    "barkbands_spread": {
        "dmean": 8.17104816437,
        "dmean2": 12.8968830109,
        "dvar": 94.5459823608,
        "dvar2": 229.991851807,
        "max": 83.3560638428,
        "mean": 28.4910945892,
        "median": 24.5779361725,
        "min": 11.6332416534,
        "stdev": 13.0071334839,
        "var": 169.185516357
    },
    "dissonance": {
        "dmean": 0.0142682576552,
        "dmean2": 0.0228773523122,
        "dvar": 0.000440062693087,
        "dvar2": 0.000657832832076,
        "max": 0.49986192584,
        "mean": 0.471487671137,
        "median": 0.47459474206,
        "min": 0,
        "stdev": 0.02435750328,
        "var": 0.000593287986703
    },
    "dynamic_complexity": 1.57143723965,
    "erbbands_crest": {
        "dmean": 1.42326426506,
        "dmean2": 2.26298952103,
        "dvar": 2.17725729942,
        "dvar2": 5.27143764496,
        "max": 15.9021396637,
        "mean": 5.75753545761,
        "median": 5.3256187439,
        "min": 2.47355246544,
        "stdev": 2.13632774353,
        "var": 4.5638961792
    },
    "erbbands_flatness_db": {
        "dmean": 0.0143843749538,
        "dmean2": 0.0193523019552,
        "dvar": 0.000126992104924,
        "dvar2": 0.000244047434535,
        "max": 0.177338153124,
        "mean": 0.113769643009,
        "median": 0.11104234308,
        "min": 0.0673443377018,
        "stdev": 0.0223765075207,
        "var": 0.000500708119944
    },
    "erbbands_kurtosis": {
        "dmean": 0.453639388084,
        "dmean2": 0.736103117466,
        "dvar": 0.197177231312,
        "dvar2": 0.490772604942,
        "max": 2.42004871368,
        "mean": -0.418510913849,
        "median": -0.530383825302,
        "min": -1.43889605999,
        "stdev": 0.593119502068,
        "var": 0.351790726185
    },
    "erbbands_skewness": {
        "dmean": 0.317453384399,
        "dmean2": 0.486874967813,
        "dvar": 0.131546467543,
        "dvar2": 0.304533332586,
        "max": 1.5749232769,
        "mean": 0.258949100971,
        "median": 0.346982479095,
        "min": -1.5414788723,
        "stdev": 0.5342669487,
        "var": 0.285441160202
    },
    "erbbands_spread": {
        "dmean": 9.23422813416,
        "dmean2": 13.0518426895,
        "dvar": 79.6908569336,
        "dvar2": 164.291152954,
        "max": 100.099739075,
        "mean": 48.8178024292,
        "median": 46.4612503052,
        "min": 23.1442337036,
        "stdev": 13.8474988937,
        "var": 191.753234863
    },
    "hfc": {
        "dmean": 17.5035705566,
        "dmean2": 29.2785148621,
        "dvar": 1383.79052734,
        "dvar2": 3834.58056641,
        "max": 240.345352173,
        "mean": 25.3132553101,
        "median": 16.2121658325,
        "min": 1.09055081677e-16,
        "stdev": 33.0040969849,
        "var": 1089.27038574
    },
    "loudness_ebu128": {
        "integrated": -24.3317623138,
        "loudness_range": 0.650342941284,
        "momentary": {
            "dmean": 1.15620696545,
            "dmean2": 1.37858724594,
            "dvar": 41.0164871216,
            "dvar2": 31.1727733612,
            "max": -22.7756156921,
            "mean": -25.2776794434,
            "median": -24.1213436127,
            "min": -118.801780701,
            "stdev": 7.75642061234,
            "var": 60.1620597839
        },
        "short_term": {
            "dmean": 0.0518159121275,
            "dmean2": 0.0730794295669,
            "dvar": 0.00353276194073,
            "dvar2": 0.00565233826637,
            "max": -23.6880931854,
            "mean": -24.237909317,
            "median": -24.2408618927,
            "min": -25.5688877106,
            "stdev": 0.295345067978,
            "var": 0.0872287005186
        }
    },
    "melbands_crest": {
        "dmean": 3.50963830948,
        "dmean2": 5.28674697876,
        "dvar": 10.818403244,
        "dvar2": 22.6100845337,
        "max": 31.971364975,
        "mean": 11.4095745087,
        "median": 9.85267829895,
        "min": 1.74820542336,
        "stdev": 5.36011457443,
        "var": 28.7308273315
    },
    "melbands_flatness_db": {
        "dmean": 0.0273625031114,
        "dmean2": 0.0427849441767,
        "dvar": 0.000934938492719,
        "dvar2": 0.00229708873667,
        "max": 0.273395806551,
        "mean": 0.146524265409,
        "median": 0.149277195334,
        "min": 0.00416801637039,
        "stdev": 0.0485026948154,
        "var": 0.00235251127742
    },
    "melbands_kurtosis": {
        "dmean": 7.95955133438,
        "dmean2": 13.1573524475,
        "dvar": 285.599517822,
        "dvar2": 756.793518066,
        "max": 118.41355896,
        "mean": 11.6287956238,
        "median": 7.40015506744,
        "min": -1.28380787373,
        "stdev": 15.8806772232,
        "var": 252.195907593
    },
    "melbands_skewness": {
        "dmean": 0.809448778629,
        "dmean2": 1.25600039959,
        "dvar": 1.66511678696,
        "dvar2": 4.06341934204,
        "max": 10.1812734604,
        "mean": 2.61279654503,
        "median": 2.28824234009,
        "min": -0.260440409184,
        "stdev": 1.50100898743,
        "var": 2.25302815437
    },
    "melbands_spread": {
        "dmean": 9.16004562378,
        "dmean2": 14.3837394714,
        "dvar": 179.420928955,
        "dvar2": 398.630340576,
        "max": 146.927474976,
        "mean": 29.5410861969,
        "median": 22.6490116119,
        "min": 5.45876216888,
        "stdev": 24.0067100525,
        "var": 576.32208252
    },
    "pitch_salience": {
        "dmean": 0.0695967301726,
        "dmean2": 0.111008517444,
        "dvar": 0.00508975051343,
        "dvar2": 0.0119992494583,
        "max": 0.975093126297,
        "mean": 0.612538039684,
        "median": 0.626155674458,
        "min": 0.214199185371,
        "stdev": 0.106132999063,
        "var": 0.0112642133608
    },
    "silence_rate_20dB": {
        "dmean": 0,
        "dmean2": 0,
        "dvar": 0,
        "dvar2": 0,
        "max": 1,
        "mean": 1,
        "median": 1,
        "min": 1,
        "stdev": 0,
        "var": 0
    },
    "silence_rate_30dB": {
        "dmean": 0.0811594203115,
        "dmean2": 0.162554427981,
        "dvar": 0.0745728611946,
        "dvar2": 0.14483807981,
        "max": 1,
        "mean": 0.920405209064,
        "median": 1,
        "min": 0,
        "stdev": 0.270665824413,
        "var": 0.0732599943876
    },
    "silence_rate_60dB": {
        "dmean": 0.00579710165039,
        "dmean2": 0.0116110304371,
        "dvar": 0.00576350558549,
        "dvar2": 0.0114761693403,
        "max": 1,
        "mean": 0.0564399436116,
        "median": 0,
        "min": 0,
        "stdev": 0.230768948793,
        "var": 0.0532543063164
    },
    "spectral_centroid": {
        "dmean": 315.597839355,
        "dmean2": 477.908203125,
        "dvar": 183305.234375,
        "dvar2": 381107.875,
        "max": 11370.1464844,
        "mean": 1751.39453125,
        "median": 1397.58496094,
        "min": 750.882751465,
        "stdev": 1533.83911133,
        "var": 2352662.5
    },
    "spectral_complexity": {
        "dmean": 4.8347826004,
        "dmean2": 7.73584890366,
        "dvar": 29.4074211121,
        "dvar2": 66.54271698,
        "max": 57,
        "mean": 22.7670040131,
        "median": 22,
        "min": 0,
        "stdev": 8.74989891052,
        "var": 76.5607376099
    },
    "spectral_decrease": {
        "dmean": 6.22192697364e-09,
        "dmean2": 1.07853956877e-08,
        "dvar": 2.65103921845e-16,
        "dvar2": 7.29374988683e-16,
        "max": 1.18574956666e-28,
        "mean": -8.3452382782e-09,
        "median": -4.722183089e-09,
        "min": -1.12203586866e-07,
        "stdev": 1.4141992466e-08,
        "var": 1.99995953496e-16
    },
    "spectral_energy": {
        "dmean": 0.0247192438692,
        "dmean2": 0.0428494662046,
        "dvar": 0.00411530071869,
        "dvar2": 0.0112996092066,
        "max": 0.439127802849,
        "mean": 0.0337928533554,
        "median": 0.0194689016789,
        "min": 1.04676402643e-20,
        "stdev": 0.0557907931507,
        "var": 0.00311261275783
    },
    "spectral_energyband_high": {
        "dmean": 0.0019832267426,
        "dmean2": 0.00334908347577,
        "dvar": 1.97804620257e-05,
        "dvar2": 5.46905830561e-05,
        "max": 0.0283429697156,
        "mean": 0.00191761855967,
        "median": 0.000685698527377,
        "min": 7.35450563927e-21,
        "stdev": 0.00386006967165,
        "var": 1.49001371028e-05
    },
    "spectral_energyband_low": {
        "dmean": 0.0214506778866,
        "dmean2": 0.0379527136683,
        "dvar": 0.00349468365312,
        "dvar2": 0.00968430563807,
        "max": 0.395250707865,
        "mean": 0.0182079970837,
        "median": 0.00406282674521,
        "min": 1.77372061323e-23,
        "stdev": 0.0501011796296,
        "var": 0.00251012830995
    },
    "spectral_energyband_middle_high": {
        "dmean": 0.00126158026978,
        "dmean2": 0.00209574308246,
        "dvar": 3.75650711248e-06,
        "dvar2": 1.04234295577e-05,
        "max": 0.0178366210312,
        "mean": 0.00368982180953,
        "median": 0.00344207626767,
        "min": 1.26396731695e-21,
        "stdev": 0.00207909988239,
        "var": 4.32265642303e-06
    },
    "spectral_energyband_middle_low": {
        "dmean": 0.00310499034822,
        "dmean2": 0.004903386347,
        "dvar": 1.45146195791e-05,
        "dvar2": 4.26747719757e-05,
        "max": 0.040699724108,
        "mean": 0.0104140667245,
        "median": 0.0102513292804,
        "min": 1.91031238384e-22,
        "stdev": 0.00531922932714,
        "var": 2.82942000922e-05
    },
    "spectral_entropy": {
        "dmean": 0.145977720618,
        "dmean2": 0.190691873431,
        "dvar": 0.0163103658706,
        "dvar2": 0.0303469691426,
        "max": 9.81031608582,
        "mean": 7.94205617905,
        "median": 7.86922311783,
        "min": 7.34995889664,
        "stdev": 0.373009830713,
        "var": 0.139136329293
    },
    "spectral_flux": {
        "dmean": 0.0435344539583,
        "dmean2": 0.0724264457822,
        "dvar": 0.0075757834129,
        "dvar2": 0.0152930412441,
        "max": 0.61810785532,
        "mean": 0.0991055443883,
        "median": 0.0685487091541,
        "min": 6.72019800918e-11,
        "stdev": 0.1001785025,
        "var": 0.010035732761
    },
    "spectral_kurtosis": {
        "dmean": 0.929533243179,
        "dmean2": 1.37536048889,
        "dvar": 0.575200140476,
        "dvar2": 1.34520828724,
        "max": 7.82672977448,
        "mean": 2.59170889854,
        "median": 2.54623031616,
        "min": -1.26422774792,
        "stdev": 1.35458695889,
        "var": 1.83490586281
    },
    "spectral_rms": {
        "dmean": 0.00138680601958,
        "dmean2": 0.00223894976079,
        "dvar": 7.46760815673e-06,
        "dvar2": 1.90901300812e-05,
        "max": 0.0206982456148,
        "mean": 0.00492447102442,
        "median": 0.00435821665451,
        "min": 3.19567397718e-12,
        "stdev": 0.00295266509056,
        "var": 8.71823158377e-06
    },
    "spectral_rolloff": {
        "dmean": 898.465393066,
        "dmean2": 1490.75939941,
        "dvar": 1925521.5,
        "dvar2": 4333931,
        "max": 19250.6835938,
        "mean": 2224.46679688,
        "median": 1248.92578125,
        "min": 86.1328125,
        "stdev": 3171.25439453,
        "var": 10056855
    },
    "spectral_skewness": {
        "dmean": 0.2031532377,
        "dmean2": 0.295446664095,
        "dvar": 0.0346496067941,
        "dvar2": 0.0737238153815,
        "max": 2.22679901123,
        "mean": 1.30578458309,
        "median": 1.35608315468,
        "min": -0.0269241891801,
        "stdev": 0.351380616426,
        "var": 0.123468346894
    },
    "spectral_spread": {
        "dmean": 776196.625,
        "dmean2": 1110211.375,
        "dvar": 1.97425430528e+12,
        "dvar2": 3.79862751642e+12,
        "max": 42329484,
        "mean": 6384061.5,
        "median": 5486543.5,
        "min": 3245957,
        "stdev": 5412504,
        "var": 2.92951980769e+13
    },
    "spectral_strongpeak": {
        "dmean": 0.316992282867,
        "dmean2": 0.551410377026,
        "dvar": 0.154203653336,
        "dvar2": 0.383516490459,
        "max": 3.53267073631,
        "mean": 0.539277672768,
        "median": 0.417220145464,
        "min": 0,
        "stdev": 0.464803606272,
        "var": 0.216042399406
    },
    "zerocrossingrate": {
        "dmean": 0.0174917913973,
        "dmean2": 0.0196630638093,
        "dvar": 0.000365766551113,
        "dvar2": 0.000425846345024,
        "max": 0.57861328125,
        "mean": 0.0888657718897,
        "median": 0.0693359375,
        "min": 0.00732421875,
        "stdev": 0.0782543122768,
        "var": 0.00612373789772
    },
    "barkbands": {
        "dmean": [0.00142289523501, 0.0157578215003, 0.00565985497087, 0.00110272818711, 0.00123993982561, 0.00099197786767, 0.000687850581016, 0.000570647418499, 0.000376884796424, 0.000122388373711, 0.000236342937569, 0.000202684255783, 0.000351305468939, 0.000197157365619, 0.000153359011165, 0.000119937460113, 0.000172543615918, 0.000187080775504, 0.000275359023362, 0.000374760827981, 0.000441818090621, 0.000438701012172, 0.000467115634819, 0.000261649081949, 0.000175082575879, 8.08562617749e-05, 6.20357332082e-06],
        "dmean2": [0.00233440846205, 0.0279584303498, 0.0108178220689, 0.00200327276252, 0.00212755706161, 0.00150447315536, 0.00103494385257, 0.000783613766544, 0.000553259043954, 0.00019167996652, 0.000353454466676, 0.000324337830534, 0.00056477508042, 0.000334261014359, 0.000253183301538, 0.000209383695619, 0.000292040436761, 0.000322840467561, 0.000472216401249, 0.000683644320816, 0.000782226969022, 0.000757215660997, 0.000798792811111, 0.000433380017057, 0.000295048608677, 0.000136492293677, 1.04344708234e-05],
        "dvar": [1.1498319509e-05, 0.00182253704406, 0.000300011422951, 5.03307455801e-06, 2.50751168096e-06, 1.36017399655e-06, 5.09238986979e-07, 5.33202126007e-07, 1.50531320742e-07, 2.04433039386e-08, 7.94640584445e-08, 4.38996075047e-08, 1.63760446981e-07, 4.30227693471e-08, 3.23885060993e-08, 2.94466566686e-08, 8.24192767368e-08, 1.30971884005e-07, 2.72920630096e-07, 1.00478291643e-06, 1.2817311017e-06, 1.31493175104e-06, 1.32389379814e-06, 2.56561122569e-07, 1.41349900673e-07, 4.32327027511e-08, 2.22471902012e-10],
        "dvar2": [2.789872633e-05, 0.00504132267088, 0.000871969212312, 1.42588787639e-05, 6.97066889188e-06, 3.24985217048e-06, 1.19718924907e-06, 9.00009467841e-07, 3.00991075619e-07, 4.49617232334e-08, 1.93196214582e-07, 1.02713535455e-07, 4.11484819551e-07, 1.11635017674e-07, 8.87827482643e-08, 7.99580561761e-08, 2.23279926104e-07, 3.65153255188e-07, 7.15897897408e-07, 2.87693387691e-06, 3.62350101568e-06, 3.6840001485e-06, 3.64992479263e-06, 6.87174690484e-07, 3.91212154227e-07, 1.16403413131e-07, 6.05550776189e-10],
        "max": [0.0273354314268, 0.265642434359, 0.121487081051, 0.0189620889723, 0.0146915409714, 0.0144004477188, 0.00815558061004, 0.00990671757609, 0.0045119151473, 0.00182646792382, 0.00411126064137, 0.0020241998136, 0.00499803433195, 0.00167321728077, 0.00155129504856, 0.0014610439539, 0.00302195758559, 0.00317974342033, 0.00581398792565, 0.00790481735021, 0.00795379839838, 0.00875019840896, 0.00860280636698, 0.00442657014355, 0.00407046126202, 0.00283186277375, 0.000136790476972],
        "mean": [0.0013203722192, 0.012654364109, 0.00387445581146, 0.00116967922077, 0.00231099734083, 0.00281270593405, 0.00156625080854, 0.00150791485794, 0.000916467397474, 0.000233659389778, 0.000487334706122, 0.000475170440041, 0.000624307838734, 0.000326908804709, 0.00028612287133, 0.000179734357516, 0.000272385077551, 0.000282111868728, 0.000409384490922, 0.000333752133884, 0.000424221943831, 0.00038178358227, 0.000403686775826, 0.000270655349595, 0.00018384118448, 7.91678394307e-05, 5.43128817299e-06],
        "median": [0.000269726791885, 0.00212597311474, 0.000686209416017, 0.000654752075206, 0.00159949122462, 0.00230355421081, 0.00115476059727, 0.000841646047775, 0.00067665008828, 0.000168619939359, 0.000363969360478, 0.000422777113272, 0.000508539087605, 0.000248722848482, 0.000232572609093, 0.000124888028949, 0.000190862308955, 0.000190929786186, 0.000268114847131, 0.000123914069263, 0.000159988077939, 0.000112253670522, 0.000116450813948, 0.000101502264442, 7.16206559446e-05, 2.57649426203e-05, 7.46092325699e-07],
        "min": [9.06866016387e-25, 8.07888230255e-24, 1.63416737201e-24, 2.60193423914e-24, 1.3922380502e-23, 1.10712383976e-23, 5.6362206579e-24, 1.61993154867e-23, 2.38725150247e-23, 2.85908025393e-23, 2.23030036785e-23, 2.80518780124e-23, 3.06657970209e-23, 6.72439424433e-23, 6.69038108645e-23, 8.01942112296e-23, 7.73455209049e-23, 6.33858825023e-23, 1.36172879158e-22, 1.72374589623e-22, 2.77131228382e-22, 4.04724241765e-22, 4.32869309494e-22, 6.23714578653e-22, 8.70122514675e-22, 1.31379141831e-21, 1.94786392998e-21],
        "stdev": [0.00328266201541, 0.0362588576972, 0.0130572272465, 0.00188631075434, 0.00214257789776, 0.00231961533427, 0.00138156814501, 0.00160585041158, 0.000829951197375, 0.000227147465921, 0.000440341449575, 0.000335705815814, 0.000516123021953, 0.000280331005342, 0.000222609000048, 0.000177238238393, 0.000289408984827, 0.000331022311002, 0.000510522630066, 0.000783598748967, 0.000925105938222, 0.000945375068113, 0.000969447835814, 0.000479831011035, 0.000359909521649, 0.000192390041775, 1.39674675665e-05],
        "var": [1.07758696686e-05, 0.00131470477208, 0.00017049118469, 3.55816837327e-06, 4.59064040115e-06, 5.38061476618e-06, 1.90873061001e-06, 2.57875558418e-06, 6.88818943217e-07, 5.15959683867e-08, 1.93900604017e-07, 1.12698401722e-07, 2.66382983227e-07, 7.85854794572e-08, 4.95547674007e-08, 3.14133927759e-08, 8.37575626633e-08, 1.0957576535e-07, 2.60633328253e-07, 6.14026987478e-07, 8.55820985635e-07, 8.93734011242e-07, 9.39829135405e-07, 2.30237787946e-07, 1.29534868165e-07, 3.7013929699e-08, 1.95090152366e-10]
    },
    "erbbands": {
        "dmean": [0.432113468647, 3.65771985054, 7.26750612259, 4.56325387955, 4.90372657776, 3.70088410378, 5.3382935524, 8.35247516632, 9.39532566071, 9.95098972321, 13.0840368271, 7.0730843544, 4.07970142365, 4.29981231689, 10.9385004044, 6.98075628281, 14.0030174255, 9.54950046539, 9.075548172, 7.55833959579, 7.29938077927, 9.8579158783, 9.68478298187, 10.1148176193, 16.7169857025, 17.7499923706, 18.6011276245, 16.5447273254, 13.8979578018, 16.3338012695, 11.8799610138, 6.83522510529, 3.76398921013, 2.31157517433, 1.05983626842, 0.44156935811, 0.129601493478, 0.0233867820352, 0.000570687407162, 4.49276340078e-05],
        "dmean2": [0.733798861504, 6.82792854309, 13.9740562439, 8.56352901459, 8.4806470871, 6.18561124802, 8.0824432373, 13.1204357147, 14.8452072144, 13.7871818542, 18.2317066193, 10.7071971893, 6.33066987991, 7.06341791153, 15.8040723801, 11.468793869, 22.5848064423, 15.8622379303, 14.9495573044, 12.4152030945, 12.8054189682, 16.7448825836, 16.3574142456, 17.4176559448, 28.5783824921, 32.503452301, 33.2175178528, 28.881772995, 23.8484649658, 28.2859153748, 20.0677375793, 11.3483076096, 6.23899126053, 3.84590220451, 1.80574083328, 0.747598350048, 0.217564970255, 0.0389127358794, 0.000940175144933, 7.61512346799e-05],
        "dvar": [1.06226837635, 113.945709229, 512.856323242, 141.407211304, 52.3229560852, 25.1536827087, 50.0953788757, 103.976448059, 121.391304016, 141.633712769, 252.824234009, 51.5639648438, 25.8657855988, 22.2392215729, 188.742233276, 46.9621162415, 245.213424683, 108.714958191, 92.4351654053, 84.6088943481, 128.27305603, 272.224517822, 310.161468506, 362.539733887, 1188.77368164, 2344.84448242, 2388.71264648, 1828.80383301, 1220.55419922, 1886.30725098, 802.157897949, 181.735977173, 54.8763580322, 21.2877388, 6.99350214005, 1.59518015385, 0.105419568717, 0.00248895981349, 1.47774551351e-06, 8.74435812648e-09],
        "dvar2": [2.61839485168, 324.834533691, 1494.06506348, 407.544586182, 149.005859375, 73.9318695068, 109.691093445, 252.075759888, 313.776763916, 234.270507812, 541.96282959, 112.637756348, 56.3664665222, 55.5335121155, 429.974700928, 117.783309937, 639.742492676, 279.568908691, 249.659500122, 227.66897583, 350.914428711, 742.704711914, 860.518127441, 977.529296875, 3090.36352539, 6712.85791016, 6810.35058594, 5134.38037109, 3403.60009766, 5259.58642578, 2182.29907227, 489.676696777, 146.572052002, 56.5453224182, 19.8103580475, 4.44203042984, 0.285272330046, 0.00640277471393, 3.85209841625e-06, 2.35927881675e-08],
        "max": [5.96540260315, 66.2093734741, 153.685073853, 91.7474212646, 64.808883667, 43.4845657349, 111.703857422, 100.16179657, 131.723831177, 189.21572876, 181.178009033, 75.8046188354, 69.3028793335, 43.4417648315, 194.88243103, 63.6161270142, 192.181274414, 95.6298599243, 77.4534683228, 88.510345459, 96.3326263428, 173.406433105, 158.165283203, 219.471969604, 452.494110107, 369.814056396, 369.06350708, 339.617736816, 267.909118652, 326.184326172, 240.950958252, 104.627571106, 71.4832382202, 47.2306213379, 34.5785179138, 19.8355522156, 3.35108160973, 0.476833552122, 0.011742061004, 0.000648471759632],
        "mean": [0.423742741346, 2.58284878731, 4.92998743057, 3.96468091011, 6.55490875244, 7.41024827957, 15.5026063919, 23.032119751, 21.6938266754, 27.4397449493, 34.4903831482, 17.5939922333, 8.25713157654, 9.10980892181, 23.3521537781, 17.059513092, 26.4222698212, 19.6017856598, 17.3622207642, 13.7158470154, 11.1023178101, 15.9154090881, 15.882557869, 15.1198043823, 23.0404491425, 15.5440120697, 17.1486587524, 15.9147987366, 12.722527504, 13.7581672668, 10.4793081284, 6.70153856277, 4.03523445129, 2.4160015583, 1.12311041355, 0.426351577044, 0.123629689217, 0.023061349988, 0.000566147558857, 5.9141224483e-05],
        "median": [0.0739916339517, 0.378788679838, 0.758988857269, 1.82789862156, 4.03190040588, 5.49248313904, 10.4685325623, 18.4691448212, 15.9130516052, 19.2658729553, 25.294298172, 14.1038761139, 6.1093082428, 7.58035993576, 17.6367359161, 16.1792984009, 22.2915554047, 16.5404071808, 14.1947669983, 11.2502393723, 8.29488754272, 11.6016168594, 11.7513713837, 9.8896112442, 13.9317531586, 5.72862386703, 6.24391031265, 6.02663183212, 3.96627283096, 3.54814291, 3.05721640587, 2.44097757339, 1.51829051971, 0.893093049526, 0.465306997299, 0.132969707251, 0.0407826453447, 0.00641836924478, 0.00016548356507, 3.27432899212e-05],
        "min": [8.93714529695e-23, 2.02481495101e-21, 3.66332484295e-21, 1.15206694568e-20, 2.7868735888e-20, 4.14031135382e-20, 7.24923963618e-20, 1.45311154249e-19, 1.58688487137e-19, 1.3223256281e-19, 3.16163422766e-19, 6.64798440864e-19, 8.04399127905e-19, 7.15067085568e-19, 1.46438017228e-18, 1.84449137724e-18, 1.71192089822e-18, 4.13301951115e-18, 2.9483721765e-18, 5.10322213316e-18, 4.30869985196e-18, 4.42676913105e-18, 5.19150918788e-18, 6.3000937497e-18, 7.56226879406e-18, 8.6723112617e-18, 1.03570647569e-17, 1.30476111471e-17, 1.39749881472e-17, 1.41574129052e-17, 1.32355854597e-17, 9.53474713914e-18, 1.25405262705e-17, 8.58794545666e-18, 6.89326827568e-18, 4.69460028723e-18, 2.63978086846e-18, 1.22453470757e-18, 2.57860346923e-19, 2.54888015563e-20],
        "stdev": [1.01220417023, 8.45788764954, 17.0413131714, 9.19433403015, 7.65268754959, 6.85639476776, 16.1193828583, 17.9343643188, 19.9672794342, 25.8394851685, 33.0240325928, 13.6432542801, 8.13198852539, 6.79846572876, 21.9316959381, 10.605635643, 20.3436203003, 13.7587375641, 12.3288002014, 10.6723747253, 10.9573822021, 16.2612571716, 16.4882717133, 18.0373344421, 32.557975769, 37.7051048279, 39.090297699, 35.3929824829, 29.3914756775, 35.6395187378, 24.4608840942, 12.3187236786, 7.1719918251, 4.60294961929, 2.40849542618, 1.11380195618, 0.29315713048, 0.0494542196393, 0.00121917179786, 8.64212124725e-05],
        "var": [1.02455735207, 71.5358657837, 290.406341553, 84.5357818604, 58.5636253357, 47.0101470947, 259.834533691, 321.641448975, 398.692260742, 667.679016113, 1090.58679199, 186.138381958, 66.1292419434, 46.2191390991, 480.999267578, 112.479515076, 413.862915039, 189.302871704, 151.999313354, 113.899589539, 120.064231873, 264.428497314, 271.863098145, 325.345458984, 1060.02185059, 1421.67492676, 1528.05151367, 1252.66308594, 863.858825684, 1270.1751709, 598.334838867, 151.750961304, 51.4374656677, 21.1871433258, 5.80084991455, 1.24055469036, 0.085941106081, 0.00244571990333, 1.48637991515e-06, 7.46862571788e-09]
    },
    "gfcc": {
        "mean": [3.61400127411, 71.1494064331, -106.329719543, 34.4717216492, -65.3846206665, 17.0428924561, -42.5678024292, 10.6107292175, -23.3271160126, 12.6664056778, -8.29052352905, 4.14111661911, -15.6348714828],
        "cov": [[47382.0507812, 2387.96166992, -3138.98486328, 1496.11914062, -2146.07373047, 715.827270508, -1316.17016602, 470.398864746, -785.060791016, 472.876678467, -423.05859375, 150.201477051, -596.478637695], [2387.96166992, 960.510986328, -416.804290771, 44.6099510193, -91.2691650391, -13.3142566681, -64.754776001, -21.780210495, 7.3978676796, -20.9163818359, 82.9607925415, -42.6501426697, 11.1495885849], [-3138.98486328, -416.804290771, 556.923706055, 11.0151014328, 268.482666016, 32.0814552307, 154.999450684, 11.0336265564, 65.7810211182, 0.404656112194, -13.6659450531, 27.7713775635, 21.142162323], [1496.11914062, 44.6099510193, 11.0151014328, 354.276000977, 13.7928161621, 120.151802063, 47.5658721924, 32.3399009705, 26.2476902008, 12.2597503662, -3.06213140488, -1.13382053375, 14.5039348602], [-2146.07373047, -91.2691650391, 268.482666016, 13.7928161621, 231.010437012, 20.1506156921, 117.231330872, -2.77098202705, 56.1593742371, -12.3881607056, 13.4449157715, 3.7911605835, 19.9587059021], [715.827270508, -13.3142566681, 32.0814552307, 120.151802063, 20.1506156921, 99.9476776123, 24.1707000732, 27.6490440369, 5.64700603485, 11.5721435547, -5.19077157974, 10.90969944, -0.662287056446], [-1316.17016602, -64.754776001, 154.999450684, 47.5658721924, 117.231330872, 24.1707000732, 128.403610229, 18.7201557159, 55.5362472534, -1.75352859497, 12.3130607605, -2.82821941376, 19.948846817], [470.398864746, -21.780210495, 11.0336265564, 32.3399009705, -2.77098202705, 27.6490440369, 18.7201557159, 69.3981552124, 19.1656837463, 23.5926437378, -8.30886650085, 4.11071443558, -9.56076526642], [-785.060791016, 7.3978676796, 65.7810211182, 26.2476902008, 56.1593742371, 5.64700603485, 55.5362472534, 19.1656837463, 80.1135864258, 7.85098457336, 18.8680725098, -14.1275997162, 11.2426795959], [472.876678467, -20.9163818359, 0.404656112194, 12.2597503662, -12.3881607056, 11.5721435547, -1.75352859497, 23.5926437378, 7.85098457336, 53.3167800903, 1.81423974037, 14.4408102036, -12.0781974792], [-423.05859375, 82.9607925415, -13.6659450531, -3.06213140488, 13.4449157715, -5.19077157974, 12.3130607605, -8.30886650085, 18.8680725098, 1.81423974037, 63.3301239014, 7.81487369537, 23.8434886932], [150.201477051, -42.6501426697, 27.7713775635, -1.13382053375, 3.7911605835, 10.90969944, -2.82821941376, 4.11071443558, -14.1275997162, 14.4408102036, 7.81487369537, 51.1339797974, 10.6864461899], [-596.478637695, 11.1495885849, 21.142162323, 14.5039348602, 19.9587059021, -0.662287056446, 19.948846817, -9.56076526642, 11.2426795959, -12.0781974792, 23.8434886932, 10.6864461899, 55.0093765259]],
        "icov": [[0.000181210663868, -0.000377936463337, 0.000218057772145, -0.000643271661829, 0.000708855222911, -0.000582284468692, 0.000635644304566, -0.000663434155285, 0.000698403862771, -0.000699106720276, 0.000840773514938, -0.000768367084675, 0.00100588973146], [-0.000377936463337, 0.00293923914433, 0.00189505028538, 0.00100403139368, -0.00334450672381, 0.0012112542754, -0.000831877230667, 0.00135020900052, -0.00198462698609, 0.00198321929201, -0.00380973424762, 0.00225398200564, -0.00186796183698], [0.000218057772145, 0.00189505028538, 0.00773044163361, -0.000726175261661, -0.00599052989855, -0.000900204118807, -0.000341079110513, -0.000506554380991, -0.000570875010453, -0.00100508506875, 0.00199271808378, -0.00300705130212, 0.00101546174847], [-0.000643271661829, 0.00100403139368, -0.000726175261661, 0.00761764775962, -0.00142599584069, -0.0044101299718, -0.0037358046975, 0.00311190774664, -0.00346173369326, 0.00178517960012, -0.00177520653233, 0.0038240372669, -0.00542207853869], [0.000708855222911, -0.00334450672381, -0.00599052989855, -0.00142599584069, 0.0183606594801, -0.0041146883741, -0.00430014543235, 0.000410617591115, 0.00105180882383, -0.000526842195541, 0.002586171031, -0.00344242411666, 0.0051792319864], [-0.000582284468692, 0.0012112542754, -0.000900204118807, -0.0044101299718, -0.0041146883741, 0.0218149609864, -0.00227671605535, -0.00305962190032, 0.000465719465865, 0.0022619809024, -0.00281826080754, -0.000947267573792, -0.00119410117622], [0.000635644304566, -0.000831877230667, -0.000341079110513, -0.0037358046975, -0.00430014543235, -0.00227671605535, 0.0221240483224, -0.00634754309431, -0.00328196701594, -0.00133990938775, 0.00163454574067, -0.000782581977546, 0.00040362944128], [-0.000663434155285, 0.00135020900052, -0.000506554380991, 0.00311190774664, 0.000410617591115, -0.00305962190032, -0.00634754309431, 0.0243773162365, -0.00825333874673, -0.00387220876291, 0.000967823551036, 0.000700985605363, -0.00145939807408], [0.000698403862771, -0.00198462698609, -0.000570875010453, -0.00346173369326, 0.00105180882383, 0.000465719465865, -0.00328196701594, -0.00825333874673, 0.0270503442734, -0.00795598700643, -0.00272632134147, 0.00674173189327, 0.00108373328112], [-0.000699106720276, 0.00198321929201, -0.00100508506875, 0.00178517960012, -0.000526842195541, 0.0022619809024, -0.00133990938775, -0.00387220876291, -0.00795598700643, 0.0306234862655, -0.00673828041181, -0.00667704455554, 0.0045320619829], [0.000840773514938, -0.00380973424762, 0.00199271808378, -0.00177520653233, 0.002586171031, -0.00281826080754, 0.00163454574067, 0.000967823551036, -0.00272632134147, -0.00673828041181, 0.0292605161667, -0.00889952946454, -0.00368197914213], [-0.000768367084675, 0.00225398200564, -0.00300705130212, 0.0038240372669, -0.00344242411666, -0.000947267573792, -0.000782581977546, 0.000700985605363, 0.00674173189327, -0.00667704455554, -0.00889952946454, 0.0334878005087, -0.0124897351488], [0.00100588973146, -0.00186796183698, 0.00101546174847, -0.00542207853869, 0.0051792319864, -0.00119410117622, 0.00040362944128, -0.00145939807408, 0.00108373328112, 0.0045320619829, -0.00368197914213, -0.0124897351488, 0.0330060422421]]
    },
    "melbands": {
        "dmean": [0.00411973614246, 0.00398086663336, 0.0007727703196, 0.000309967872454, 0.000164289216627, 0.00018700529472, 0.000139710478834, 0.000110340137326, 0.000118712807307, 3.86199535569e-05, 2.02832779905e-05, 1.65199435287e-05, 3.13461023325e-05, 2.40203553403e-05, 2.20818037633e-05, 4.54404762422e-05, 1.67046746355e-05, 1.67694597621e-05, 1.13464084279e-05, 8.3227550931e-06, 9.59216322372e-06, 9.98994164547e-06, 1.18860825751e-05, 7.93251001596e-06, 8.31422130432e-06, 1.23935660667e-05, 1.23245681607e-05, 1.17386025522e-05, 1.13669848361e-05, 1.1961020391e-05, 9.32624425332e-06, 7.21345895727e-06, 9.79514152277e-06, 9.43624309002e-06, 7.46844989408e-06, 5.18502747582e-06, 3.95434835809e-06, 2.62295725406e-06, 2.42577516474e-06, 1.85046974366e-06],
        "dmean2": [0.00703153898939, 0.00767676252872, 0.00143008469604, 0.000536218110938, 0.000251579447649, 0.000291473319521, 0.000215175648918, 0.000151950953295, 0.000166704761796, 5.952214633e-05, 3.14549070026e-05, 2.7169349778e-05, 4.65015946247e-05, 3.62927639799e-05, 3.66995336663e-05, 7.31436011847e-05, 2.82758774119e-05, 2.74854264717e-05, 1.87643036043e-05, 1.39005378514e-05, 1.68727328855e-05, 1.69462691701e-05, 2.03092240554e-05, 1.34344636535e-05, 1.44039313454e-05, 2.11823989957e-05, 2.19029989239e-05, 2.15488889808e-05, 2.05347005249e-05, 2.15356922126e-05, 1.62081778399e-05, 1.22993242258e-05, 1.73091011675e-05, 1.64625107573e-05, 1.26783888845e-05, 8.7465332399e-06, 6.5960689426e-06, 4.34845787822e-06, 4.00091676056e-06, 3.11616986437e-06],
        "dvar": [0.000110384462459, 0.000152319713379, 3.75134914066e-06, 1.62366561085e-07, 4.01104962577e-08, 4.58836844075e-08, 2.27497416461e-08, 1.9856535971e-08, 1.90270004197e-08, 1.64762292698e-09, 6.37618069455e-10, 3.27266991285e-10, 1.47167567022e-09, 6.26264429204e-10, 6.06837913253e-10, 2.77447465002e-09, 3.41847578023e-10, 3.2295793817e-10, 1.99482153018e-10, 1.12261963614e-10, 2.3156979112e-10, 2.97605662336e-10, 4.2819381374e-10, 2.29534377616e-10, 2.54815973877e-10, 4.86339468697e-10, 9.34049060319e-10, 1.0996271671e-09, 9.65887259063e-10, 9.84187731312e-10, 6.11079742363e-10, 3.1083061125e-10, 7.27932603084e-10, 6.91946555609e-10, 3.33140820485e-10, 1.44247253031e-10, 5.9135023267e-11, 2.73022854325e-11, 2.3225220358e-11, 1.5475908749e-11],
        "dvar2": [0.000290968106128, 0.000440295261797, 1.07559535536e-05, 4.60889907572e-07, 9.15613895813e-08, 1.13254557732e-07, 5.75001095626e-08, 3.03336271656e-08, 4.11705087799e-08, 3.65092001076e-09, 1.40031197748e-09, 8.12000799932e-10, 3.58808760481e-09, 1.34472721847e-09, 1.52566415057e-09, 6.95514934534e-09, 9.01979713142e-10, 8.5048323939e-10, 5.43549372178e-10, 3.09529374354e-10, 6.38207653392e-10, 8.19503409577e-10, 1.20472565257e-09, 6.31149243979e-10, 6.86128931449e-10, 1.26264587674e-09, 2.60818633357e-09, 3.15174752963e-09, 2.76140377231e-09, 2.79462541997e-09, 1.71601388654e-09, 8.58072668475e-10, 2.06215999832e-09, 1.94452876023e-09, 9.11761610656e-10, 3.92851973174e-10, 1.60103902358e-10, 7.2896452763e-11, 6.21133630641e-11, 4.22504427278e-11],
        "max": [0.063351161778, 0.0798714309931, 0.0147975860164, 0.00390725024045, 0.00290051824413, 0.00226535066031, 0.0017239296576, 0.00235108099878, 0.00150696455967, 0.00043983120122, 0.000342182815075, 0.000155631438247, 0.000566812523175, 0.00027605323703, 0.000243454793235, 0.000653128197882, 0.000158151757205, 0.000145407684613, 0.000148735547555, 9.26618740777e-05, 0.000127932697069, 0.00021381471015, 0.000216345521039, 0.000164525787113, 0.000192366293049, 0.000225535317441, 0.000305145076709, 0.000266200542683, 0.000238830703893, 0.000242087771767, 0.000202697716304, 0.000126509054098, 0.00022368284408, 0.000237538013607, 0.000133044333779, 0.000141354088555, 6.5499007178e-05, 5.44150607311e-05, 4.7682391596e-05, 4.08950036217e-05],
        "mean": [0.0036936851684, 0.00277759484015, 0.000781001581345, 0.000518816930708, 0.000487652170705, 0.00052841991419, 0.000326221081195, 0.000301427236991, 0.000297079968732, 9.46111249505e-05, 3.83895567211e-05, 3.27894813381e-05, 6.78938886267e-05, 5.64875699638e-05, 4.15061476815e-05, 7.42797856219e-05, 3.05914654746e-05, 2.98245304293e-05, 2.00235099328e-05, 1.42410599437e-05, 1.29380723592e-05, 1.51597787408e-05, 1.83609190572e-05, 1.17692516142e-05, 1.15591028589e-05, 1.80212409759e-05, 1.33912890306e-05, 9.42616952671e-06, 1.0206917068e-05, 1.1000325685e-05, 8.7902371888e-06, 6.69560222377e-06, 8.12765756564e-06, 7.75302396505e-06, 6.35551168671e-06, 4.79534082842e-06, 3.8894845602e-06, 2.78683410215e-06, 2.5389140319e-06, 1.86737963759e-06],
        "median": [0.000613837211858, 0.000464866345283, 0.000407955405535, 0.000353457900928, 0.000364055857062, 0.000444273027824, 0.000250316079473, 0.0002157233248, 0.00021747451683, 7.45565703255e-05, 2.75266756944e-05, 2.60335727944e-05, 5.30095821887e-05, 4.60506817035e-05, 3.54756593879e-05, 5.71117234358e-05, 2.48295255005e-05, 2.36990836129e-05, 1.62618380273e-05, 1.12144489322e-05, 9.0425619419e-06, 1.05435619844e-05, 1.29250765895e-05, 8.05839317763e-06, 7.01804174241e-06, 1.16297296699e-05, 6.90132219461e-06, 2.64630216407e-06, 3.48900198333e-06, 3.97862277168e-06, 3.09505071527e-06, 2.15883028432e-06, 2.06407230507e-06, 1.92689253709e-06, 1.71618887634e-06, 1.62124968028e-06, 1.4418635601e-06, 1.04200648821e-06, 9.33357341637e-07, 6.50618233067e-07],
        "min": [1.77759253977e-24, 3.8662463451e-24, 4.22660234534e-24, 3.05649186716e-24, 2.60780099769e-24, 3.01923653041e-24, 2.08318936584e-24, 1.29015587947e-24, 2.42633833759e-24, 3.80258093132e-24, 3.74300576132e-24, 2.53187214949e-24, 4.13430325285e-24, 3.51823089043e-24, 3.50333443553e-24, 4.13489647625e-24, 7.01361794677e-24, 4.44893648059e-24, 5.3480974953e-24, 5.60047027053e-24, 4.24030367598e-24, 3.79299745461e-24, 3.88720322391e-24, 3.10560003623e-24, 4.94540451357e-24, 5.21866001468e-24, 4.8198170686e-24, 5.60440353101e-24, 6.42158690931e-24, 6.82413513506e-24, 7.84137837209e-24, 6.65128151123e-24, 7.49645367445e-24, 7.38028917299e-24, 7.22648969547e-24, 6.22019939767e-24, 5.30001523984e-24, 8.07206023344e-24, 7.6884237646e-24, 7.40069858233e-24],
        "stdev": [0.00961341895163, 0.00941050983965, 0.00153673917521, 0.000505846051965, 0.000439533934696, 0.000385841936804, 0.000280879496131, 0.000307604350382, 0.000277641694993, 7.62072304497e-05, 4.01679608331e-05, 2.61596524069e-05, 5.88195289311e-05, 4.25928301411e-05, 3.24497232214e-05, 6.76077543176e-05, 2.28827138926e-05, 2.3388191039e-05, 1.63014847203e-05, 1.20657286971e-05, 1.43351762745e-05, 1.66541667568e-05, 1.93597734324e-05, 1.41498894664e-05, 1.50468658831e-05, 2.20528218051e-05, 2.52597619692e-05, 2.56902312685e-05, 2.46155195782e-05, 2.52563258982e-05, 2.04317457246e-05, 1.50729210873e-05, 2.16822409129e-05, 2.12665236177e-05, 1.56672886078e-05, 1.03719421531e-05, 7.03821797288e-06, 5.09745268573e-06, 4.61096715298e-06, 3.83165161111e-06],
