{
"metadata": {
    "version": {
        "essentia": "2.1-beta6-dev",
        "essentia_git_sha": "v2.1_beta5-778-gc9eadba6",
        "extractor": "music 2.0"
    },
    "audio_properties": {
        "analysis": {
            "equal_loudness": 0,
            "length": 7.99997711182,
            "sample_rate": 44100,
            "start_time": 0,
            "downmix": "mix"
        },
        "bit_rate": 128000,
        "length": 8,
        "lossless": 0,
        "number_channels": 2,
        "replay_gain": -8.28882026672,
        "sample_rate": 48000,
        "codec": "mp3",
        "md5_encoded": "4b4d64dec59c3010aafb8d0b86fef632"
    },
    "tags": {
        "file_name": "inflames-theend.mp3",
        "encoding": ["Lavf59.16.100"]
    }
},
"lowlevel": {
    "average_loudness": 0.981173634529,
    "barkbands_crest": {
        "dmean": 3.40651965141,
        "dmean2": 5.86920642853,
        "dvar": 7.09011745453,
        "dvar2": 19.4453830719,
        "max": 22.8988189697,
        "mean": 12.3410110474,
        "median": 11.7283058167,
        "min": 4.1342754364,
        "stdev": 3.57728290558,
        "var": 12.7969522476
    },
    "barkbands_flatness_db": {
        "dmean": 0.0431390590966,
        "dmean2": 0.0653840377927,
        "dvar": 0.0019470785046,
        "dvar2": 0.00418992806226,
        "max": 0.408557593822,
        "mean": 0.192616567016,
        "median": 0.173527956009,
        "min": 0.0639438256621,
        "stdev": 0.0761096552014,
        "var": 0.0057926797308
    },
    "barkbands_kurtosis": {
        "dmean": 12.4551916122,
        "dmean2": 20.1358451843,
        "dvar": 254.889175415,
        "dvar2": 574.145019531,
        "max": 127.074508667,
        "mean": 20.3824672699,
        "median": 12.3071966171,
        "min": -0.796267747879,
        "stdev": 21.8951053619,
        "var": 479.395629883
    },
    "barkbands_skewness": {
        "dmean": 1.04341673851,
        "dmean2": 1.72588050365,
        "dvar": 0.898220539093,
        "dvar2": 2.22038054466,
        "max": 8.64005565643,
        "mean": 3.65836119652,
        "median": 3.40887451172,
        "min": 0.791135966778,
        "stdev": 1.4514824152,
        "var": 2.10680103302
    },
    "barkbands_spread": {
        "dmean": 6.14959144592,
        "dmean2": 9.95553207397,
        "dvar": 42.4988861084,
        "dvar2": 100.406570435,
        "max": 49.885383606,
        "mean": 14.4198513031,
        "median": 13.0501022339,
        "min": 0.772968053818,
        "stdev": 9.81545257568,
        "var": 96.3431091309
    },
    "dissonance": {
        "dmean": 0.0120567409322,
        "dmean2": 0.0200962796807,
        "dvar": 0.000136790098622,
        "dvar2": 0.000379542354494,
        "max": 0.499478727579,
        "mean": 0.480891942978,
        "median": 0.483790040016,
        "min": 0.427405625582,
        "stdev": 0.0139211136848,
        "var": 0.000193797415704
    },
    "dynamic_complexity": 2.34597826004,
    "erbbands_crest": {
        "dmean": 1.9202439785,
        "dmean2": 3.06629562378,
        "dvar": 4.52205228806,
        "dvar2": 9.59389019012,
        "max": 18.3326320648,
        "mean": 5.72064113617,
        "median": 4.48753547668,
        "min": 2.45607638359,
        "stdev": 2.9861330986,
        "var": 8.91699123383
    },
    "erbbands_flatness_db": {
        "dmean": 0.0178639143705,
        "dmean2": 0.0276661776006,
        "dvar": 0.000567026843783,
        "dvar2": 0.00115577178076,
        "max": 0.271302968264,
        "mean": 0.131790727377,
        "median": 0.116080760956,
        "min": 0.0810943171382,
        "stdev": 0.0387360267341,
        "var": 0.00150047976058
    },
    "erbbands_kurtosis": {
        "dmean": 1.0639564991,
        "dmean2": 1.67884862423,
        "dvar": 4.32983827591,
        "dvar2": 8.99678993225,
        "max": 16.5113162994,
        "mean": -0.264414727688,
        "median": -1.16414666176,
        "min": -1.73671257496,
        "stdev": 2.42461776733,
        "var": 5.87877130508
    },
    "erbbands_skewness": {
        "dmean": 0.519554316998,
        "dmean2": 0.752009391785,
        "dvar": 0.357026129961,
        "dvar2": 0.625422775745,
        "max": 3.80903673172,
        "mean": 0.254419505596,
        "median": -0.0266092717648,
        "min": -1.40817856789,
        "stdev": 0.92028516531,
        "var": 0.846924781799
    },
    "erbbands_spread": {
        "dmean": 13.8964605331,
        "dmean2": 22.3583774567,
        "dvar": 177.988021851,
        "dvar2": 393.373535156,
        "max": 122.726875305,
        "mean": 69.3352127075,
        "median": 72.7630157471,
        "min": 12.5843830109,
        "stdev": 20.444480896,
        "var": 417.976776123
    },
    "hfc": {
        "dmean": 9.59290885925,
        "dmean2": 16.6125640869,
        "dvar": 238.429397583,
        "dvar2": 631.917175293,
        "max": 111.816520691,
        "mean": 19.1030197144,
        "median": 16.5781288147,
        "min": 1.18522507364e-07,
        "stdev": 16.5890808105,
        "var": 275.197631836
    },
    "loudness_ebu128": {
        "integrated": -12.0807886124,
        "loudness_range": 0.809313774109,
        "momentary": {
            "dmean": 0.628596663475,
            "dmean2": 0.559988081455,
            "dvar": 0.431629747152,
            "dvar2": 0.12512883544,
            "max": -10.8075437546,
            "mean": -12.9052848816,
            "median": -11.7074174881,
            "min": -25.9974155426,
            "stdev": 3.13688063622,
            "var": 9.84002017975
        },
        "short_term": {
            "dmean": 0.0658841878176,
            "dmean2": 0.0525195859373,
            "dvar": 0.0035127454903,
            "dvar2": 0.00110912625678,
            "max": -11.5098047256,
            "mean": -11.8242740631,
            "median": -11.6916923523,
            "min": -12.871752739,
            "stdev": 0.3369114995,
            "var": 0.113509349525
        }
    },
    "melbands_crest": {
        "dmean": 3.40838599205,
        "dmean2": 5.70968818665,
        "dvar": 7.72537374496,
        "dvar2": 22.3424987793,
        "max": 29.9160518646,
        "mean": 18.5249156952,
        "median": 18.649936676,
        "min": 8.09386348724,
        "stdev": 3.38552427292,
        "var": 11.461774826
    },
    "melbands_flatness_db": {
        "dmean": 0.0477619878948,
        "dmean2": 0.0725563839078,
        "dvar": 0.00242381822318,
        "dvar2": 0.00499333487824,
        "max": 0.521222651005,
        "mean": 0.274888247252,
        "median": 0.255945682526,
        "min": 0.115704968572,
        "stdev": 0.0860901623964,
        "var": 0.00741151580587
    },
    "melbands_kurtosis": {
        "dmean": 31.2067508698,
        "dmean2": 53.3040466309,
        "dvar": 1000.74798584,
        "dvar2": 2487.78320312,
        "max": 268.385162354,
        "mean": 63.2005386353,
        "median": 50.3976821899,
        "min": 4.65821838379,
        "stdev": 43.0366096497,
        "var": 1852.14978027
    },
    "melbands_skewness": {
        "dmean": 1.55471992493,
        "dmean2": 2.60139918327,
        "dvar": 1.97890079021,
        "dvar2": 5.46515512466,
        "max": 12.3614339828,
        "mean": 6.23479700089,
        "median": 5.98752403259,
        "min": 2.23308300972,
        "stdev": 1.80833780766,
        "var": 3.27008581161
    },
    "melbands_spread": {
        "dmean": 4.34958171844,
        "dmean2": 7.12166166306,
        "dvar": 30.9910755157,
        "dvar2": 79.5601348877,
        "max": 42.1427764893,
        "mean": 8.55863571167,
        "median": 7.20648956299,
        "min": 0.62509906292,
        "stdev": 6.67575502396,
        "var": 44.5657081604
    },
    "pitch_salience": {
        "dmean": 0.117117971182,
        "dmean2": 0.199335992336,
        "dvar": 0.00885415542871,
        "dvar2": 0.0266849603504,
        "max": 0.858264863491,
        "mean": 0.51522988081,
        "median": 0.525280237198,
        "min": 0.164032593369,
        "stdev": 0.118402853608,
        "var": 0.0140192359686
    },
    "silence_rate_20dB": {
        "dmean": 0,
        "dmean2": 0,
        "dvar": 0,
        "dvar2": 0,
        "max": 1,
        "mean": 1,
        "median": 1,
        "min": 1,
        "stdev": 0,
        "var": 0
    },
    "silence_rate_30dB": {
        "dmean": 0.156521737576,
        "dmean2": 0.313953489065,
        "dvar": 0.132022708654,
        "dvar2": 0.250270009041,
        "max": 1,
        "mean": 0.832369923592,
        "median": 1,
        "min": 0,
        "stdev": 0.373537003994,
        "var": 0.139529883862
    },
    "silence_rate_60dB": {
        "dmean": 0.00579710165039,
        "dmean2": 0.0116279069334,
        "dvar": 0.00576350558549,
        "dvar2": 0.011492674239,
        "max": 1,
        "mean": 0.0693641602993,
        "median": 0,
        "min": 0,
        "stdev": 0.254072189331,
        "var": 0.0645526796579
    },
    "spectral_centroid": {
        "dmean": 392.821228027,
        "dmean2": 612.783325195,
        "dvar": 149961.984375,
        "dvar2": 320573.3125,
        "max": 2838.87426758,
        "mean": 1148.13000488,
        "median": 1217.48925781,
        "min": 166.6953125,
        "stdev": 574.258544922,
        "var": 329772.90625
    },
    "spectral_complexity": {
        "dmean": 7.1768116951,
        "dmean2": 10.3720932007,
        "dvar": 57.2179756165,
        "dvar2": 117.349960327,
        "max": 52,
        "mean": 20.0144500732,
        "median": 20,
        "min": 0,
        "stdev": 13.118938446,
        "var": 172.106552124
    },
    "spectral_decrease": {
        "dmean": 1.0081459223e-08,
        "dmean2": 1.78210282087e-08,
        "dvar": 1.82897640544e-16,
        "dvar2": 5.08380069338e-16,
        "max": -4.30435210794e-17,
        "mean": -1.66811311431e-08,
        "median": -1.35401769796e-08,
        "min": -7.93198253746e-08,
        "stdev": 1.4023351369e-08,
        "var": 1.96654382049e-16
    },
    "spectral_energy": {
        "dmean": 0.0387091822922,
        "dmean2": 0.0684179663658,
        "dvar": 0.00271361158229,
        "dvar2": 0.00753025896847,
        "max": 0.305300056934,
        "mean": 0.0646910965443,
        "median": 0.0533122681081,
        "min": 1.73206435305e-10,
        "stdev": 0.0540281124413,
        "var": 0.00291903689504
    },
    "spectral_energyband_high": {
        "dmean": 0.000759789370932,
        "dmean2": 0.00132096919697,
        "dvar": 1.69476368228e-06,
        "dvar2": 4.57417354482e-06,
        "max": 0.0083716865629,
        "mean": 0.00108501198702,
        "median": 0.000743859331124,
        "min": 4.75674230907e-12,
        "stdev": 0.0013337736018,
        "var": 1.77895196884e-06
    },
    "spectral_energyband_low": {
        "dmean": 0.0362943299115,
        "dmean2": 0.0646977871656,
        "dvar": 0.0024892736692,
        "dvar2": 0.00694491295144,
        "max": 0.279000103474,
        "mean": 0.0510064288974,
        "median": 0.0381286293268,
        "min": 7.32793270508e-11,
        "stdev": 0.0495811998844,
        "var": 0.00245829555206
    },
    "spectral_energyband_middle_high": {
        "dmean": 0.00121833640151,
        "dmean2": 0.00187814305536,
        "dvar": 2.57560304817e-06,
        "dvar2": 6.31700686426e-06,
        "max": 0.0113648762926,
        "mean": 0.00235885195434,
        "median": 0.00204364745878,
        "min": 3.27116007892e-11,
        "stdev": 0.00210991036147,
        "var": 4.45172145191e-06
    },
    "spectral_energyband_middle_low": {
        "dmean": 0.00758309429511,
        "dmean2": 0.0131440619007,
        "dvar": 0.000136129514431,
        "dvar2": 0.000378455588361,
        "max": 0.121957205236,
        "mean": 0.0139884026721,
        "median": 0.0121857458726,
        "min": 7.23943821557e-11,
        "stdev": 0.0123787652701,
        "var": 0.000153233821038
    },
    "spectral_entropy": {
        "dmean": 0.252442985773,
        "dmean2": 0.369757860899,
        "dvar": 0.117666900158,
        "dvar2": 0.220644772053,
        "max": 8.15754699707,
        "mean": 7.59368419647,
        "median": 7.76911878586,
        "min": 5.66661643982,
        "stdev": 0.515988230705,
        "var": 0.266243845224
    },
    "spectral_flux": {
        "dmean": 0.0505781322718,
        "dmean2": 0.0790242180228,
        "dvar": 0.00338091957383,
        "dvar2": 0.00650620600209,
        "max": 0.427601903677,
        "mean": 0.136159062386,
        "median": 0.115961968899,
        "min": 1.31607912408e-05,
        "stdev": 0.0821154415607,
        "var": 0.00674294587225
    },
    "spectral_kurtosis": {
        "dmean": 1.6973181963,
        "dmean2": 2.86957645416,
        "dvar": 6.94137001038,
        "dvar2": 17.343706131,
        "max": 27.8063144684,
        "mean": 2.59372520447,
        "median": 1.74383330345,
        "min": -0.0894155502319,
        "stdev": 2.80968093872,
        "var": 7.8943066597
    },
    "spectral_rms": {
        "dmean": 0.00208041677251,
        "dmean2": 0.00356420385651,
        "dvar": 4.91827313454e-06,
        "dvar2": 1.37663482747e-05,
        "max": 0.017258439213,
        "mean": 0.00725702336058,
        "median": 0.00721192546189,
        "min": 4.11074069007e-07,
        "stdev": 0.00323247467168,
        "var": 1.04488917714e-05
    },
    "spectral_rolloff": {
        "dmean": 253.529907227,
        "dmean2": 445.061126709,
        "dvar": 252704.25,
        "dvar2": 667490.5625,
        "max": 3380.71289062,
        "mean": 353.866363525,
        "median": 215.33203125,
        "min": 86.1328125,
        "stdev": 443.590698242,
        "var": 196772.71875
    },
    "spectral_skewness": {
        "dmean": 0.302953273058,
        "dmean2": 0.478203117847,
        "dvar": 0.137855127454,
        "dvar2": 0.277123659849,
        "max": 3.93329787254,
        "mean": 1.07521641254,
        "median": 0.963940680027,
        "min": 0.312838882208,
        "stdev": 0.485493540764,
        "var": 0.235703974962
    },
    "spectral_spread": {
        "dmean": 446520.03125,
        "dmean2": 703318.5,
        "dvar": 244703526912,
        "dvar2": 477189570560,
        "max": 9091764,
        "mean": 4551732.5,
        "median": 4467574,
        "min": 2200338.75,
        "stdev": 1015510.3125,
        "var": 1.03126125773e+12
    },
    "spectral_strongpeak": {
        "dmean": 0.267384707928,
        "dmean2": 0.449279397726,
        "dvar": 0.0534707382321,
        "dvar2": 0.144924551249,
        "max": 1.90332996845,
        "mean": 0.481913655996,
        "median": 0.425298213959,
        "min": 0,
        "stdev": 0.319123804569,
        "var": 0.101840004325
    },
    "zerocrossingrate": {
        "dmean": 0.00922639295459,
        "dmean2": 0.0120778642595,
        "dvar": 9.05660854187e-05,
        "dvar2": 0.000145601006807,
        "max": 0.1376953125,
        "mean": 0.0367114134133,
        "median": 0.034423828125,
        "min": 0.0048828125,
        "stdev": 0.0219253115356,
        "var": 0.00048071925994
    },
    "barkbands": {
        "dmean": [0.000799663073849, 0.0255050957203, 0.0133292349055, 0.00481247296557, 0.00318309734575, 0.000730159576051, 0.000456041656435, 0.000396913674194, 0.000184678967344, 0.000158053910127, 0.000142310833326, 0.000153562883497, 0.000125674283481, 7.54866559873e-05, 8.37699335534e-05, 0.000179832728463, 0.000185568758752, 0.000201660368475, 0.000295283796731, 0.000321289437125, 0.000279088650132, 0.000166110170539, 0.00011164197349, 6.43699459033e-05, 3.16873665724e-05, 6.96157894708e-06, 5.76025001919e-07],
        "dmean2": [0.00129126838874, 0.0457990393043, 0.0236122887582, 0.00845139287412, 0.00547041511163, 0.00126433756668, 0.000730546598788, 0.000669752422255, 0.00029744359199, 0.000258501822827, 0.000239690765738, 0.000245674222242, 0.000194440290215, 0.000127407867694, 0.000133968875161, 0.00029428731068, 0.000301488180412, 0.000355671072612, 0.000499449495692, 0.000548775249626, 0.000485628639581, 0.000292195996735, 0.000196828463231, 0.000112970832561, 5.57510611543e-05, 1.21971152112e-05, 1.03302636489e-06],
        "dvar": [1.3841705595e-06, 0.00128901202697, 0.000372387934476, 2.76681093965e-05, 5.69576477574e-05, 2.59478838416e-06, 5.40902874491e-07, 2.31012137419e-07, 7.43260244462e-08, 8.90591564939e-08, 7.49919735199e-08, 3.39240315839e-08, 2.39343336261e-08, 9.89944481944e-09, 1.21671162034e-08, 4.5121446135e-08, 6.26913063684e-08, 1.40148983974e-07, 1.83921230246e-07, 2.59651812939e-07, 2.23627338869e-07, 7.69134516077e-08, 4.89786664559e-08, 2.33070043265e-08, 6.67286448319e-09, 2.18486354009e-10, 1.4749917867e-12],
        "dvar2": [3.17491139867e-06, 0.00347803509794, 0.0010700521525, 8.23106674943e-05, 0.000158269438543, 7.42670272302e-06, 1.41904217799e-06, 6.05316074598e-07, 1.79522174903e-07, 2.35361497403e-07, 2.01964653002e-07, 8.03691477813e-08, 5.4708024777e-08, 2.61172825589e-08, 3.10857224406e-08, 1.19094387685e-07, 1.5778789475e-07, 3.84317615953e-07, 5.14276848662e-07, 7.09655921582e-07, 6.25759696504e-07, 2.10029782011e-07, 1.36819380714e-07, 6.57741026089e-08, 1.80530363991e-08, 5.5315080294e-10, 3.98192286435e-12],
        "max": [0.0101857362315, 0.207874462008, 0.131434962153, 0.035409335047, 0.0783323422074, 0.0149813853204, 0.00831706542522, 0.00360127724707, 0.00234246742912, 0.00241529615596, 0.00292091444135, 0.00130668701604, 0.00157813972328, 0.000855885678902, 0.000941499194596, 0.00165142456535, 0.00191110104788, 0.00229839538224, 0.0043230028823, 0.00362306390889, 0.00299943052232, 0.00234276475385, 0.0017360142665, 0.00170071551111, 0.000781843380537, 0.000108621483378, 7.77130026108e-06],
        "mean": [0.00099002243951, 0.0281430501491, 0.0181813985109, 0.00684985471889, 0.00454274332151, 0.0010139941005, 0.000674161885399, 0.000577705854084, 0.000248585798545, 0.000183881144039, 0.000158450697199, 0.000210508762393, 0.000171601903276, 0.000120174416224, 0.000121880075312, 0.000282541615888, 0.00030159225571, 0.000219430497964, 0.000426707789302, 0.000399781798478, 0.000339091202477, 0.000235538071138, 0.000143374112668, 9.91036285996e-05, 4.55643821624e-05, 9.98866107693e-06, 4.2344950657e-07],
        "median": [0.000347637891537, 0.0140449348837, 0.0149111393839, 0.00529684871435, 0.00313647184521, 0.000556852086447, 0.000450210180134, 0.00036515147076, 0.000163481148775, 8.58930434333e-05, 7.03820260242e-05, 0.000140948075568, 0.000116117109428, 8.99939332157e-05, 8.4756538854e-05, 0.000221172958845, 0.00023142338614, 0.000127972307382, 0.000349702517269, 0.00027952878736, 0.000219678928261, 0.000167495338246, 6.30764989182e-05, 3.33390271408e-05, 1.01316281871e-05, 2.26787642532e-06, 1.12305382771e-08],
        "min": [9.75747260767e-12, 2.68569021189e-11, 2.71228491056e-11, 2.7436650174e-11, 3.48148489204e-11, 3.06716717996e-12, 2.59659156156e-12, 7.700754639e-13, 2.88074468793e-12, 2.12218415584e-12, 1.22430527088e-12, 4.36042261326e-12, 4.31545684604e-12, 1.35883676273e-12, 1.44237508222e-12, 5.33951051776e-12, 4.83576286653e-12, 4.80596205193e-12, 2.30493033514e-12, 2.61686744323e-12, 1.55024279004e-12, 8.33611391721e-13, 1.50039458939e-13, 1.33432314134e-13, 1.17797305656e-13, 1.57752595167e-13, 2.26716337219e-13],
        "stdev": [0.00144119805191, 0.0354370847344, 0.0181115791202, 0.00600954331458, 0.00672125536948, 0.00150309980381, 0.000792054983322, 0.000604428700171, 0.000296859041555, 0.000322723877616, 0.000272597302683, 0.000224121307838, 0.000206531141885, 0.000113297021016, 0.000123577046907, 0.000268405652605, 0.00032108288724, 0.00033011107007, 0.00046712718904, 0.000486005505081, 0.000449548941106, 0.000290115334792, 0.000221536567551, 0.000160774201504, 8.8880842668e-05, 1.72328273038e-05, 1.04874925455e-06],
        "var": [2.07705193134e-06, 0.00125578686129, 0.000328029331286, 3.61146121577e-05, 4.51752712252e-05, 2.25930898523e-06, 6.27351141702e-07, 3.65334045682e-07, 8.81252972817e-08, 1.04150707614e-07, 7.43092911648e-08, 5.0230362092e-08, 4.26551132193e-08, 1.2836215646e-08, 1.5271288234e-08, 7.20415940236e-08, 1.03094222936e-07, 1.08973317481e-07, 2.1820781626e-07, 2.36201344705e-07, 2.02094241786e-07, 8.41669063334e-08, 4.9078451525e-08, 2.58483439097e-08, 7.89980436622e-09, 2.9697033721e-10, 1.09987496541e-12]
    },
    "erbbands": {
        "dmean": [0.495374917984, 6.75553655624, 16.872461319, 13.4520196915, 12.8140640259, 11.0368928909, 7.13354301453, 6.33930873871, 6.2234249115, 8.71876049042, 5.3102388382, 4.26359415054, 5.1511387825, 3.62697196007, 6.81401443481, 6.9867773056, 6.02715063095, 4.1728477478, 3.39793181419, 5.82771539688, 10.4737081528, 9.76849842072, 10.6772670746, 12.6585197449, 15.4871969223, 14.8892049789, 13.4018325806, 8.62347602844, 6.175532341, 5.02774477005, 2.8774971962, 1.56132566929, 1.01826786995, 0.497541308403, 0.156287059188, 0.0413523688912, 0.012045301497, 0.00220201164484, 6.99982920196e-05, 4.40527510364e-05],
        "dmean2": [0.857632040977, 12.2052812576, 30.4609394073, 24.0571804047, 21.4781360626, 19.4536094666, 12.8704624176, 11.0527410507, 9.91477394104, 14.2102365494, 9.03023815155, 6.81372785568, 8.38733196259, 5.95899868011, 11.5426979065, 10.9918756485, 9.3359079361, 6.75882577896, 5.59369564056, 9.45358467102, 16.7610683441, 15.5664205551, 18.7232532501, 21.7244529724, 26.4039649963, 25.4646625519, 23.4310874939, 14.7936487198, 10.6850557327, 9.05583953857, 5.09756803513, 2.78204989433, 1.78974997997, 0.866164922714, 0.265915900469, 0.0718896910548, 0.0212882384658, 0.00382447545417, 0.000124454702018, 7.76543238317e-05],
        "dvar": [0.549465417862, 86.616973877, 575.086914062, 225.667572021, 361.730224609, 702.601867676, 327.902252197, 210.566299438, 117.873252869, 119.906486511, 49.834274292, 35.9447593689, 91.6317367554, 58.5243301392, 177.125366211, 72.2123565674, 56.5060386658, 31.9326171875, 19.4712600708, 49.3230133057, 173.253921509, 163.685073853, 344.65020752, 366.556213379, 569.006347656, 584.156433105, 575.321960449, 178.711090088, 95.7663345337, 112.562828064, 29.856464386, 9.93842315674, 7.49398994446, 1.89372766018, 0.126001536846, 0.0076027745381, 0.000623072905, 1.7804766685e-05, 1.61752424788e-08, 3.59773522085e-09],
        "dvar2": [1.47057843208, 238.26776123, 1647.21459961, 643.342773438, 958.343994141, 1983.59863281, 957.841186523, 596.31427002, 298.053588867, 328.603149414, 127.128829956, 82.2459182739, 231.658630371, 155.644348145, 481.298614502, 175.668579102, 129.283538818, 85.2871398926, 49.0673141479, 118.866020203, 465.443267822, 420.532745361, 933.5, 1005.83892822, 1581.42028809, 1579.23034668, 1610.04382324, 486.885070801, 261.674560547, 316.085968018, 83.9549331665, 27.6159496307, 21.0382156372, 5.29230833054, 0.324999183416, 0.0197343248874, 0.00161016418133, 4.68717917101e-05, 4.27549622373e-08, 9.93646942504e-09],
        "max": [5.84500265121, 46.5742835999, 148.658233643, 105.420524597, 203.057281494, 269.8699646, 165.687332153, 118.653877258, 101.963821411, 104.79888916, 49.5615539551, 48.5724906921, 73.9001617432, 70.957244873, 151.436920166, 57.9752922058, 78.0062866211, 48.1242904663, 33.7881317139, 43.0778541565, 103.525268555, 92.2846984863, 120.564949036, 138.168273926, 233.612823486, 162.380661011, 137.591766357, 84.5473937988, 72.2888259888, 85.7763061523, 40.4584960938, 32.45703125, 29.9960823059, 13.5871067047, 3.64293980598, 0.666233479977, 0.185867264867, 0.0298427250236, 0.000829608761705, 0.000355845200829],
        "mean": [0.539910674095, 7.29834842682, 22.0724411011, 21.6287384033, 19.2092971802, 13.998875618, 10.3678531647, 8.35418701172, 8.9798078537, 13.7365684509, 8.08946228027, 6.13571453094, 6.46390962601, 4.27049541473, 8.12555885315, 9.43337249756, 8.31594848633, 6.62624597549, 5.69189119339, 9.36257171631, 16.9796657562, 16.3362751007, 12.3397436142, 16.4300193787, 22.5930347443, 18.6332759857, 15.9286403656, 11.5534896851, 8.94163513184, 6.04489278793, 3.90963625908, 2.45975542068, 1.43005740643, 0.676893234253, 0.227843955159, 0.062365360558, 0.0158681999892, 0.00216957554221, 8.54128666106e-05, 7.51714396756e-05],
        "median": [0.290294826031, 3.76031446457, 18.1058158875, 18.5294628143, 13.2759895325, 8.40539550781, 5.11726760864, 4.68297767639, 5.80226373672, 10.2490711212, 5.48446846008, 4.05862951279, 3.32652878761, 2.45458221436, 3.70297265053, 6.14407587051, 5.675740242, 5.01978492737, 4.82295894623, 8.12665367126, 13.760556221, 12.3970813751, 8.29484653473, 12.215057373, 18.6294250488, 12.7482910156, 10.2127399445, 8.34069347382, 7.02099370956, 2.95735168457, 1.76246404648, 0.944048166275, 0.398103863001, 0.143134325743, 0.057568307966, 0.0153396865353, 0.00315279723145, 0.000310533447191, 4.14693022321e-05, 6.39736244921e-05],
        "min": [7.89194654072e-10, 6.20431928056e-09, 2.68249422675e-08, 6.90338382014e-08, 1.14945386542e-07, 1.12417410492e-07, 5.92348037287e-08, 1.84058581709e-08, 3.26142028939e-08, 3.18506465646e-08, 2.05324859337e-08, 6.18341928771e-08, 8.14451368569e-08, 3.99896720182e-08, 1.07758083345e-07, 1.68222911157e-07, 1.89279219853e-07, 1.18767914614e-07, 5.09356716805e-08, 1.46789645328e-07, 3.21369753919e-07, 2.82157543552e-07, 2.91347646453e-07, 1.12237650285e-07, 1.35860247497e-07, 1.25948616869e-07, 9.65022621813e-08, 3.52386209101e-08, 3.77495084081e-08, 1.18634080337e-08, 4.13478096206e-09, 2.52531973111e-09, 2.63430943725e-09, 1.52979351409e-09, 7.16225412312e-10, 4.35688540801e-10, 2.94455432259e-10, 1.52136567233e-10, 3.7644425771e-11, 2.70048176529e-12],
        "stdev": [0.719173073769, 9.08514690399, 22.1756381989, 16.8034858704, 20.8209609985, 22.8672409058, 16.0632972717, 13.1103048325, 11.7009973526, 13.3032178879, 8.51752281189, 6.91731405258, 10.9151697159, 7.09588670731, 13.6940698624, 10.1645364761, 9.95253372192, 6.35507488251, 5.15551805496, 8.61033058167, 16.4264411926, 16.5437870026, 16.8651027679, 19.8736934662, 24.9569187164, 22.9128513336, 21.8581066132, 13.8499517441, 10.5156021118, 9.81889724731, 5.71934127808, 3.58619689941, 2.6757581234, 1.41206216812, 0.412791103125, 0.10600605607, 0.0278642196208, 0.00419319327921, 0.000121865261463, 6.21367507847e-05],
        "var": [0.517209887505, 82.5398864746, 491.758911133, 282.357116699, 433.512451172, 522.910705566, 258.029541016, 171.880081177, 136.913330078, 176.975601196, 72.5481872559, 47.84923172, 119.140930176, 50.3516082764, 187.527542114, 103.3177948, 99.0529251099, 40.3869743347, 26.579366684, 74.1377944946, 269.827941895, 273.696899414, 284.43170166, 394.963684082, 622.847839355, 524.998718262, 477.776824951, 191.821151733, 110.577888489, 96.4107513428, 32.7108650208, 12.8608083725, 7.15968132019, 1.99391961098, 0.170396491885, 0.0112372832373, 0.000776414759457, 1.75828681677e-05, 1.48511416498e-08, 3.86097553928e-09]
    },
    "gfcc": {
        "mean": [-12.3607349396, 112.881477356, -99.5155105591, 78.8745727539, -47.4204483032, 14.8097076416, -25.7936496735, 3.09824037552, -16.4031162262, -1.0467338562, -11.8538274765, -9.92253303528, -11.2779254913],
        "cov": [[12710.6171875, -1448.10546875, -129.080963135, 87.3748855591, -602.008361816, 390.53894043, -322.909667969, 492.842712402, -407.67868042, 299.123474121, -183.564224243, 527.707397461, -146.221359253], [-1448.10546875, 1168.08276367, -90.9426498413, 48.4136619568, 307.417358398, -198.69241333, 342.214935303, -235.462493896, 282.16418457, -150.374313354, 140.48979187, -261.945373535, 144.741119385], [-129.080963135, -90.9426498413, 473.622314453, -7.5143456459, 20.7198162079, 45.6830596924, -115.182067871, 17.826751709, 0.868913888931, 49.0233802795, 2.27183866501, -53.1180915833, -48.9174995422], [87.3748855591, 48.4136619568, -7.5143456459, 88.8089675903, 33.3678512573, -3.8633916378, 35.1665000916, -13.2492837906, 23.0182495117, -4.98873281479, 21.4900245667, -12.6857509613, 19.6882324219], [-602.008361816, 307.417358398, 20.7198162079, 33.3678512573, 186.009307861, -42.4476547241, 143.125289917, -64.575920105, 89.4544906616, -33.9017562866, 40.4005508423, -63.6715621948, 39.4067497253], [390.53894043, -198.69241333, 45.6830596924, -3.8633916378, -42.4476547241, 90.0611953735, -53.3618202209, 48.6373176575, -43.9004974365, 22.7250003815, -21.0764942169, 34.6709632874, -24.271648407], [-322.909667969, 342.214935303, -115.182067871, 35.1665000916, 143.125289917, -53.3618202209, 210.43963623, -53.7866744995, 93.380355835, -50.5889320374, 40.5756187439, -46.7581748962, 58.1294898987], [492.842712402, -235.462493896, 17.826751709, -13.2492837906, -64.575920105, 48.6373176575, -53.7866744995, 83.2661361694, -43.3257827759, 37.1922454834, -29.0106525421, 55.7012443542, -30.7391414642], [-407.67868042, 282.16418457, 0.868913888931, 23.0182495117, 89.4544906616, -43.9004974365, 93.380355835, -43.3257827759, 108.876152039, -19.332862854, 44.6717338562, -67.3190536499, 31.3006038666], [299.123474121, -150.374313354, 49.0233802795, -4.98873281479, -33.9017562866, 22.7250003815, -50.5889320374, 37.1922454834, -19.332862854, 67.9608154297, 0.945840954781, 38.051399231, -30.4961566925], [-183.564224243, 140.48979187, 2.27183866501, 21.4900245667, 40.4005508423, -21.0764942169, 40.5756187439, -29.0106525421, 44.6717338562, 0.945840954781, 59.3795127869, -24.5018177032, 18.7739200592], [527.707397461, -261.945373535, -53.1180915833, -12.6857509613, -63.6715621948, 34.6709632874, -46.7581748962, 55.7012443542, -67.3190536499, 38.051399231, -24.5018177032, 113.026268005, -16.076461792], [-146.221359253, 144.741119385, -48.9174995422, 19.6882324219, 39.4067497253, -24.271648407, 58.1294898987, -30.7391414642, 31.3006038666, -30.4961566925, 18.7739200592, -16.076461792, 55.4015617371]],
        "icov": [[0.000151947911945, -0.000588841328863, -6.28179623163e-05, -0.000555124657694, 0.000508459226694, -0.00050298043061, -0.000124252474052, -0.000742600881495, 0.000609028968029, -0.000566657399759, 0.000450707797427, -0.000731470878236, 0.000196568056708], [-0.000588841328863, 0.0131286671385, 0.000459673348814, 0.00626508519053, -0.00203305226751, 0.0064437543042, -0.00484056444839, 0.0116197895259, -0.0111983213574, 0.00591487949714, -0.00717144971713, 0.0121254930273, -0.00634777359664], [-6.28179623163e-05, 0.000459673348814, 0.00427049398422, 0.000520800647791, -0.00431976607069, -0.000885537359864, 0.00449489150196, -0.00146728602704, -0.00021371243929, -0.00182561611291, -0.000898584839888, 0.00413646688685, -6.14325017523e-06], [-0.000555124657694, 0.00626508519053, 0.000520800647791, 0.0169548299164, -0.00316393724643, 0.00185741728637, -0.00204405514523, 0.00544183608145, -0.00498834857717, 0.00207984796725, -0.0069925733842, 0.00723411561921, -0.0067383996211], [0.000508459226694, -0.00203305226751, -0.00431976607069, -0.00316393724643, 0.0205969382077, -0.00320241553709, -0.0129787577316, 0.00642822263762, -0.00213360995986, -0.00270912470296, 0.00355432671495, -0.00469196215272, 0.00224291416816], [-0.00050298043061, 0.0064437543042, -0.000885537359864, 0.00185741728637, -0.00320241553709, 0.0222836304456, -0.000646458240226, -0.0037101409398, -0.000710572989192, 0.00492013245821, -0.00484057655558, 0.00654030777514, -0.00229620211758], [-0.000124252474052, -0.00484056444839, 0.00449489150196, -0.00204405514523, -0.0129787577316, -0.000646458240226, 0.02255217731, -0.00934481807053, -0.00211606919765, 0.0034242067486, 0.000348528730683, -0.00444332649931, -0.00121245696209], [-0.000742600881495, 0.0116197895259, -0.00146728602704, 0.00544183608145, 0.00642822263762, -0.0037101409398, -0.00934481807053, 0.0443396307528, -0.0162209291011, -0.00137896242086, 0.00316807301715, 0.000885397894308, 0.000250394630712], [0.000609028968029, -0.0111983213574, -0.00021371243929, -0.00498834857717, -0.00213360995986, -0.000710572989192, -0.00211606919765, -0.0162209291011, 0.0399888493121, -0.0118696717545, -0.00343746808358, 0.00374640407972, -4.08665599139e-08], [-0.000566657399759, 0.00591487949714, -0.00182561611291, 0.00207984796725, -0.00270912470296, 0.00492013245821, 0.0034242067486, -0.00137896242086, -0.0118696717545, 0.0368453785777, -0.0132331829518, -0.00611282186583, 0.0101232109591], [0.000450707797427, -0.00717144971713, -0.000898584839888, -0.0069925733842, 0.00355432671495, -0.00484057655558, 0.000348528730683, 0.00316807301715, -0.00343746808358, -0.0132331829518, 0.0347522050142, -0.00807716324925, -0.00110215821769], [-0.000731470878236, 0.0121254930273, 0.00413646688685, 0.00723411561921, -0.00469196215272, 0.00654030777514, -0.00444332649931, 0.000885397894308, 0.00374640407972, -0.00611282186583, -0.00807716324925, 0.0368539765477, -0.0132218729705], [0.000196568056708, -0.00634777359664, -6.14325017523e-06, -0.0067383996211, 0.00224291416816, -0.00229620211758, -0.00121245696209, 0.000250394630712, -4.08665599139e-08, 0.0101232109591, -0.00110215821769, -0.0132218729705, 0.038461048156]]
    },
    "melbands": {
        "dmean": [0.00576278241351, 0.00854166597128, 0.00219309702516, 0.000788877601735, 0.000288098643068, 0.00013672914065, 9.26988068386e-05, 9.85612496152e-05, 3.71295063815e-05, 2.76917489828e-05, 2.60623855866e-05, 1.49614570546e-05, 2.05730848393e-05, 1.74407650775e-05, 1.71065712493e-05, 1.1223227375e-05, 7.98780274636e-06, 5.23008066011e-06, 6.86782504999e-06, 1.12596426334e-05, 1.38899122248e-05, 1.11844110506e-05, 9.84966209217e-06, 1.06360876089e-05, 1.03003339973e-05, 1.27358443933e-05, 1.06137376861e-05, 1.03051015685e-05, 9.43126997299e-06, 6.14361715634e-06, 4.77939011034e-06, 3.7305155729e-06, 3.26690542352e-06, 2.63881611318e-06, 1.68474400652e-06, 1.35434925141e-06, 8.89792943326e-07, 8.05992897313e-07, 5.888835517e-07, 3.66993731404e-07],
        "dmean2": [0.0101441564038, 0.0153641272336, 0.00385888922028, 0.00134604470804, 0.000519448716659, 0.000234222083236, 0.000147119833855, 0.000162108364748, 6.23000159976e-05, 4.41655283794e-05, 4.27255836257e-05, 2.46841518674e-05, 3.49221263605e-05, 2.75480615528e-05, 2.69664342341e-05, 1.75267960003e-05, 1.33559060487e-05, 8.73814860824e-06, 1.11029985419e-05, 1.85057851922e-05, 2.25080038945e-05, 1.80099559657e-05, 1.68310489244e-05, 1.87063633348e-05, 1.78505342774e-05, 2.17730121221e-05, 1.80765200639e-05, 1.77133370016e-05, 1.67610141943e-05, 1.05301378426e-05, 8.22637775855e-06, 6.37197581455e-06, 5.81945778322e-06, 4.73702039017e-06, 2.9847026326e-06, 2.45936189458e-06, 1.55359680321e-06, 1.4249646938e-06, 1.0217287354e-06, 6.41376914245e-07],
        "dvar": [7.05249258317e-05, 0.000133308363729, 5.77852324568e-06, 2.83434201265e-06, 5.55576036732e-07, 9.47449123601e-08, 2.45642386432e-08, 1.35617996833e-08, 2.53719667498e-09, 1.52479640025e-09, 2.29800978246e-09, 9.93407245353e-10, 1.53217871723e-09, 4.93968366211e-10, 4.29087904097e-10, 2.04318742481e-10, 1.22862317542e-10, 4.53447730753e-11, 8.78573810925e-11, 1.76209616343e-10, 3.17490173041e-10, 2.04266450976e-10, 2.49313292233e-10, 3.8718650508e-10, 2.35400837711e-10, 3.80957682067e-10, 2.27963509181e-10, 2.77049744257e-10, 3.1410948842e-10, 8.98285335005e-11, 5.21718779289e-11, 2.84898597769e-11, 4.47892105349e-11, 3.19913193159e-11, 1.01352251244e-11, 7.63832486844e-12, 3.03898963286e-12, 5.24498370083e-12, 2.67496918713e-12, 9.40880728363e-13],
        "dvar2": [0.000188588470337, 0.000382272875868, 1.6668382159e-05, 7.61964020057e-06, 1.62683977578e-06, 2.68624177124e-07, 6.27468139669e-08, 3.62088599104e-08, 6.40406661034e-09, 3.5744711635e-09, 5.82163384166e-09, 2.66054200893e-09, 4.10192191325e-09, 1.22272281189e-09, 1.00202490749e-09, 4.9449871975e-10, 3.34416133674e-10, 1.16597148603e-10, 2.24740476229e-10, 4.61529481299e-10, 8.55065629413e-10, 5.11719500107e-10, 6.83594403306e-10, 1.07769837498e-09, 6.35419772355e-10, 1.06515030129e-09, 6.21279638846e-10, 7.45037254113e-10, 8.66919536158e-10, 2.53381454707e-10, 1.39679198763e-10, 7.82415243705e-11, 1.27709093301e-10, 8.94754340064e-11, 2.80469866082e-11, 2.17149683651e-11, 8.5110234832e-12, 1.47711183562e-11, 7.63492047362e-12, 2.58015635766e-12],
        "max": [0.0581572577357, 0.0665119588375, 0.0171693488955, 0.0182885937393, 0.00628676870838, 0.00264111650176, 0.00158615899272, 0.000980892800726, 0.000360888312571, 0.000314303091727, 0.000360009435099, 0.000287060363917, 0.000412990513723, 0.000187841797015, 0.000197503424715, 0.000109680229798, 9.42596161622e-05, 5.03740593558e-05, 8.12321231933e-05, 9.03803884285e-05, 0.000132219371153, 0.0001122081012, 0.000125524078612, 0.00013013939315, 0.000103720922198, 0.000195454776986, 0.000111684945296, 0.000108468739199, 9.86547092907e-05, 6.41846709186e-05, 4.45882324129e-05, 3.67401844414e-05, 6.77704374539e-05, 3.99608907173e-05, 2.35220668401e-05, 2.68715921266e-05, 1.75567965925e-05, 2.5825411285e-05, 1.57126050908e-05, 9.69935172179e-06],
        "mean": [0.00649421894923, 0.0107961343601, 0.00374792073853, 0.00115718692541, 0.000404057267588, 0.000186406628927, 0.000135666603455, 0.000153948218212, 5.65035661566e-05, 3.74620358343e-05, 3.1907511584e-05, 1.65623750945e-05, 2.34635717788e-05, 2.39996115852e-05, 2.41695652221e-05, 1.50461073645e-05, 1.21142929856e-05, 8.56809492689e-06, 1.00713914435e-05, 1.6453621356e-05, 2.09361096495e-05, 1.81959458132e-05, 1.14721624414e-05, 1.12269217425e-05, 1.29665904751e-05, 1.82015373866e-05, 1.42323788168e-05, 1.20373406389e-05, 1.04999280666e-05, 7.98723067419e-06, 6.19365528109e-06, 5.28504142494e-06, 4.0202639866e-06, 3.04548802887e-06, 2.29067927648e-06, 1.79652477073e-06, 1.40494807965e-06, 1.08662243292e-06, 7.67254448419e-07, 4.94278424412e-07],
        "median": [0.00329402531497, 0.00779774738476, 0.00327880284749, 0.000801411981229, 0.000210444632103, 0.000106308594695, 9.16937278816e-05, 0.000113176509331, 3.6157474824e-05, 2.37090716837e-05, 1.60764066095e-05, 8.91222589416e-06, 1.09164702735e-05, 1.45478861668e-05, 1.52934844664e-05, 1.01115983853e-05, 9.12656378205e-06, 7.14064844942e-06, 6.84864698997e-06, 1.29902782646e-05, 1.62699216162e-05, 1.35540803967e-05, 7.43102918932e-06, 6.29351234238e-06, 9.05759497982e-06, 1.46747970575e-05, 1.07231653601e-05, 7.68176323618e-06, 6.08336858932e-06, 5.26266876477e-06, 4.0777281356e-06, 4.18326544604e-06, 2.37438780459e-06, 1.23599284052e-06, 1.01902708138e-06, 7.5236732755e-07, 5.14948737873e-07, 2.99002891779e-07, 1.71735280219e-07, 9.8132744597e-08],
        "min": [7.70775977765e-12, 1.23749448189e-11, 1.32787921284e-11, 8.42635770187e-12, 2.60195966335e-12, 4.41736870607e-13, 5.08593059161e-13, 3.03965186355e-13, 1.90282915835e-13, 4.18130834861e-13, 4.09812293692e-13, 1.62045602089e-13, 2.49728162411e-13, 5.31883077078e-13, 3.48658059889e-13, 4.46980777044e-13, 1.8118170267e-13, 6.33220282849e-14, 1.29197637289e-13, 2.80824517286e-13, 3.99246553786e-13, 3.10038182193e-13, 2.30461808491e-13, 2.45654489589e-13, 6.28442813739e-14, 1.25777968769e-13, 6.90186839972e-14, 9.09994261476e-14, 6.48717258839e-14, 4.36301419526e-14, 1.09736726677e-14, 2.39042811289e-14, 1.19502127174e-14, 4.46515747486e-15, 2.35776851297e-15, 1.7458012905e-15, 1.44147315222e-15, 1.71575396136e-15, 1.96179818606e-15, 1.09493185647e-15],
        "stdev": [0.00831278320402, 0.0109488479793, 0.00282119563781, 0.00158827600535, 0.000639825302642, 0.000281404005364, 0.000168611630215, 0.00014796826872, 6.08445443504e-05, 4.36648042523e-05, 5.47259223822e-05, 2.88792180072e-05, 3.93890804844e-05, 2.74792218988e-05, 2.78137322312e-05, 1.70649236679e-05, 1.20539934869e-05, 7.8511875472e-06, 1.03524052975e-05, 1.6130561562e-05, 2.17414653889e-05, 1.9118999262e-05, 1.49175530169e-05, 1.7247724827e-05, 1.60964682436e-05, 2.05891137739e-05, 1.582655932e-05, 1.55813904712e-05, 1.57037611643e-05, 9.65489198279e-06, 7.58289343139e-06, 5.93007916905e-06, 6.24773338131e-06, 5.20580761076e-06, 3.35665276907e-06, 2.78790980701e-06, 2.05734249903e-06, 2.13456223719e-06, 1.5902649011e-06, 1.03952095287e-06],
