{
"metadata": {
    "version": {
        "essentia": "2.1-beta6-dev",
        "essentia_git_sha": "v2.1_beta5-778-gc9eadba6",
        "extractor": "music 2.0"
    },
    "audio_properties": {
        "analysis": {
            "equal_loudness": 0,
            "length": 15.9999771118,
            "sample_rate": 44100,
            "start_time": 0,
            "downmix": "mix"
        },
        "bit_rate": 128000,
        "length": 16,
        "lossless": 0,
        "number_channels": 2,
        "replay_gain": 2.7922000885,
        "sample_rate": 48000,
        "codec": "mp3",
        "md5_encoded": "668b3ea5264b06b3b356e73650055fe6"
    },
    "tags": {
        "file_name": "interstellar-cornfieldchase1.mp3",
        "encoding": ["Lavf59.16.100"]
    }
},
"lowlevel": {
    "average_loudness": 0.901261150837,
    "barkbands_crest": {
        "dmean": 2.43251752853,
        "dmean2": 4.06353282928,
        "dvar": 4.25826787949,
        "dvar2": 11.6578979492,
        "max": 24.0213088989,
        "mean": 12.9386224747,
        "median": 12.6986818314,
        "min": 3.1636428833,
        "stdev": 3.42369198799,
        "var": 11.7216663361
    },
    "barkbands_flatness_db": {
        "dmean": 0.020290048793,
        "dmean2": 0.032764621079,
        "dvar": 0.000416629307438,
        "dvar2": 0.00101972580887,
        "max": 0.483804225922,
        "mean": 0.298564821482,
        "median": 0.324359297752,
        "min": 0.0301183667034,
        "stdev": 0.0895294845104,
        "var": 0.00801552832127
    },
    "barkbands_kurtosis": {
        "dmean": 4.00152635574,
        "dmean2": 6.44025325775,
        "dvar": 50.8215866089,
        "dvar2": 125.641578674,
        "max": 88.2970352173,
        "mean": 6.96245956421,
        "median": 4.14004993439,
        "min": -1.06955039501,
        "stdev": 8.9023065567,
        "var": 79.2510604858
    },
    "barkbands_skewness": {
        "dmean": 0.615461289883,
        "dmean2": 0.948865234852,
        "dvar": 0.457743018866,
        "dvar2": 1.0535312891,
        "max": 8.41020679474,
        "mean": 1.82634854317,
        "median": 1.61568760872,
        "min": -1.72370040417,
        "stdev": 1.25312125683,
        "var": 1.57031297684
    },
    "barkbands_spread": {
        "dmean": 1.48688483238,
        "dmean2": 2.32457613945,
        "dvar": 12.1907186508,
        "dvar2": 30.5385093689,
        "max": 64.4499282837,
        "mean": 5.9144244194,
        "median": 4.61715269089,
        "min": 0.559695243835,
        "stdev": 5.24351358414,
        "var": 27.4944343567
    },
    "dissonance": {
        "dmean": 0.0327394641936,
        "dmean2": 0.0549738295376,
        "dvar": 0.00117350579239,
        "dvar2": 0.00286057079211,
        "max": 0.499429643154,
        "mean": 0.385488539934,
        "median": 0.389941036701,
        "min": 0,
        "stdev": 0.074368134141,
        "var": 0.00553061906248
    },
    "dynamic_complexity": 3.16810441017,
    "erbbands_crest": {
        "dmean": 2.32666683197,
        "dmean2": 3.56338405609,
        "dvar": 4.83401298523,
        "dvar2": 10.8845491409,
        "max": 23.1573371887,
        "mean": 12.427157402,
        "median": 12.7403774261,
        "min": 2.60670518875,
        "stdev": 5.09020090103,
        "var": 25.9101428986
    },
    "erbbands_flatness_db": {
        "dmean": 0.0141547219828,
        "dmean2": 0.0189226623625,
        "dvar": 0.000162392912898,
        "dvar2": 0.000283466972178,
        "max": 0.375486344099,
        "mean": 0.242819935083,
        "median": 0.264998942614,
        "min": 0.0623962432146,
        "stdev": 0.0757341012359,
        "var": 0.00573565391824
    },
    "erbbands_kurtosis": {
        "dmean": 1.55576598644,
        "dmean2": 2.18695473671,
        "dvar": 3.09745383263,
        "dvar2": 6.17011880875,
        "max": 24.4833488464,
        "mean": 2.73215007782,
        "median": 1.65225934982,
        "min": -1.32443916798,
        "stdev": 3.67550683022,
        "var": 13.509349823
    },
    "erbbands_skewness": {
        "dmean": 0.330261766911,
        "dmean2": 0.493855655193,
        "dvar": 0.0815156027675,
        "dvar2": 0.181053578854,
        "max": 3.79209804535,
        "mean": 0.992145001888,
        "median": 0.912600398064,
        "min": -0.776513397694,
        "stdev": 0.709151864052,
        "var": 0.502896368504
    },
    "erbbands_spread": {
        "dmean": 3.57052469254,
        "dmean2": 5.19706583023,
        "dvar": 12.6797847748,
        "dvar2": 27.3894481659,
        "max": 55.8880195618,
        "mean": 18.7054691315,
        "median": 13.8444852829,
        "min": 3.03061723709,
        "stdev": 12.1779537201,
        "var": 148.302566528
    },
    "hfc": {
        "dmean": 2.47731113434,
        "dmean2": 3.80102777481,
        "dvar": 10.8539113998,
        "dvar2": 33.4354324341,
        "max": 50.6456298828,
        "mean": 11.1679019928,
        "median": 10.6201219559,
        "min": 1.1429777887e-16,
        "stdev": 7.22462654114,
        "var": 52.1952285767
    },
    "loudness_ebu128": {
        "integrated": -23.0454082489,
        "loudness_range": 2.99948120117,
        "momentary": {
            "dmean": 0.56493127346,
            "dmean2": 0.386976003647,
            "dvar": 0.254672020674,
            "dvar2": 0.107879012823,
            "max": -17.7661552429,
            "mean": -24.5003070831,
            "median": -23.2920055389,
            "min": -42.2394180298,
            "stdev": 4.12982225418,
            "var": 17.055431366
        },
        "short_term": {
            "dmean": 0.0935556963086,
            "dmean2": 0.050926681608,
            "dvar": 0.0098225697875,
            "dvar2": 0.00232618045993,
            "max": -21.0471553802,
            "mean": -23.0335693359,
            "median": -23.1052646637,
            "min": -26.764705658,
            "stdev": 1.1704031229,
            "var": 1.36984336376
        }
    },
    "melbands_crest": {
        "dmean": 3.45566654205,
        "dmean2": 5.90820789337,
        "dvar": 10.8595542908,
        "dvar2": 30.5853004456,
        "max": 38.2743530273,
        "mean": 17.5917129517,
        "median": 16.63854599,
        "min": 2.23177218437,
        "stdev": 5.55230998993,
        "var": 30.8281478882
    },
    "melbands_flatness_db": {
        "dmean": 0.0222029816359,
        "dmean2": 0.0357758812606,
        "dvar": 0.000525703537278,
        "dvar2": 0.00119458488189,
        "max": 0.625467419624,
        "mean": 0.419293016195,
        "median": 0.450011759996,
        "min": 0.00595662044361,
        "stdev": 0.104017741978,
        "var": 0.010819690302
    },
    "melbands_kurtosis": {
        "dmean": 6.823138237,
        "dmean2": 10.8004455566,
        "dvar": 160.082672119,
        "dvar2": 385.372650146,
        "max": 195.153289795,
        "mean": 12.8264131546,
        "median": 7.34917354584,
        "min": -1.140376091,
        "stdev": 16.0176544189,
        "var": 256.565246582
    },
    "melbands_skewness": {
        "dmean": 0.722734749317,
        "dmean2": 1.11004555225,
        "dvar": 0.674870073795,
        "dvar2": 1.4959603548,
        "max": 12.6190729141,
        "mean": 2.4256131649,
        "median": 2.10699510574,
        "min": -0.204009696841,
        "stdev": 1.55124604702,
        "var": 2.4063642025
    },
    "melbands_spread": {
        "dmean": 1.63310277462,
        "dmean2": 2.38154506683,
        "dvar": 18.8291072845,
        "dvar2": 26.567987442,
        "max": 134.342041016,
        "mean": 5.86502504349,
        "median": 4.81572532654,
        "min": 0.544116556644,
        "stdev": 7.04202699661,
        "var": 49.5901451111
    },
    "pitch_salience": {
        "dmean": 0.0638657584786,
        "dmean2": 0.106523059309,
        "dvar": 0.00415980583057,
        "dvar2": 0.0105495043099,
        "max": 0.902282774448,
        "mean": 0.456779748201,
        "median": 0.449745208025,
        "min": 0.100174404681,
        "stdev": 0.116067372262,
        "var": 0.0134716350585
    },
    "silence_rate_20dB": {
        "dmean": 0.00579710165039,
        "dmean2": 0.0116110304371,
        "dvar": 0.0057635018602,
        "dvar2": 0.0172815322876,
        "max": 1,
        "mean": 0.988422572613,
        "median": 1,
        "min": 0,
        "stdev": 0.106973655522,
        "var": 0.0114433625713
    },
    "silence_rate_30dB": {
        "dmean": 0.0840579718351,
        "dmean2": 0.168359935284,
        "dvar": 0.0769918709993,
        "dvar2": 0.174847319722,
        "max": 1,
        "mean": 0.816208422184,
        "median": 1,
        "min": 0,
        "stdev": 0.387315958738,
        "var": 0.150013655424
    },
    "silence_rate_60dB": {
        "dmean": 0.0115942033008,
        "dmean2": 0.0232220608741,
        "dvar": 0.0114598181099,
        "dvar2": 0.0255851503462,
        "max": 1,
        "mean": 0.0520984083414,
        "median": 0,
        "min": 0,
        "stdev": 0.222225308418,
        "var": 0.0493840873241
    },
    "spectral_centroid": {
        "dmean": 59.5410614014,
        "dmean2": 79.846496582,
        "dvar": 104465.53125,
        "dvar2": 68703.2734375,
        "max": 11102.7705078,
        "mean": 482.632904053,
        "median": 348.482391357,
        "min": 130.082260132,
        "stdev": 551.780456543,
        "var": 304461.65625
    },
    "spectral_complexity": {
        "dmean": 1.18550729752,
        "dmean2": 1.95936143398,
        "dvar": 1.23516023159,
        "dvar2": 3.14786028862,
        "max": 19,
        "mean": 8.34442806244,
        "median": 8,
        "min": 0,
        "stdev": 3.23244547844,
        "var": 10.4487037659
    },
    "spectral_decrease": {
        "dmean": 5.13402298452e-09,
        "dmean2": 8.85975204312e-09,
        "dvar": 6.78353747347e-17,
        "dvar2": 2.35352471908e-16,
        "max": -2.52557726037e-29,
        "mean": -1.70946172773e-08,
        "median": -1.40499034629e-08,
        "min": -1.39385193165e-07,
        "stdev": 1.53778483281e-08,
        "var": 2.36478205165e-16
    },
    "spectral_energy": {
        "dmean": 0.0195668917149,
        "dmean2": 0.0337408967316,
        "dvar": 0.000983059755526,
        "dvar2": 0.00341053586453,
        "max": 0.530663132668,
        "mean": 0.0655318424106,
        "median": 0.0541398450732,
        "min": 1.04624590764e-20,
        "stdev": 0.0585951022804,
        "var": 0.0034333858639
    },
    "spectral_energyband_high": {
        "dmean": 2.43959243562e-06,
        "dmean2": 3.8841294554e-06,
        "dvar": 3.15072759549e-11,
        "dvar2": 6.42606107215e-11,
        "max": 0.000209674268262,
        "mean": 1.51978638314e-05,
        "median": 2.31243097915e-06,
        "min": 7.25339007953e-21,
        "stdev": 2.56115472439e-05,
        "var": 6.55951348794e-10
    },
    "spectral_energyband_low": {
        "dmean": 0.018245683983,
        "dmean2": 0.0323277302086,
        "dvar": 0.000972017878667,
        "dvar2": 0.00341426348314,
        "max": 0.520455598831,
        "mean": 0.044747505337,
        "median": 0.0292974393815,
        "min": 1.42620838871e-22,
        "stdev": 0.0547311902046,
        "var": 0.00299550336786
    },
    "spectral_energyband_middle_high": {
        "dmean": 0.000209244914004,
        "dmean2": 0.000256337632891,
        "dvar": 7.14752630415e-08,
        "dvar2": 9.58162758025e-08,
        "max": 0.00498166726902,
        "mean": 0.000738843984436,
        "median": 0.000579437182751,
        "min": 1.59089126896e-21,
        "stdev": 0.000680135621224,
        "var": 4.62584495153e-07
    },
    "spectral_energyband_middle_low": {
        "dmean": 0.0049962750636,
        "dmean2": 0.00617145746946,
        "dvar": 2.87136917905e-05,
        "dvar2": 4.10366083088e-05,
        "max": 0.0887929871678,
        "mean": 0.020576691255,
        "median": 0.0182701405138,
        "min": 4.24097529637e-22,
        "stdev": 0.0150125967339,
        "var": 0.000225378054893
    },
    "spectral_entropy": {
        "dmean": 0.13721460104,
        "dmean2": 0.193065434694,
        "dvar": 0.0195942856371,
        "dvar2": 0.0329676829278,
        "max": 9.80074119568,
        "mean": 6.1921248436,
        "median": 5.90274047852,
        "min": 4.87724971771,
        "stdev": 0.87366861105,
        "var": 0.763296842575
    },
    "spectral_flux": {
        "dmean": 0.0246870703995,
        "dmean2": 0.0414568856359,
        "dvar": 0.000514919636771,
        "dvar2": 0.00150191574357,
        "max": 0.332449674606,
        "mean": 0.0861292853951,
        "median": 0.0792319327593,
        "min": 1.02286165649e-10,
        "stdev": 0.045657351613,
        "var": 0.00208459375426
    },
    "spectral_kurtosis": {
        "dmean": 9.99293231964,
        "dmean2": 17.4746055603,
        "dvar": 122.853759766,
        "dvar2": 330.692474365,
        "max": 116.118041992,
        "mean": 34.1261901855,
        "median": 30.9631271362,
        "min": -1.20657598972,
        "stdev": 25.0326709747,
        "var": 626.63458252
    },
    "spectral_rms": {
        "dmean": 0.00107095309068,
        "dmean2": 0.00180081441067,
        "dvar": 1.29112231662e-06,
        "dvar2": 4.05265927839e-06,
        "max": 0.022753464058,
        "mean": 0.00728898821399,
        "median": 0.00726769305766,
        "min": 3.19488294327e-12,
        "stdev": 0.00328696914949,
        "var": 1.08041667772e-05
    },
    "spectral_rolloff": {
        "dmean": 97.9602355957,
        "dmean2": 157.982681274,
        "dvar": 349787.96875,
        "dvar2": 497807.46875,
        "max": 18970.7519531,
        "mean": 366.407592773,
        "median": 344.53125,
        "min": 43.06640625,
        "stdev": 907.352966309,
        "var": 823289.4375
    },
    "spectral_skewness": {
        "dmean": 0.635575890541,
        "dmean2": 1.10682165623,
        "dvar": 0.404314607382,
        "dvar2": 1.07841587067,
        "max": 8.77070713043,
        "mean": 4.11160564423,
        "median": 4.12343358994,
        "min": 0.000823320995551,
        "stdev": 1.78748905659,
        "var": 3.19511723518
    },
    "spectral_spread": {
        "dmean": 316083.5625,
        "dmean2": 472588.21875,
        "dvar": 2.2807094231e+12,
        "dvar2": 1.7627470889e+12,
        "max": 40783772,
        "mean": 2260131.25,
        "median": 1740983.625,
        "min": 748430.625,
        "stdev": 2059439.25,
        "var": 4.24128990413e+12
    },
    "spectral_strongpeak": {
        "dmean": 0.398240476847,
        "dmean2": 0.689778327942,
        "dvar": 0.338850408792,
        "dvar2": 0.757413506508,
        "max": 4.15146112442,
        "mean": 0.857231080532,
        "median": 0.531338214874,
        "min": 0,
        "stdev": 0.843962311745,
        "var": 0.71227234602
    },
    "zerocrossingrate": {
        "dmean": 0.00315684452653,
        "dmean2": 0.0042145261541,
        "dvar": 0.000141363576404,
        "dvar2": 0.000140359421493,
        "max": 0.50439453125,
        "mean": 0.0164418648928,
        "median": 0.0126953125,
        "min": 0.00244140625,
        "stdev": 0.0289046745747,
        "var": 0.000835480226669
    },
    "barkbands": {
        "dmean": [0.00154496345203, 0.012261477299, 0.00818812008947, 0.000983129139058, 0.000746361678466, 0.00455017248169, 0.000338338955771, 0.000165204080986, 0.000465016142698, 6.18905614829e-05, 7.60048569646e-05, 4.25409125455e-05, 8.25770475785e-05, 1.9234528736e-05, 2.63068068307e-05, 1.626188714e-05, 1.15418861242e-05, 6.53202368994e-06, 3.72470958609e-06, 2.83379927168e-06, 1.22843698591e-06, 6.72552516789e-07, 4.30955680031e-07, 3.18891778761e-07, 2.32334954831e-07, 2.44977258035e-07, 1.5364193473e-07],
        "dmean2": [0.00278511736542, 0.0201850254089, 0.0156728439033, 0.00136062107049, 0.00110135623254, 0.00570577429608, 0.000438314164057, 0.00021979813755, 0.000634282594547, 9.17445431696e-05, 9.42152837524e-05, 5.9480084019e-05, 0.000101678691863, 3.25834371324e-05, 3.89596025343e-05, 2.68028616119e-05, 1.85657027032e-05, 1.11509452836e-05, 6.3691691139e-06, 4.8698975661e-06, 2.0519185e-06, 1.18163438856e-06, 7.08427819518e-07, 4.86882242967e-07, 3.85980229112e-07, 3.84140349752e-07, 2.68447479357e-07],
        "dvar": [4.5387123464e-06, 0.000330227601808, 0.000279403087916, 1.73140495008e-06, 7.19496938473e-07, 2.82986620732e-05, 3.55725546797e-07, 8.35298621382e-08, 4.37491280536e-07, 1.55731267881e-08, 3.55860301227e-08, 7.6805664051e-09, 2.39610411512e-08, 9.97399163261e-10, 3.26930349459e-09, 7.57096274562e-10, 2.37544983683e-10, 9.6199041788e-11, 4.79458521496e-11, 1.94113631419e-11, 6.62576807656e-12, 2.31901455504e-12, 1.1203413414e-12, 1.55195257687e-12, 7.22552226384e-13, 6.66724433909e-13, 2.87625256728e-13],
        "dvar2": [1.46949523696e-05, 0.000939412973821, 0.0010824915953, 2.82581572719e-06, 1.53370581302e-06, 4.10270113207e-05, 5.59884597351e-07, 1.29662552695e-07, 7.2269830298e-07, 3.01591782659e-08, 4.1754137925e-08, 1.13990470396e-08, 2.7416648507e-08, 2.67340549698e-09, 5.05480768354e-09, 2.0521371269e-09, 6.05141603494e-10, 2.72603051243e-10, 1.36980399246e-10, 5.65797096674e-11, 1.84395866631e-11, 6.77203258748e-12, 2.65187849978e-12, 2.57518355598e-12, 1.68175651356e-12, 1.11849342722e-12, 6.53800527172e-13],
        "max": [0.0162599645555, 0.357311606407, 0.179038241506, 0.0327057689428, 0.0148716252297, 0.0612884685397, 0.0154383732006, 0.00661145616323, 0.0103252856061, 0.00284392340109, 0.00360927148722, 0.00147972465493, 0.00355485850014, 0.0003147101379, 0.00180658220779, 0.000327464134898, 0.000181097741006, 0.000100736237073, 0.000103090475022, 4.6815854148e-05, 4.41538686573e-05, 2.72776924248e-05, 2.80088497675e-05, 4.20054020651e-05, 2.71012777375e-05, 2.80320509773e-05, 1.20195791169e-05],
        "mean": [0.00244640512392, 0.0302390437573, 0.0115337017924, 0.00260378746316, 0.00249976827763, 0.0130180576816, 0.00102425890509, 0.000403507321607, 0.0009918223368, 0.000130412707222, 0.000153049681103, 9.45286519709e-05, 0.000194369276869, 3.67374959751e-05, 5.73641918891e-05, 3.41999912052e-05, 2.67399700533e-05, 1.50260302689e-05, 9.53499875322e-06, 7.72214025346e-06, 4.12452664023e-06, 2.61437389781e-06, 1.87435136922e-06, 1.35219761432e-06, 9.33258604618e-07, 7.9210047943e-07, 3.07200139105e-07],
        "median": [0.00106650299858, 0.0163615234196, 0.00603914167732, 0.00125145481434, 0.00174902484287, 0.00819632504135, 0.000303519016597, 0.000151268948684, 0.000573399534915, 3.47061250068e-05, 6.14050004515e-05, 2.69688862318e-05, 6.26547989668e-05, 1.24972784761e-05, 1.94708627532e-05, 1.61853058671e-05, 1.41584832818e-05, 6.56172505842e-06, 3.46588808497e-06, 2.46905392487e-06, 7.72197097376e-07, 2.86070616085e-07, 1.79984226634e-07, 1.50497740492e-07, 1.35453817052e-07, 1.14994136879e-07, 4.87777960245e-08],
        "min": [6.25430256458e-23, 2.61510151094e-23, 6.79026476101e-23, 2.80787245268e-23, 5.6059308446e-23, 4.80862565671e-23, 5.89205637473e-23, 4.84975118451e-23, 1.35975727041e-22, 1.13093043126e-22, 3.66876519379e-23, 1.11234146045e-22, 2.69869997252e-22, 1.03596584087e-22, 9.88705373369e-23, 1.63696501199e-22, 1.54922411558e-22, 1.87470711533e-22, 2.56298383751e-22, 2.3885796918e-22, 3.33450393921e-22, 5.64145659594e-22, 5.69149536844e-22, 9.14004385587e-22, 1.07865149573e-21, 1.4276001413e-21, 2.60424608438e-21],
        "stdev": [0.00318716024049, 0.0397995598614, 0.0175491329283, 0.0038908009883, 0.00242260261439, 0.0130031332374, 0.00192291941494, 0.000745600671507, 0.00132182578091, 0.000237545304117, 0.000353140290827, 0.000189000100363, 0.000422076205723, 4.93986044603e-05, 0.000127897132188, 4.56827547168e-05, 2.95113568427e-05, 1.78269201569e-05, 1.30581838675e-05, 9.82005713013e-06, 6.51172103971e-06, 4.54719520349e-06, 3.6198152884e-06, 3.1245451737e-06, 2.29654074246e-06, 2.24322116082e-06, 9.63376805885e-07],
        "var": [1.01579908005e-05, 0.00158400496002, 0.000307972048176, 1.51383328557e-05, 5.86900341659e-06, 0.000169081482454, 3.69761914953e-06, 5.5592033732e-07, 1.74722345037e-06, 5.6427769124e-08, 1.24708066096e-07, 3.57210403479e-08, 1.78148312102e-07, 2.44022202445e-09, 1.63576761025e-08, 2.08691397496e-09, 8.70920169316e-10, 3.17799064842e-10, 1.70516170628e-10, 9.64335139519e-11, 4.24025085877e-11, 2.06769826955e-11, 1.31030620382e-11, 9.76278259623e-12, 5.27409929965e-12, 5.03204162366e-12, 9.28094840563e-13]
    },
    "erbbands": {
        "dmean": [0.472414016724, 2.59616208076, 9.46307563782, 4.39299297333, 3.41331195831, 2.30539822578, 18.8054466248, 38.7896537781, 5.08278656006, 5.34554576874, 3.44458651543, 12.9008903503, 1.6218277216, 2.38101530075, 3.04753851891, 1.75140535831, 4.04519414902, 1.11856400967, 1.12801015377, 1.51978600025, 0.810598731041, 0.548368453979, 0.400462061167, 0.234983161092, 0.154321745038, 0.131024762988, 0.0656490921974, 0.0383335202932, 0.0263907723129, 0.0155721930787, 0.0121598560363, 0.0086994478479, 0.00493104849011, 0.00264966860414, 0.00185081770178, 0.000968448934145, 0.000564110639971, 0.000251883873716, 1.95500997506e-05, 2.12313971133e-05],
        "dmean2": [0.792422711849, 4.17389917374, 17.750125885, 7.91973352432, 4.34617614746, 3.40540266037, 23.7463493347, 50.0113372803, 6.6479883194, 6.86294555664, 4.61958932877, 17.6778202057, 2.37256240845, 3.29528355598, 3.85669970512, 2.27834296227, 4.94312286377, 1.76350021362, 1.61729753017, 2.47898244858, 1.34199082851, 0.880286753178, 0.665564894676, 0.409480154514, 0.265039175749, 0.220784246922, 0.10861825943, 0.0660819709301, 0.0438721142709, 0.0263301692903, 0.0207844357938, 0.0139575852081, 0.00794803444296, 0.00414788303897, 0.00309237278998, 0.00155677786097, 0.000928232620936, 0.00042118676356, 3.38840873155e-05, 3.65268751921e-05],
        "dvar": [0.391129076481, 21.0471553802, 452.300628662, 37.2663955688, 21.9704914093, 6.99973535538, 513.037841797, 1907.88171387, 63.0477867126, 95.1628417969, 30.147069931, 338.9815979, 4.05810260773, 21.6650905609, 36.0990867615, 11.6629228592, 59.262878418, 2.78975057602, 10.1343765259, 8.06759929657, 1.83653831482, 0.556268513203, 0.310458540916, 0.142135038972, 0.0679217651486, 0.0443408861756, 0.0171225983649, 0.00738980667666, 0.00371077796444, 0.00121304439381, 0.00102941389196, 0.00109111436177, 0.000271550408797, 6.60669247736e-05, 4.40983531007e-05, 9.8765904113e-06, 3.9417309381e-06, 8.41840687826e-07, 2.22341300926e-09, 1.1469831751e-09],
        "dvar2": [1.10332322121, 64.9665298462, 1751.02319336, 137.346466064, 29.6979370117, 16.3048458099, 738.661437988, 3064.68359375, 101.036338806, 139.356704712, 39.2781562805, 562.490356445, 9.76611042023, 37.6371574402, 43.641292572, 14.649055481, 67.8993453979, 7.34867477417, 12.3526964188, 21.6152172089, 4.95936870575, 1.4979903698, 0.866721570492, 0.400606334209, 0.191987782717, 0.127788931131, 0.0488615557551, 0.0197386424989, 0.0102289989591, 0.00339567568153, 0.00251400494017, 0.00213656947017, 0.000446397491032, 0.000118466145068, 0.00010895136802, 1.73663665919e-05, 8.10421261122e-06, 1.75667173608e-06, 4.85322226851e-09, 3.98180599603e-09],
        "max": [6.8258562088, 101.994606018, 268.068267822, 57.1020469666, 129.394592285, 49.9528045654, 258.432525635, 490.249786377, 226.803741455, 240.650695801, 181.223251343, 285.033416748, 23.1112270355, 103.788917542, 109.956726074, 75.4240722656, 177.41394043, 18.5224227905, 111.700088501, 30.3019828796, 17.7100429535, 8.35482025146, 5.74210119247, 5.09592580795, 3.37026453018, 2.51779055595, 1.96475601196, 1.54963350296, 1.16044676304, 0.757593631744, 0.869213044643, 1.03784883022, 0.551069498062, 0.280598759651, 0.211059704423, 0.103037945926, 0.0627057477832, 0.0254763625562, 0.00124198733829, 0.000573916360736],
        "mean": [0.838135719299, 6.63961744308, 16.0113220215, 8.41881847382, 10.9725637436, 7.74102926254, 55.2739295959, 106.855697632, 17.6004142761, 15.5774736404, 9.88356876373, 27.4030017853, 3.87967896461, 5.02715063095, 6.71889209747, 4.60966968536, 9.71072006226, 2.37104296684, 2.59591150284, 2.71956324577, 1.78838348389, 1.36872315407, 0.997109591961, 0.646554887295, 0.446218430996, 0.360491156578, 0.211647421122, 0.132739335299, 0.0975186303258, 0.0715671703219, 0.0504061244428, 0.032832171768, 0.0204298309982, 0.0113027337939, 0.00623453129083, 0.00310002593324, 0.00155626283959, 0.000663684564643, 5.43416390428e-05, 7.19010859029e-05],
        "median": [0.377630889416, 3.65552210808, 8.24398612976, 5.98369693756, 5.69356060028, 6.29587030411, 36.3650360107, 71.1926040649, 10.6052808762, 6.49664878845, 6.08318519592, 15.7128791809, 2.74303889275, 1.61837589741, 3.36146068573, 2.37071037292, 3.23187208176, 1.12783825397, 0.682072401047, 1.28354501724, 0.856247842312, 0.795150995255, 0.588624119759, 0.227265879512, 0.152165219188, 0.126795351505, 0.0418381616473, 0.0216198414564, 0.0117566045374, 0.00690118269995, 0.00506398547441, 0.00334583106451, 0.00253233755939, 0.00162358058151, 0.000980331911705, 0.000517026754096, 0.000242111971602, 0.000100946774182, 3.78319891752e-05, 5.98080805503e-05],
        "min": [1.24765008885e-21, 5.11182957105e-21, 4.99363604361e-20, 1.30817890092e-19, 8.44564653231e-20, 1.54696823693e-19, 5.8578330532e-19, 2.21282342688e-19, 6.49271795477e-19, 8.14116432151e-19, 1.61086941267e-18, 3.09082922159e-18, 3.53112650151e-18, 3.44333658233e-18, 1.51389530714e-18, 5.40325749853e-18, 1.18640447307e-17, 6.74666622854e-18, 4.28147402927e-18, 6.94601344744e-18, 9.53089826775e-18, 9.60200767629e-18, 9.62412731305e-18, 1.17429463162e-17, 1.31462499536e-17, 1.13216499953e-17, 1.48329167175e-17, 1.25540994772e-17, 1.81387936664e-17, 2.04010366888e-17, 1.46741542882e-17, 1.91097217258e-17, 1.4297166724e-17, 9.98646633575e-18, 8.91045738723e-18, 5.53785839576e-18, 2.55081283729e-18, 1.33059125622e-18, 3.51072073128e-19, 3.63449784094e-20],
        "stdev": [1.11885917187, 10.2325220108, 26.3361091614, 8.1346282959, 14.5733442307, 6.65246963501, 54.3817901611, 105.294807434, 26.9865493774, 26.853302002, 15.5096578598, 36.6732330322, 3.52415132523, 8.7550535202, 11.4265546799, 8.09358787537, 20.9885654449, 2.75347757339, 7.41711902618, 3.89276504517, 2.34077453613, 1.44657409191, 1.04472088814, 0.838805198669, 0.57372200489, 0.453618973494, 0.318076699972, 0.219251573086, 0.170300662518, 0.128891736269, 0.0987936332822, 0.0746761709452, 0.0468884930015, 0.0264314487576, 0.0158924851567, 0.00797178503126, 0.00463654845953, 0.00196028966457, 8.76626509125e-05, 6.32359078736e-05],
        "var": [1.25184595585, 104.70450592, 693.590637207, 66.1721801758, 212.382354736, 44.2553520203, 2957.37890625, 11086.9960938, 728.273864746, 721.099853516, 240.549499512, 1344.92614746, 12.4196424484, 76.650970459, 130.566162109, 65.5061721802, 440.519866943, 7.58163928986, 55.0136566162, 15.1536197662, 5.47922563553, 2.09257674217, 1.09144163132, 0.703594207764, 0.329156935215, 0.205770164728, 0.101172782481, 0.0480712540448, 0.0290023181587, 0.016613079235, 0.00976018141955, 0.00557653000578, 0.00219853082672, 0.000698621443007, 0.000252571102465, 6.35493634036e-05, 2.14975807467e-05, 3.84273562304e-06, 7.68473995549e-09, 3.99877997381e-09]
    },
    "gfcc": {
        "mean": [-95.2239303589, 184.029663086, -72.188583374, 13.8015108109, -26.6721038818, -3.87077021599, -23.955663681, 3.20216989517, -10.8994617462, 2.07760429382, -0.883366942406, 0.551134049892, -3.42241001129],
        "cov": [[8613.17871094, 240.128234863, -440.738891602, 297.870941162, -171.123886108, 110.621635437, -214.870697021, 7.64707899094, -141.067520142, -5.84830093384, -237.168640137, 8.16283512115, -127.716339111], [240.128234863, 1897.75646973, 631.138244629, -474.024627686, 206.91545105, -470.798461914, 47.0640449524, -177.434371948, 5.98075056076, -174.81690979, 317.382843018, 1.49171411991, 236.723205566], [-440.738891602, 631.138244629, 472.950195312, -143.293121338, 124.73299408, -156.370773315, 45.1405715942, -68.5933074951, 16.6465320587, -75.8330993652, 109.346183777, -1.67117023468, 103.260597229], [297.870941162, -474.024627686, -143.293121338, 258.51864624, -1.62507379055, 128.670883179, -4.0933175087, 50.6081733704, 8.56919288635, 39.1545410156, -91.1030578613, -19.600276947, -46.4629554749], [-171.123886108, 206.91545105, 124.73299408, -1.62507379055, 114.463775635, -29.0479640961, 34.3099784851, -22.1508541107, 22.9515304565, -17.7187614441, 51.4565734863, -6.80372571945, 40.7766914368], [110.621635437, -470.798461914, -156.370773315, 128.670883179, -29.0479640961, 194.359390259, 16.3186702728, 48.7682304382, 0.681308627129, 44.5794219971, -81.6484069824, -10.2279043198, -77.3665390015], [-214.870697021, 47.0640449524, 45.1405715942, -4.0933175087, 34.3099784851, 16.3186702728, 72.0349121094, 29.73046875, 24.6120548248, -1.13339483738, 17.5062179565, -13.2592182159, 4.50979804993], [7.64707899094, -177.434371948, -68.5933074951, 50.6081733704, -22.1508541107, 48.7682304382, 29.73046875, 83.9122467041, 37.0556678772, 20.4945697784, -42.7095527649, -8.30123233795, -24.4044532776], [-141.067520142, 5.98075056076, 16.6465320587, 8.56919288635, 22.9515304565, 0.681308627129, 24.6120548248, 37.0556678772, 70.0763168335, 26.1571044922, 19.6507415771, -0.281686365604, 18.0784454346], [-5.84830093384, -174.81690979, -75.8330993652, 39.1545410156, -17.7187614441, 44.5794219971, -1.13339483738, 20.4945697784, 26.1571044922, 61.3791732788, 2.40647554398, 7.67630052567, -16.6753444672], [-237.168640137, 317.382843018, 109.346183777, -91.1030578613, 51.4565734863, -81.6484069824, 17.5062179565, -42.7095527649, 19.6507415771, 2.40647554398, 127.543830872, 26.4972820282, 52.2290077209], [8.16283512115, 1.49171411991, -1.67117023468, -19.600276947, -6.80372571945, -10.2279043198, -13.2592182159, -8.30123233795, -0.281686365604, 7.67630052567, 26.4972820282, 45.238910675, 22.5345001221], [-127.716339111, 236.723205566, 103.260597229, -46.4629554749, 40.7766914368, -77.3665390015, 4.50979804993, -24.4044532776, 18.0784454346, -16.6753444672, 52.2290077209, 22.5345001221, 87.32006073]],
        "icov": [[0.000294831785141, -0.00114878045861, 0.000255444290815, -0.001155361766, 0.000513697159477, -0.000749974627979, 0.00057840248337, -0.000166773548699, 0.000286071328446, -0.00117664725985, 0.00148260523565, -0.00156572682317, 0.000881192856468], [-0.00114878045861, 0.00826617144048, -0.00144376407843, 0.00735251279548, -0.00383033277467, 0.00586027931422, -0.00183334341273, 0.000423844816396, -0.000953131937422, 0.00929166004062, -0.0103899650276, 0.0107846474275, -0.00587283167988], [0.000255444290815, -0.00144376407843, 0.00526937050745, -0.000456176785519, -0.0018041532021, 0.000508711033035, -0.00227677682415, 0.00296115712263, -0.0020435822662, 0.00179818365723, 0.00228132051416, -0.00190923700575, -5.33239217475e-05], [-0.001155361766, 0.00735251279548, -0.000456176785519, 0.0149793401361, -0.00859255716205, 0.00193863187451, 0.00134051404893, -0.00292938482016, 0.00120611523744, 0.00401729671285, -0.0054185250774, 0.0116902645677, -0.00752860959619], [0.000513697159477, -0.00383033277467, -0.0018041532021, -0.00859255716205, 0.0232153981924, -0.0052829743363, -0.00547347730026, 0.00792820286006, -0.00747025758028, 0.00329253845848, -0.0018610676052, -0.00069566431921, -0.000858603452798], [-0.000749974627979, 0.00586027931422, 0.000508711033035, 0.00193863187451, -0.0052829743363, 0.0210374537855, -0.0116490805522, 0.00611673714593, -0.00224741268903, -0.000180638366146, 0.00237600272521, -0.00209979433566, 0.00641506165266], [0.00057840248337, -0.00183334341273, -0.00227677682415, 0.00134051404893, -0.00547347730026, -0.0116490805522, 0.0359186828136, -0.0233480148017, 0.0073124920018, 0.00107453542296, -0.0111868493259, 0.0119598666206, -0.00462780427188], [-0.000166773548699, 0.000423844816396, 0.00296115712263, -0.00292938482016, 0.00792820286006, 0.00611673714593, -0.0233480148017, 0.0437349677086, -0.0263967886567, 0.00398467062041, 0.0154102509841, -0.0115817049518, 0.00869032740593], [0.000286071328446, -0.000953131937422, -0.0020435822662, 0.00120611523744, -0.00747025758028, -0.00224741268903, 0.0073124920018, -0.0263967886567, 0.0405126139522, -0.018530767411, -0.00599694857374, 0.00832653045654, -0.0106853460893], [-0.00117664725985, 0.00929166004062, 0.00179818365723, 0.00401729671285, 0.00329253845848, -0.000180638366146, 0.00107453542296, 0.00398467062041, -0.018530767411, 0.0487852208316, -0.0230757184327, 0.00989896059036, -0.00313810515217], [0.00148260523565, -0.0103899650276, 0.00228132051416, -0.0054185250774, -0.0018610676052, 0.00237600272521, -0.0111868493259, 0.0154102509841, -0.00599694857374, -0.0230757184327, 0.0421934165061, -0.0290491450578, 0.0117076830938], [-0.00156572682317, 0.0107846474275, -0.00190923700575, 0.0116902645677, -0.00069566431921, -0.00209979433566, 0.0119598666206, -0.0115817049518, 0.00832653045654, 0.00989896059036, -0.0290491450578, 0.0558172054589, -0.0253019481897], [0.000881192856468, -0.00587283167988, -5.33239217475e-05, -0.00752860959619, -0.000858603452798, 0.00641506165266, -0.00462780427188, 0.00869032740593, -0.0106853460893, -0.00313810515217, 0.0117076830938, -0.0253019481897, 0.0346116311848]]
    },
    "melbands": {
        "dmean": [0.00361918332055, 0.00389534421265, 0.000756032823119, 0.000189210884855, 0.000559172651265, 0.000856162572745, 6.60911391606e-05, 5.51201192138e-05, 4.32924607594e-05, 7.02430770616e-05, 6.54870336803e-06, 9.73839905782e-06, 1.13631949716e-05, 5.9420344769e-06, 8.21593494038e-06, 5.43191754332e-06, 2.15143268179e-06, 1.84315422302e-06, 1.64435516581e-06, 1.68853000559e-06, 9.48554713887e-07, 6.90688409577e-07, 5.20350397437e-07, 3.39650654269e-07, 2.08935233559e-07, 1.43494048643e-07, 1.26527751831e-07, 9.27395262806e-08, 5.55391785895e-08, 3.22678772591e-08, 2.60533798979e-08, 1.7996654833e-08, 1.3015534428e-08, 1.03949044927e-08, 8.68891802952e-09, 6.81297551708e-09, 6.27192697777e-09, 4.47863213182e-09, 3.2422240448e-09, 2.67198529968e-09],
        "dmean2": [0.00595466978848, 0.00702970381826, 0.00130500888918, 0.000265785114607, 0.000697986688465, 0.00108470965642, 8.76510312082e-05, 7.12297842256e-05, 5.85277593927e-05, 9.67772575677e-05, 9.89108139038e-06, 1.36514627229e-05, 1.41906211866e-05, 8.27350504551e-06, 1.00736824606e-05, 6.91548166287e-06, 3.52373103851e-06, 2.67234895546e-06, 2.59935040958e-06, 2.74241847364e-06, 1.58381840265e-06, 1.11599354113e-06, 8.44078840601e-07, 5.84678446103e-07, 3.61781957281e-07, 2.45887605388e-07, 2.2052702775e-07, 1.56379869054e-07, 9.28091026253e-08, 5.44240350564e-08, 4.55485924533e-08, 2.96863866822e-08, 2.23541132272e-08, 1.81092705276e-08, 1.46246943444e-08, 1.12823057563e-08, 1.03375734639e-08, 7.35963645582e-09, 5.25577581456e-09, 4.44997105831e-09],
        "dvar": [2.3322620109e-05, 7.36187939765e-05, 1.0415125189e-06, 4.9418943604e-08, 4.40376879851e-07, 9.50813955569e-07, 1.54508370542e-08, 9.04946073632e-09, 3.8626333243e-09, 9.93128601579e-09, 9.51374118374e-11, 3.97193056223e-10, 7.64404595177e-10, 1.24165053239e-10, 2.13921921843e-10, 9.3936067258e-11, 1.30777472185e-11, 2.37900185662e-11, 8.63591750194e-12, 9.20056305448e-12, 2.40821555406e-12, 1.04101330421e-12, 4.90266464578e-13, 2.88666416074e-13, 1.18151609373e-13, 6.19581426095e-14, 4.22204927812e-14, 2.30711479923e-14, 1.1493766991e-14, 4.5816630451e-15, 3.39789998472e-15, 1.66800893759e-15, 8.48126519729e-16, 5.76581097608e-16, 4.67115006428e-16, 3.35159290526e-16, 7.40320295488e-16, 1.90069362629e-16, 1.06357678787e-16, 7.93560352864e-17],
        "dvar2": [6.34661628283e-05, 0.000278617226286, 3.67325151274e-06, 9.87900392602e-08, 6.16776958395e-07, 1.45014178088e-06, 2.42015794072e-08, 1.3818858946e-08, 5.97339600006e-09, 1.65837068522e-08, 2.30511693067e-10, 7.07504888009e-10, 8.83762840687e-10, 1.92815707845e-10, 2.4489268946e-10, 1.11804530911e-10, 3.45462929097e-11, 3.09869629955e-11, 1.86520954931e-11, 2.44078472711e-11, 6.73482060051e-12, 2.90129313803e-12, 1.03446309678e-12, 8.46188407972e-13, 3.32596580485e-13, 1.77598265413e-13, 1.20952632133e-13, 6.82450989708e-14, 3.32570444437e-14, 1.30497470333e-14, 9.52133049459e-15, 4.59826870252e-15, 2.5111901084e-15, 1.63935868342e-15, 1.27450802936e-15, 7.15402386125e-16, 1.6633430566e-15, 3.5390637958e-16, 2.34844675656e-16, 2.23797195502e-16],
        "max": [0.061928793788, 0.137110635638, 0.0122828781605, 0.00473468145356, 0.00765574723482, 0.0111212907359, 0.00353857246228, 0.00218733749352, 0.00136684044264, 0.00153233867604, 0.000108493179141, 0.000462118943688, 0.000533364305738, 0.000170261075255, 0.000328783207806, 0.000224207338761, 3.88771768485e-05, 0.00016631372273, 6.64968174533e-05, 3.46007873304e-05, 1.94983913389e-05, 1.04040827864e-05, 1.23336385514e-05, 5.42900716027e-06, 4.65309085484e-06, 3.20587969327e-06, 2.2982981136e-06, 1.68061967543e-06, 1.42832811889e-06, 8.79252297636e-07, 9.50022865709e-07, 6.74313014315e-07, 4.66601449034e-07, 4.1968195319e-07, 4.84016595692e-07, 4.8495928695e-07, 7.66248035688e-07, 4.25578775776e-07, 2.97912322367e-07, 2.38023559973e-07],
        "mean": [0.00779385445639, 0.00837775412947, 0.00168629561085, 0.000623320462182, 0.00170185195748, 0.00240520527586, 0.000214254090679, 0.000151361571625, 0.000110139801109, 0.00014793984883, 1.31425604195e-05, 1.97632471099e-05, 2.37995209318e-05, 1.31071710712e-05, 1.98517318495e-05, 1.31250562845e-05, 3.81631389246e-06, 3.86879946745e-06, 3.4748395592e-06, 3.18542311106e-06, 1.85799410701e-06, 1.42145734117e-06, 1.22116625789e-06, 7.17679824902e-07, 5.00001647197e-07, 3.43865451669e-07, 2.99125815673e-07, 2.19768324428e-07, 1.45323966194e-07, 9.33558297334e-08, 7.06781193571e-08, 5.66553914894e-08, 4.57489051087e-08, 3.71616764028e-08, 2.93772188797e-08, 2.4879804883e-08, 1.81944450617e-08, 1.48233647579e-08, 1.16782370441e-08, 8.71698890847e-09],
        "median": [0.00420562084764, 0.0048159440048, 0.00119723007083, 0.000421579054091, 0.00114473898429, 0.00156148348469, 6.50252404739e-05, 6.08461996308e-05, 6.52976232232e-05, 8.39121130412e-05, 6.41601400275e-06, 5.15157807968e-06, 1.02735521068e-05, 4.2618594307e-06, 7.00200507708e-06, 5.01489648741e-06, 1.22074629871e-06, 1.0168865856e-06, 1.25657618355e-06, 1.57291697178e-06, 7.41761880363e-07, 7.17357920621e-07, 7.56498650389e-07, 2.72570332527e-07, 1.57067916007e-07, 1.15846681581e-07, 1.04350455388e-07, 7.5678030953e-08, 2.97308417885e-08, 1.5338322612e-08, 1.14244453897e-08, 7.06128089334e-09, 4.452592961e-09, 3.61032137519e-09, 2.89615553761e-09, 2.36219555028e-09, 1.97211802444e-09, 1.7563351884e-09, 1.57419122182e-09, 1.27921684356e-09],
        "min": [1.15813142812e-23, 2.12523797923e-23, 1.97365898738e-23, 7.23527208392e-24, 1.77832976973e-23, 5.66330067505e-24, 1.13982669968e-23, 7.9801697709e-24, 1.49361566954e-23, 2.03818970269e-23, 1.65196939884e-23, 1.36759403552e-23, 4.40407238319e-24, 9.26445662384e-24, 2.537846627e-23, 2.26975887479e-23, 1.19434550792e-23, 6.58574452495e-24, 7.79673673347e-24, 1.01709335346e-23, 1.10144151689e-23, 9.30988870109e-24, 1.24027788076e-23, 6.21038281257e-24, 9.90772141609e-24, 9.66615879628e-24, 8.63192191762e-24, 7.11856326844e-24, 9.33607967201e-24, 6.64113833771e-24, 7.95761308217e-24, 8.61194164862e-24, 1.32738279751e-23, 1.05979171213e-23, 6.85281180669e-24, 1.12325541418e-23, 1.22836631775e-23, 1.03599122642e-23, 9.46299319216e-24, 7.59959566009e-24],
