{
"metadata": {
    "version": {
        "essentia": "2.1-beta6-dev",
        "essentia_git_sha": "v2.1_beta5-778-gc9eadba6",
        "extractor": "music 2.0"
    },
    "audio_properties": {
        "analysis": {
            "equal_loudness": 0,
            "length": 7.99997711182,
            "sample_rate": 44100,
            "start_time": 0,
            "downmix": "mix"
        },
        "bit_rate": 128000,
        "length": 8,
        "lossless": 0,
        "number_channels": 2,
        "replay_gain": 1.39395713806,
        "sample_rate": 48000,
        "codec": "mp3",
        "md5_encoded": "ecea20ea7f1b95d370ce5930ca9cf88c"
    },
    "tags": {
        "file_name": "interstellar-cornfieldchase2.mp3",
        "encoding": ["Lavf59.16.100"]
    }
},
"lowlevel": {
    "average_loudness": 0.979806959629,
    "barkbands_crest": {
        "dmean": 2.99623608589,
        "dmean2": 4.54934263229,
        "dvar": 4.6762804985,
        "dvar2": 11.4389829636,
        "max": 24.154914856,
        "mean": 14.1900234222,
        "median": 14.0254507065,
        "min": 4.87786579132,
        "stdev": 4.08236932755,
        "var": 16.6657390594
    },
    "barkbands_flatness_db": {
        "dmean": 0.01917552948,
        "dmean2": 0.0281951315701,
        "dvar": 0.000257195759332,
        "dvar2": 0.000459588103695,
        "max": 0.476685374975,
        "mean": 0.355978339911,
        "median": 0.369410514832,
        "min": 0.122107818723,
        "stdev": 0.0629489123821,
        "var": 0.0039625656791
    },
    "barkbands_kurtosis": {
        "dmean": 2.09717464447,
        "dmean2": 3.3135831356,
        "dvar": 8.45352172852,
        "dvar2": 13.3808221817,
        "max": 47.8534049988,
        "mean": 2.541036129,
        "median": 1.86865115166,
        "min": -1.38548827171,
        "stdev": 3.57290625572,
        "var": 12.7656593323
    },
    "barkbands_skewness": {
        "dmean": 0.596604704857,
        "dmean2": 0.877991855145,
        "dvar": 0.237333595753,
        "dvar2": 0.507174432278,
        "max": 4.81255865097,
        "mean": 0.0802659466863,
        "median": -0.0150948669761,
        "min": -2.539093256,
        "stdev": 1.08199620247,
        "var": 1.17071568966
    },
    "barkbands_spread": {
        "dmean": 1.11603796482,
        "dmean2": 1.86330080032,
        "dvar": 1.14199972153,
        "dvar2": 2.9282617569,
        "max": 17.0377521515,
        "mean": 4.20593357086,
        "median": 3.52263593674,
        "min": 0.793877542019,
        "stdev": 2.34937953949,
        "var": 5.51958465576
    },
    "dissonance": {
        "dmean": 0.0677843764424,
        "dmean2": 0.116056807339,
        "dvar": 0.00343207130209,
        "dvar2": 0.00968899112195,
        "max": 0.468932002783,
        "mean": 0.341185212135,
        "median": 0.352556496859,
        "min": 0.105552539229,
        "stdev": 0.082896694541,
        "var": 0.00687186233699
    },
    "dynamic_complexity": 3.51004505157,
    "erbbands_crest": {
        "dmean": 3.31828427315,
        "dmean2": 5.08112192154,
        "dvar": 7.45478963852,
        "dvar2": 14.2957725525,
        "max": 30.0955810547,
        "mean": 16.0085163116,
        "median": 14.813158989,
        "min": 6.96864652634,
        "stdev": 5.29813575745,
        "var": 28.0702400208
    },
    "erbbands_flatness_db": {
        "dmean": 0.0164694264531,
        "dmean2": 0.0241292305291,
        "dvar": 0.000233714526985,
        "dvar2": 0.000365783489542,
        "max": 0.496064782143,
        "mean": 0.400569289923,
        "median": 0.424306571484,
        "min": 0.140243336558,
        "stdev": 0.0758208855987,
        "var": 0.0057488065213
    },
    "erbbands_kurtosis": {
        "dmean": 1.3525851965,
        "dmean2": 2.07512426376,
        "dvar": 3.080119133,
        "dvar2": 5.4925160408,
        "max": 22.5193386078,
        "mean": 1.08808636665,
        "median": 0.441420197487,
        "min": -1.64887297153,
        "stdev": 2.37096476555,
        "var": 5.62147426605
    },
    "erbbands_skewness": {
        "dmean": 0.418456017971,
        "dmean2": 0.621700942516,
        "dvar": 0.131073340774,
        "dvar2": 0.28547552228,
        "max": 3.71162390709,
        "mean": 0.143001884222,
        "median": 0.0959555506706,
        "min": -1.4831854105,
        "stdev": 0.6794231534,
        "var": 0.461615860462
    },
    "erbbands_spread": {
        "dmean": 1.68180584908,
        "dmean2": 2.67482733727,
        "dvar": 2.50317549706,
        "dvar2": 5.66259050369,
        "max": 28.2520275116,
        "mean": 7.66660070419,
        "median": 5.7465877533,
        "min": 1.32821428776,
        "stdev": 5.85442256927,
        "var": 34.2742614746
    },
    "hfc": {
        "dmean": 4.31146907806,
        "dmean2": 5.42261219025,
        "dvar": 24.6184444427,
        "dvar2": 41.1878051758,
        "max": 61.379524231,
        "mean": 12.3886985779,
        "median": 10.6554508209,
        "min": 2.01763600671e-06,
        "stdev": 10.0039262772,
        "var": 100.078544617
    },
    "loudness_ebu128": {
        "integrated": -23.9163856506,
        "loudness_range": 0.895658493042,
        "momentary": {
            "dmean": 0.709238946438,
            "dmean2": 0.686320066452,
            "dvar": 0.551316082478,
            "dvar2": 0.381539911032,
            "max": -21.9391498566,
            "mean": -25.4112968445,
            "median": -23.8509273529,
            "min": -42.045501709,
            "stdev": 4.30176591873,
            "var": 18.5051879883
        },
        "short_term": {
            "dmean": 0.0764325335622,
            "dmean2": 0.0618175193667,
            "dvar": 0.0041807545349,
            "dvar2": 0.00300421495922,
            "max": -23.2909183502,
            "mean": -23.6858863831,
            "median": -23.56823349,
            "min": -24.913936615,
            "stdev": 0.382582247257,
            "var": 0.146369174123
        }
    },
    "melbands_crest": {
        "dmean": 2.9282283783,
        "dmean2": 4.58385372162,
        "dvar": 4.44934368134,
        "dvar2": 13.2941427231,
        "max": 24.6940593719,
        "mean": 14.6043424606,
        "median": 14.2417898178,
        "min": 6.95774078369,
        "stdev": 3.35534930229,
        "var": 11.2583684921
    },
    "melbands_flatness_db": {
        "dmean": 0.0202197898179,
        "dmean2": 0.0298254564404,
        "dvar": 0.000288779701805,
        "dvar2": 0.000545623886865,
        "max": 0.59313505888,
        "mean": 0.469828158617,
        "median": 0.485300421715,
        "min": 0.228387832642,
        "stdev": 0.0680315047503,
        "var": 0.00462828576565
    },
    "melbands_kurtosis": {
        "dmean": 1.94042062759,
        "dmean2": 3.11499047279,
        "dvar": 7.40628671646,
        "dvar2": 15.0220365524,
        "max": 36.1672782898,
        "mean": 2.24757051468,
        "median": 0.846896767616,
        "min": -1.54022681713,
        "stdev": 3.91640043259,
        "var": 15.3381929398
    },
    "melbands_skewness": {
        "dmean": 0.538740932941,
        "dmean2": 0.766805410385,
        "dvar": 0.183105453849,
        "dvar2": 0.364086210728,
        "max": 3.48487091064,
        "mean": 0.625659704208,
        "median": 0.561372518539,
        "min": -2.09545588493,
        "stdev": 1.04293346405,
        "var": 1.08771026134
    },
    "melbands_spread": {
        "dmean": 1.53843998909,
        "dmean2": 2.38860011101,
        "dvar": 1.87216031551,
        "dvar2": 5.01155042648,
        "max": 20.6771888733,
        "mean": 6.25667858124,
        "median": 5.7256155014,
        "min": 1.51555788517,
        "stdev": 2.73207139969,
        "var": 7.46421432495
    },
    "pitch_salience": {
        "dmean": 0.0748320966959,
        "dmean2": 0.120370656252,
        "dvar": 0.00415531685576,
        "dvar2": 0.0109700160101,
        "max": 0.735602259636,
        "mean": 0.521919727325,
        "median": 0.5189037323,
        "min": 0.228128403425,
        "stdev": 0.0917614325881,
        "var": 0.00842016097158
    },
    "silence_rate_20dB": {
        "dmean": 0,
        "dmean2": 0,
        "dvar": 0,
        "dvar2": 0,
        "max": 1,
        "mean": 1,
        "median": 1,
        "min": 1,
        "stdev": 0,
        "var": 0
    },
    "silence_rate_30dB": {
        "dmean": 0,
        "dmean2": 0,
        "dvar": 0,
        "dvar2": 0,
        "max": 1,
        "mean": 1,
        "median": 1,
        "min": 1,
        "stdev": 0,
        "var": 0
    },
    "silence_rate_60dB": {
        "dmean": 0.0173913035542,
        "dmean2": 0.0348837226629,
        "dvar": 0.0170889180154,
        "dvar2": 0.0336668603122,
        "max": 1,
        "mean": 0.150289013982,
        "median": 0,
        "min": 0,
        "stdev": 0.357354491949,
        "var": 0.127702236176
    },
    "spectral_centroid": {
        "dmean": 55.9975700378,
        "dmean2": 79.389503479,
        "dvar": 2094.34033203,
        "dvar2": 4339.01220703,
        "max": 810.823547363,
        "mean": 527.147766113,
        "median": 525.850219727,
        "min": 351.5753479,
        "stdev": 88.5931777954,
        "var": 7848.75048828
    },
    "spectral_complexity": {
        "dmean": 1.43768119812,
        "dmean2": 2.26744174957,
        "dvar": 1.33017146587,
        "dvar2": 3.32963585854,
        "max": 14,
        "mean": 7.40751457214,
        "median": 8,
        "min": 0,
        "stdev": 2.75887441635,
        "var": 7.61138868332
    },
    "spectral_decrease": {
        "dmean": 1.97424698811e-09,
        "dmean2": 2.40931874451e-09,
        "dvar": 5.31235820743e-18,
        "dvar2": 7.65543166491e-18,
        "max": -1.24259458076e-15,
        "mean": -6.10656236688e-09,
        "median": -5.24429477622e-09,
        "min": -2.75874860733e-08,
        "stdev": 4.80935113956e-09,
        "var": 2.31298575531e-17
    },
    "spectral_energy": {
        "dmean": 0.00782802328467,
        "dmean2": 0.0095475949347,
        "dvar": 8.30643330119e-05,
        "dvar2": 0.000120787066408,
        "max": 0.107937663794,
        "mean": 0.0241712015122,
        "median": 0.0208591036499,
        "min": 4.87285189976e-09,
        "stdev": 0.0190224330872,
        "var": 0.000361852959031
    },
    "spectral_energyband_high": {
        "dmean": 1.13319970296e-07,
        "dmean2": 1.83267829357e-07,
        "dvar": 4.77435507849e-14,
        "dvar2": 1.51134096557e-13,
        "max": 4.27865370511e-06,
        "mean": 4.38072987663e-07,
        "median": 2.62068738266e-07,
        "min": 2.31554532493e-11,
        "stdev": 5.93148172356e-07,
        "var": 3.51824743384e-13
    },
    "spectral_energyband_low": {
        "dmean": 0.00030414928915,
        "dmean2": 0.000537627667654,
        "dvar": 3.1317210869e-07,
        "dvar2": 9.80646518656e-07,
        "max": 0.0096204187721,
        "mean": 0.000763597490732,
        "median": 0.000298360711895,
        "min": 1.02656362577e-10,
        "stdev": 0.0014578201808,
        "var": 2.12523968912e-06
    },
    "spectral_energyband_middle_high": {
        "dmean": 0.00149543618318,
        "dmean2": 0.00246216659434,
        "dvar": 3.70969337382e-06,
        "dvar2": 9.30272017285e-06,
        "max": 0.0152153745294,
        "mean": 0.00211822520941,
        "median": 0.00135965552181,
        "min": 6.492414939e-11,
        "stdev": 0.00242383894511,
        "var": 5.87499471294e-06
    },
    "spectral_energyband_middle_low": {
        "dmean": 0.00706636998802,
        "dmean2": 0.00845475774258,
        "dvar": 7.16197610018e-05,
        "dvar2": 9.56670046435e-05,
        "max": 0.100973583758,
        "mean": 0.0211771149188,
        "median": 0.0176563914865,
        "min": 4.6310368873e-09,
        "stdev": 0.0179094169289,
        "var": 0.000320747203659
    },
    "spectral_entropy": {
        "dmean": 0.15263850987,
        "dmean2": 0.219502583146,
        "dvar": 0.0214396063238,
        "dvar2": 0.0358964540064,
        "max": 7.38659763336,
        "mean": 5.47572374344,
        "median": 5.3282699585,
        "min": 4.52467632294,
        "stdev": 0.570644080639,
        "var": 0.325634688139
    },
    "spectral_flux": {
        "dmean": 0.0177665129304,
        "dmean2": 0.0292251128703,
        "dvar": 0.000283492961898,
        "dvar2": 0.000718396331649,
        "max": 0.147887289524,
        "mean": 0.05877045542,
        "median": 0.0582698397338,
        "min": 0.000369265937479,
        "stdev": 0.0296485871077,
        "var": 0.000879038765561
    },
    "spectral_kurtosis": {
        "dmean": 31.5298938751,
        "dmean2": 53.3553199768,
        "dvar": 764.512695312,
        "dvar2": 2339.22802734,
        "max": 270.782714844,
        "mean": 132.15007019,
        "median": 148.198577881,
        "min": 3.98484611511,
        "stdev": 63.6051902771,
        "var": 4045.62036133
    },
    "spectral_rms": {
        "dmean": 0.000719637493603,
        "dmean2": 0.000885545276105,
        "dvar": 4.51605558283e-07,
        "dvar2": 6.32471767403e-07,
        "max": 0.0102618243545,
        "mean": 0.0043999212794,
        "median": 0.00451113563031,
        "min": 2.18036734623e-06,
        "stdev": 0.00205484172329,
        "var": 4.22237417297e-06
    },
    "spectral_rolloff": {
        "dmean": 85.94556427,
        "dmean2": 153.173614502,
        "dvar": 14441.2177734,
        "dvar2": 34237.5273438,
        "max": 1055.12695312,
        "mean": 682.715209961,
        "median": 667.529296875,
        "min": 322.998046875,
        "stdev": 168.179367065,
        "var": 28284.3007812
    },
    "spectral_skewness": {
        "dmean": 1.43099880219,
        "dmean2": 2.48249053955,
        "dvar": 1.45856297016,
        "dvar2": 4.35152053833,
        "max": 13.0431127548,
        "mean": 8.54843616486,
        "median": 9.40065193176,
        "min": 1.53331530094,
        "stdev": 3.04945206642,
        "var": 9.29915809631
    },
    "spectral_spread": {
        "dmean": 291967.3125,
        "dmean2": 474468.78125,
        "dvar": 280593367040,
        "dvar2": 303558459392,
        "max": 11521895,
        "mean": 1023505.5625,
        "median": 810934.0625,
        "min": 350430.09375,
        "stdev": 823420.6875,
        "var": 678021627904
    },
    "spectral_strongpeak": {
        "dmean": 0.569775283337,
        "dmean2": 0.860806763172,
        "dvar": 0.422064393759,
        "dvar2": 0.822968959808,
        "max": 6.48925876617,
        "mean": 1.81393647194,
        "median": 1.5971596241,
        "min": 0.000178087720997,
        "stdev": 1.32116281986,
        "var": 1.74547123909
    },
    "zerocrossingrate": {
        "dmean": 0.00275135878474,
        "dmean2": 0.00332144810818,
        "dvar": 5.14430030307e-06,
        "dvar2": 8.36167509988e-06,
        "max": 0.041015625,
        "mean": 0.0243251565844,
        "median": 0.024658203125,
        "min": 0.01123046875,
        "stdev": 0.00505774049088,
        "var": 2.55807390204e-05
    },
    "barkbands": {
        "dmean": [0.000273251178442, 0.000187468729564, 0.000131082109874, 6.2344573962e-05, 0.000126089536934, 0.00454071024433, 0.00071451155236, 0.000980939134024, 0.00381878600456, 0.000373028073227, 0.00111923238728, 9.88988686004e-05, 3.20451181324e-05, 2.9593227282e-06, 5.58516103411e-06, 3.85138582715e-06, 9.18260127492e-07, 4.84522274746e-07, 3.00943298726e-07, 1.2393483928e-07, 5.04887402997e-08, 1.42449003704e-08, 5.10644326823e-09, 3.97539290375e-09, 3.40815176081e-09, 2.76306644231e-09, 3.32509593193e-08],
        "dmean2": [0.000510945916176, 0.000315633806167, 0.00024470302742, 0.000115082824777, 0.00021500857838, 0.0057131559588, 0.00099405949004, 0.001338402275, 0.00492771528661, 0.000581058789976, 0.00192209368106, 0.000170818777406, 4.57110400021e-05, 4.74656053484e-06, 9.22607159737e-06, 6.1849773374e-06, 1.54086706061e-06, 8.34821548779e-07, 4.67218455924e-07, 2.14042358948e-07, 8.71235030786e-08, 2.34815136224e-08, 8.91434037698e-09, 6.71707267585e-09, 5.8938831593e-09, 4.77906469953e-09, 5.70042573145e-08],
        "dvar": [1.22120098922e-07, 1.46477518115e-07, 1.61699603041e-07, 2.319275616e-08, 3.03474649854e-08, 4.25365942647e-05, 2.56696989709e-06, 2.71187650469e-06, 2.94520232273e-05, 1.61846014635e-06, 2.2053277462e-06, 2.62080828151e-08, 1.51299250906e-09, 1.53397832631e-11, 7.45469588836e-11, 2.06769410621e-11, 3.22240845119e-12, 1.08801054104e-12, 2.54452329432e-13, 1.04125956718e-13, 1.57299778129e-14, 1.03884684041e-15, 7.32002431946e-17, 2.07959939246e-17, 9.68475468886e-18, 7.59835123956e-18, 1.47369661487e-15],
        "dvar2": [4.074643698e-07, 4.38841681216e-07, 5.32983335688e-07, 8.33532567412e-08, 8.42941503265e-08, 5.49161341041e-05, 4.6444461077e-06, 3.94355265598e-06, 4.3791893404e-05, 3.23014319292e-06, 5.88090006204e-06, 6.84352343683e-08, 2.43942088751e-09, 3.95711449719e-11, 1.94525021091e-10, 5.38256765548e-11, 9.94775008895e-12, 3.42963830079e-12, 5.92237901515e-13, 3.34335125774e-13, 4.97598483414e-14, 3.02108721374e-15, 2.16369391534e-16, 6.26497397699e-17, 2.87463196138e-17, 2.22682629184e-17, 3.74920584081e-15],
        "max": [0.00191693753004, 0.0050361789763, 0.00512061500922, 0.00141856027767, 0.00107409292832, 0.0941398739815, 0.0175955723971, 0.0248073302209, 0.0626468285918, 0.0116083789617, 0.00975523516536, 0.00106310262345, 0.000650096975733, 3.80902893085e-05, 7.7715551015e-05, 3.67638713215e-05, 2.45484970947e-05, 1.02468256955e-05, 7.76030901761e-06, 5.15497958986e-06, 2.08168626159e-06, 5.34350135695e-07, 1.81629275176e-07, 8.93119604939e-08, 3.16551620472e-08, 2.57639420909e-08, 3.36626015951e-07],
        "mean": [0.000289934076136, 0.000385172403185, 0.000206383585464, 7.04623453203e-05, 0.000185419645277, 0.00984304398298, 0.0013169440208, 0.00166993297171, 0.00807793159038, 0.000527104712091, 0.00140847743023, 0.000101969162642, 6.50482470519e-05, 4.96484108226e-06, 8.42177269078e-06, 6.40222242509e-06, 1.63913819051e-06, 8.62223998865e-07, 5.64942411074e-07, 2.90225671051e-07, 1.24300143511e-07, 4.08719706968e-08, 1.91550366679e-08, 1.52029695499e-08, 1.41021594402e-08, 8.10714162469e-09, 8.67698872753e-08],
        "median": [0.000134234884172, 8.8301669166e-05, 3.18780912494e-05, 2.68209805654e-05, 0.000120316530229, 0.00598982535303, 0.000259243679466, 0.00068987661507, 0.00463007763028, 5.58456340514e-05, 0.000787344528362, 3.86473038816e-05, 4.87081924803e-05, 3.01362274513e-06, 5.47051649846e-06, 5.19091645401e-06, 6.71517227602e-07, 3.27602890593e-07, 2.06610735631e-07, 7.18327584082e-08, 3.03930534074e-08, 1.57212518559e-08, 1.24659624845e-08, 1.34990134626e-08, 1.48872416617e-08, 8.39571789868e-09, 8.88768738605e-08],
        "min": [9.72343872085e-11, 4.80588242813e-11, 8.46926435233e-12, 5.7307721936e-12, 7.21343984544e-10, 3.21232040967e-09, 3.54213325338e-10, 3.53426836408e-11, 3.00872327053e-10, 7.96485793986e-12, 3.70360096758e-11, 1.12442182301e-11, 3.93684173802e-12, 1.84583901983e-12, 5.21970812926e-13, 4.31203738081e-13, 2.97635614072e-13, 5.08864868645e-13, 1.89180051832e-12, 1.6625918307e-12, 1.25487521849e-12, 1.09769235802e-12, 4.63945667908e-13, 3.00789384719e-12, 4.18739955904e-12, 5.40010310773e-12, 6.3647923737e-12],
        "stdev": [0.000396907766117, 0.000823262613267, 0.000642379571218, 0.000154306049808, 0.000197249581106, 0.0120495995507, 0.00260231504217, 0.00285683665425, 0.0098082870245, 0.00158803188242, 0.00167723803315, 0.000170824772795, 6.7607346864e-05, 5.65828258914e-06, 9.68893618847e-06, 5.67229562876e-06, 2.74080002782e-06, 1.51283848027e-06, 9.49789125571e-07, 6.67151880407e-07, 2.82651058114e-07, 7.97222199367e-08, 2.64540780393e-08, 1.08612336902e-08, 6.53154019759e-09, 4.53946524814e-09, 5.96447549128e-08],
        "var": [1.57535779977e-07, 6.77761306633e-07, 4.12651530723e-07, 2.38103581296e-08, 3.89073981921e-08, 0.000145192854689, 6.77204297972e-06, 8.1615162344e-06, 9.6202500572e-05, 2.52184531746e-06, 2.81312736661e-06, 2.91811037556e-08, 4.57075310933e-09, 3.2016160556e-11, 9.38754907143e-11, 3.21749363263e-11, 7.51198495769e-12, 2.28868009614e-12, 9.02099358754e-13, 4.45091663179e-13, 7.98916190365e-14, 6.35563209863e-15, 6.99818250445e-16, 1.17966397678e-16, 4.26610195293e-17, 2.06067449266e-17, 3.55749645034e-15]
    },
    "erbbands": {
        "dmean": [0.00811908394098, 0.0376068465412, 0.132084727287, 0.16318243742, 0.306538820267, 0.774706482887, 22.0330696106, 33.1877365112, 6.42366266251, 16.0361404419, 32.8310928345, 106.662452698, 7.79973268509, 24.0848331451, 40.7515907288, 3.67986965179, 1.62547874451, 0.21055611968, 0.0981891676784, 0.525452017784, 0.0889570116997, 0.0332584753633, 0.0299707762897, 0.0181662291288, 0.0108206635341, 0.00741586554796, 0.0028499958571, 0.00120838207658, 0.000582664390095, 0.000273023673799, 0.000139208088513, 0.000101626596006, 6.4369145548e-05, 4.44398392574e-05, 2.57290175796e-05, 1.63036584127e-05, 8.88672639121e-06, 5.24135866726e-05, 4.32719070886e-06, 8.85966710484e-06],
        "dmean2": [0.0145001010969, 0.0622211843729, 0.238995447755, 0.299326777458, 0.535936117172, 1.17141771317, 28.2107524872, 42.096572876, 8.76910591125, 22.2432384491, 44.6065292358, 135.956283569, 10.4547948837, 39.1257781982, 70.4075775146, 6.2477388382, 2.31535553932, 0.296134293079, 0.154724702239, 0.881511688232, 0.141070872545, 0.0548321641982, 0.0501769296825, 0.0286352466792, 0.0175366476178, 0.0129277678207, 0.00496536819264, 0.00194098276552, 0.000943217484746, 0.00045842511463, 0.000237300948356, 0.000169944105437, 0.000109037333459, 7.53140848246e-05, 4.36260343122e-05, 2.81188113149e-05, 1.48200060721e-05, 8.97868521861e-05, 5.53934069103e-06, 1.07925006887e-05],
        "dvar": [0.000317805708619, 0.00495102489367, 0.174623668194, 0.167251691222, 0.172572985291, 1.00159609318, 994.448913574, 2238.77124023, 301.393768311, 1028.74108887, 2167.54418945, 22908.2578125, 107.355659485, 2474.73266602, 2626.80224609, 26.1266613007, 3.85481524467, 0.0570231713355, 0.017059776932, 0.619802832603, 0.0116478875279, 0.00420947186649, 0.0026471382007, 0.0009286844288, 0.000752644613385, 0.00033480123966, 7.49896789785e-05, 5.25101950188e-06, 1.76757748704e-06, 2.58085833593e-07, 4.94776699611e-08, 1.78518639871e-08, 4.90727369851e-09, 1.74069991754e-09, 6.17553674864e-10, 2.46810183402e-10, 7.82731171545e-11, 3.65381591649e-09, 2.20518603378e-11, 1.05581016152e-10],
        "dvar2": [0.00099377182778, 0.0131715498865, 0.560624778271, 0.604402959347, 0.503764569759, 2.06553053856, 1424.08679199, 2759.81079102, 545.977172852, 1853.08105469, 3383.16870117, 33362.2539062, 207.274917603, 5181.95703125, 6962.35839844, 73.8974914551, 6.47065401077, 0.111301086843, 0.04164391011, 1.59832406044, 0.0299834925681, 0.0124662257731, 0.00801817048341, 0.00261512724683, 0.00213134568185, 0.00105628638994, 0.00024793916964, 1.33394305522e-05, 4.63257083538e-06, 7.65642653278e-07, 1.32247038209e-07, 5.25100567472e-08, 1.38326159416e-08, 5.09628650391e-09, 1.73320624519e-09, 6.70839217509e-10, 2.09749759228e-10, 9.29270083105e-09, 3.64313926249e-11, 1.55279289427e-10],
        "max": [0.242223396897, 1.37141346931, 5.90705871582, 4.41360044479, 2.89249777794, 9.6981716156, 435.072509766, 699.296447754, 266.342041016, 364.304077148, 684.684020996, 1734.39477539, 111.43927002, 435.033660889, 296.844299316, 36.2593421936, 32.8379325867, 2.74713134766, 1.37512433529, 7.25556945801, 0.954580247402, 0.934720218182, 0.605432271957, 0.410912871361, 0.410493403673, 0.266327530146, 0.136946558952, 0.0436534248292, 0.0241581033915, 0.00990759301931, 0.00442442530766, 0.00239360914566, 0.00133565766737, 0.000420299416874, 0.000303521112073, 0.000167350401171, 9.11118477234e-05, 0.000530874414835, 6.09866110608e-05, 0.000120398122817],
        "mean": [0.0148328095675, 0.074662014842, 0.245597273111, 0.23396320641, 0.412530481815, 1.42855370045, 43.4219169617, 76.4484710693, 14.0255870819, 30.5755348206, 68.9906234741, 229.31401062, 18.9844589233, 33.3091850281, 51.9803504944, 4.86936903, 3.35098814964, 0.47852563858, 0.21107044816, 0.786721646786, 0.178217679262, 0.0734046846628, 0.0618614777923, 0.0355296544731, 0.0210537668318, 0.0156101631001, 0.00748030422255, 0.0031537420582, 0.00165511935484, 0.000882921507582, 0.000519075081684, 0.000353779847501, 0.000258643878624, 0.000178696485818, 0.000112752131827, 6.33672389085e-05, 3.40947917721e-05, 0.000137462542625, 1.58099355758e-05, 2.73583009403e-05],
        "median": [0.00447409413755, 0.0157671906054, 0.035296857357, 0.0797816738486, 0.235821545124, 1.08641600609, 24.6070213318, 48.8216171265, 5.38501834869, 10.8767986298, 40.8697357178, 134.07824707, 15.1076879501, 13.1209764481, 31.9054412842, 3.06233549118, 2.59437131882, 0.381698817015, 0.143354013562, 0.554577291012, 0.128153860569, 0.0320665165782, 0.0277353785932, 0.0151427751407, 0.0060028093867, 0.00404271669686, 0.00168873451184, 0.00103491265327, 0.000610779679846, 0.000447384896688, 0.000370913185179, 0.000306189642288, 0.0002464876452, 0.000186545134056, 0.000121179575217, 6.89197477186e-05, 3.72749709641e-05, 0.000140471209306, 1.53129840328e-05, 2.37202584685e-05],
        "min": [2.9655158329e-09, 5.71176173025e-09, 9.30495858142e-09, 1.64386886325e-08, 2.41458565142e-07, 2.4272187602e-06, 1.70350067492e-05, 2.67301347776e-05, 8.72927103046e-06, 2.6847319532e-06, 1.96993846657e-06, 7.52546429794e-06, 1.42466865327e-06, 5.924615607e-07, 1.84693703886e-06, 3.09735355586e-07, 1.51421488681e-07, 1.15012781521e-07, 5.84747361643e-08, 4.33532107991e-08, 1.28121762089e-08, 1.78675101381e-08, 3.43972175187e-08, 7.65301564343e-08, 6.33706633835e-08, 9.69521920524e-08, 4.1807243889e-08, 6.66034907226e-08, 4.58635440737e-08, 1.81841208757e-08, 1.44398573099e-08, 3.78102029686e-08, 5.79737005069e-08, 5.45200258273e-08, 2.74440008496e-08, 2.27705072575e-08, 9.17715681226e-09, 2.67574118418e-09, 1.06892128482e-09, 9.94630974804e-11],
        "stdev": [0.0325413160026, 0.172537237406, 0.777613461018, 0.542622983456, 0.488114655018, 1.42943310738, 54.5662460327, 91.4002914429, 28.8048820496, 52.7932434082, 85.092086792, 275.945007324, 18.8783378601, 62.9497451782, 59.3071708679, 5.52856206894, 3.37161159515, 0.418670654297, 0.209502249956, 0.887432336807, 0.158679410815, 0.113240502775, 0.0959893167019, 0.0551725849509, 0.043373990804, 0.0348659604788, 0.0182020831853, 0.00592292426154, 0.00335124041885, 0.00143460463732, 0.000608652597293, 0.000292605342111, 0.000153207365656, 8.50156284287e-05, 5.31959012733e-05, 3.36242410413e-05, 1.84537075256e-05, 9.42320257309e-05, 1.08815584099e-05, 2.14784304262e-05],
        "var": [0.00105893716682, 0.0297690983862, 0.604682683945, 0.294439733028, 0.238255918026, 2.04327893257, 2977.47509766, 8354.01269531, 829.721191406, 2787.12646484, 7240.66308594, 76145.640625, 356.39163208, 3962.67041016, 3517.34057617, 30.5650005341, 11.367764473, 0.175285115838, 0.0438911952078, 0.787536203861, 0.0251791551709, 0.0128234112635, 0.00921394955367, 0.00304401433095, 0.00188130314928, 0.00121563510038, 0.000331315852236, 3.50810332748e-05, 1.12308125608e-05, 2.05809055842e-06, 3.70457996723e-07, 8.56178914432e-08, 2.34724986115e-08, 7.22765758354e-09, 2.82980372468e-09, 1.1305895109e-09, 3.4053929121e-10, 8.87967477325e-09, 1.18408310934e-10, 4.61322952061e-10]
    },
    "gfcc": {
        "mean": [-199.580291748, 212.150238037, -100.051040649, -71.0042877197, -55.383026123, -21.7293777466, -16.0560359955, -0.75719499588, -8.57772731781, -5.79786634445, 0.379219263792, 5.86553192139, 7.31504249573],
        "cov": [[6133.66650391, 898.740783691, -91.3347625732, -661.609863281, 47.5387458801, -113.869926453, 228.24621582, 33.441532135, 117.015182495, -109.384185791, 49.2060966492, -40.3107452393, 19.7219314575], [898.740783691, 267.769744873, 84.8263473511, -310.420837402, -16.1888523102, -47.3613128662, 39.5130996704, 7.78610467911, 30.7044773102, -26.4489688873, 18.8378734589, 28.6249427795, 33.5081596375], [-91.3347625732, 84.8263473511, 249.696731567, -295.56036377, -86.0133972168, -36.2268028259, -21.8429355621, 6.23640012741, 17.0786857605, -3.0481710434, 6.04186201096, 54.214679718, 40.0960693359], [-661.609863281, -310.420837402, -295.56036377, 1630.83227539, 384.451263428, 174.458770752, -13.9000768661, -33.133731842, 20.2491970062, 111.386764526, -2.44146847725, -222.173706055, -183.541061401], [47.5387458801, -16.1888523102, -86.0133972168, 384.451263428, 164.827301025, 75.9613418579, 24.3013362885, 15.6229991913, 19.1417694092, 28.5921878815, 1.50586295128, -45.9005012512, -51.1584587097], [-113.869926453, -47.3613128662, -36.2268028259, 174.458770752, 75.9613418579, 128.44972229, 29.3946304321, 2.44346618652, -10.4854135513, 5.84171390533, -10.7712135315, -16.695728302, -17.6300373077], [228.24621582, 39.5130996704, -21.8429355621, -13.9000768661, 24.3013362885, 29.3946304321, 87.1617660522, 38.7126617432, 3.98096632957, -5.05811452866, -9.80243110657, -14.6266345978, -13.1152715683], [33.441532135, 7.78610467911, 6.23640012741, -33.133731842, 15.6229991913, 2.44346618652, 38.7126617432, 80.2518997192, 46.1063842773, 9.49102592468, -12.0369186401, -12.5981616974, -23.4550418854], [117.015182495, 30.7044773102, 17.0786857605, 20.2491970062, 19.1417694092, -10.4854135513, 3.98096632957, 46.1063842773, 72.3543624878, 25.9175949097, -3.43797278404, -15.97838974, -15.8513631821], [-109.384185791, -26.4489688873, -3.0481710434, 111.386764526, 28.5921878815, 5.84171390533, -5.05811452866, 9.49102592468, 25.9175949097, 57.4463920593, 23.8038921356, -7.4809384346, -21.8272533417], [49.2060966492, 18.8378734589, 6.04186201096, -2.44146847725, 1.50586295128, -10.7712135315, -9.80243110657, -12.0369186401, -3.43797278404, 23.8038921356, 59.5416908264, 32.0453186035, 3.1574845314], [-40.3107452393, 28.6249427795, 54.214679718, -222.173706055, -45.9005012512, -16.695728302, -14.6266345978, -12.5981616974, -15.97838974, -7.4809384346, 32.0453186035, 84.5243759155, 50.431350708], [19.7219314575, 33.5081596375, 40.0960693359, -183.541061401, -51.1584587097, -17.6300373077, -13.1152715683, -23.4550418854, -15.8513631821, -21.8272533417, 3.1574845314, 50.431350708, 69.1632843018]],
        "icov": [[0.000430965563282, -0.00159215577878, 0.000678056268953, -2.58871168626e-05, 0.000383364298614, -0.000144693491166, -0.000349678623024, 0.000359784666216, -0.000549924559891, 0.000444350414909, -0.00032476495835, 0.00029005901888, 0.000306597270537], [-0.00159215577878, 0.0232768747956, -0.00758265284821, 0.00677230162546, -0.0185497887433, 0.00701245153323, -0.00986663810909, 0.014463099651, -0.0129096060991, 0.0102434195578, -0.0133681437001, 0.0127642313018, -0.00577779905871], [0.000678056268953, -0.00758265284821, 0.00838648714125, -0.00148241431452, 0.00750717986375, -0.00283491401933, 0.00359302409925, -0.00364361610264, 0.00102314678952, -0.00382549734786, 0.00481761619449, -0.00606904737651, 0.00219299062155], [-2.58871168626e-05, 0.00677230162546, -0.00148241431452, 0.00532955024391, -0.011157611385, 0.0018990135286, -0.00217336160131, 0.00719541544095, -0.00432216376066, 0.00208976934664, -0.00677408045158, 0.0106958737597, -0.00183283712249], [0.000383364298614, -0.0185497887433, 0.00750717986375, -0.011157611385, 0.0376579686999, -0.0119861038402, 0.00653912173584, -0.0154685834423, 0.00749509315938, -0.008375313133, 0.013683706522, -0.0208825096488, 0.00938646867871], [-0.000144693491166, 0.00701245153323, -0.00283491401933, 0.0018990135286, -0.0119861038402, 0.0152699816972, -0.00766471540555, 0.00633831974119, -0.00171750644222, 0.0023029204458, -0.000421313627157, 0.00157087761909, -0.00174361176323], [-0.000349678623024, -0.00986663810909, 0.00359302409925, -0.00217336160131, 0.00653912173584, -0.00766471540555, 0.0276588760316, -0.0232776347548, 0.0177257545292, -0.00780074810609, 0.00556457787752, -0.000192329185666, -0.00124982837588], [0.000359784666216, 0.014463099651, -0.00364361610264, 0.00719541544095, -0.0154685834423, 0.00633831974119, -0.0232776347548, 0.0494945347309, -0.0349007993937, 0.0126107539982, -0.00578088173643, 0.00309024564922, 0.0106337033212], [-0.000549924559891, -0.0129096060991, 0.00102314678952, -0.00432216376066, 0.00749509315938, -0.00171750644222, 0.0177257545292, -0.0349007993937, 0.047949206084, -0.0238930881023, 0.012721654959, -0.000909841852263, -0.00548851815984], [0.000444350414909, 0.0102434195578, -0.00382549734786, 0.00208976934664, -0.008375313133, 0.0023029204458, -0.00780074810609, 0.0126107539982, -0.0238930881023, 0.0429109297693, -0.0238514468074, 0.00720238080248, 0.00376685615629], [-0.00032476495835, -0.0133681437001, 0.00481761619449, -0.00677408045158, 0.013683706522, -0.000421313627157, 0.00556457787752, -0.00578088173643, 0.012721654959, -0.0238514468074, 0.0484834909439, -0.0354936905205, 0.0139642003924], [0.00029005901888, 0.0127642313018, -0.00606904737651, 0.0106958737597, -0.0208825096488, 0.00157087761909, -0.000192329185666, 0.00309024564922, -0.000909841852263, 0.00720238080248, -0.0354936905205, 0.0599217452109, -0.0284065492451], [0.000306597270537, -0.00577779905871, 0.00219299062155, -0.00183283712249, 0.00938646867871, -0.00174361176323, -0.00124982837588, 0.0106337033212, -0.00548851815984, 0.00376685615629, 0.0139642003924, -0.0284065492451, 0.0409091822803]]
    },
    "melbands": {
        "dmean": [6.62123929942e-05, 4.94349478686e-05, 2.88071732939e-05, 3.04814166157e-05, 0.000630910333712, 0.000774919812102, 0.000104155900772, 0.000168593775015, 0.000394697650336, 0.000580309308134, 2.29274264711e-05, 9.40977843129e-05, 0.000158626833581, 3.0822611734e-05, 3.03504975818e-06, 2.45794581133e-06, 2.57448789398e-07, 1.81487564532e-07, 4.24730473014e-07, 5.63691173738e-07, 6.07230745686e-08, 2.72819598024e-08, 6.59038974504e-08, 2.73398068629e-08, 1.44452450002e-08, 1.21176357837e-08, 5.56323342948e-09, 4.88071050242e-09, 2.02249750281e-09, 1.49866785648e-09, 5.50815004718e-10, 4.02622768458e-10, 2.51617643388e-10, 1.45929587858e-10, 9.67643049021e-11, 8.07895278454e-11, 6.58296264722e-11, 5.38689891305e-11, 4.49508347211e-11, 4.18692649995e-11],
        "dmean2": [0.00011685796926, 8.82524982444e-05, 5.15978790645e-05, 5.25556934008e-05, 0.000801808084361, 0.000977344810963, 0.000143057055539, 0.000231118887314, 0.000532612029929, 0.000741941272281, 3.65277119272e-05, 0.000153183777002, 0.000270492542768, 5.4894178902e-05, 4.34487219536e-06, 3.33533625962e-06, 4.12834225472e-07, 2.93466428047e-07, 7.08176742137e-07, 9.2376211569e-07, 9.64013651128e-08, 4.38032650152e-08, 1.12172521938e-07, 4.7845194473e-08, 2.23266773958e-08, 1.90924502874e-08, 9.80540093565e-09, 8.33558821967e-09, 3.58092488995e-09, 2.46387643621e-09, 8.47646508539e-10, 6.52730980377e-10, 4.18394402457e-10, 2.53066040345e-10, 1.71101355306e-10, 1.36173100573e-10, 1.07176843789e-10, 9.05051450451e-11, 7.7344769478e-11, 7.12801692671e-11],
        "dvar": [1.67566387432e-08, 1.97908835986e-08, 3.621087874e-09, 2.0371453413e-09, 8.17641478079e-07, 1.2354817045e-06, 7.52948849936e-08, 9.28546768364e-08, 2.5619502253e-07, 6.66340213229e-07, 2.06151185012e-09, 4.64374494413e-08, 4.34822702289e-08, 2.6238498041e-09, 1.3838534485e-11, 7.84233181866e-12, 1.11166508128e-13, 6.56468965559e-14, 4.06175174874e-13, 6.16365357191e-13, 1.10251900586e-14, 3.11783997566e-15, 1.48116297737e-14, 4.44051855697e-15, 4.73587873392e-16, 4.74957419789e-16, 3.14547458438e-16, 1.24168544971e-16, 4.15326459121e-17, 1.46894521664e-17, 1.04994190248e-18, 9.33794060549e-19, 3.23699865327e-19, 8.36272426084e-20, 2.71960861848e-20, 1.33104112292e-20, 5.73236568396e-21, 3.9435516625e-21, 2.04640262824e-21, 1.63136142375e-21],
        "dvar2": [5.2346880608e-08, 6.06052594776e-08, 1.27269412786e-08, 6.0570211069e-09, 1.13736496132e-06, 1.5288120494e-06, 1.37311474191e-07, 1.65982015687e-07, 4.18099403987e-07, 9.73360329226e-07, 4.78745354471e-09, 9.52115115638e-08, 1.1393328947e-07, 7.5990138626e-09, 2.36357704242e-11, 1.26177289103e-11, 2.78743418321e-13, 1.81487420578e-13, 1.05221300423e-12, 1.59768682659e-12, 3.14747719261e-14, 8.4118511649e-15, 4.57161299918e-14, 1.38531459253e-14, 1.2800249667e-15, 1.14549622941e-15, 9.68677148755e-16, 3.92458131262e-16, 1.32866011623e-16, 4.10120879177e-17, 2.41898382229e-18, 2.36593486845e-18, 9.68539885576e-19, 2.6462727887e-19, 6.8068117458e-20, 4.02052203019e-20, 1.56010560989e-20, 1.08227996307e-20, 5.78618291087e-21, 4.81054034203e-21],
        "max": [0.00165013875812, 0.00249828165397, 0.000673879054375, 0.000270362070296, 0.0126004051417, 0.0162987224758, 0.00400312012061, 0.00329281389713, 0.0052875187248, 0.00932908058167, 0.000416820257669, 0.00192121684086, 0.00138716376387, 0.000345070235198, 6.21662038611e-05, 4.252812505e-05, 3.65841970051e-06, 2.26413953897e-06, 5.87427484788e-06, 7.23689981896e-06, 1.31247531954e-06, 6.87326462412e-07, 1.59528269705e-06, 6.19113961875e-07, 2.98074724014e-07, 3.26096738945e-07, 2.51860967637e-07, 1.474821687e-07, 8.90131701681e-08, 6.19832150051e-08, 1.5385300145e-08, 1.68884284335e-08, 8.49970849259e-09, 5.45674705421e-09, 2.98196556336e-09, 1.70755409812e-09, 1.25763999215e-09, 1.12046294465e-09, 5.53142920356e-10, 3.7098107919e-10],
        "mean": [0.000129465232021, 0.0001137805084, 4.42226155428e-05, 3.91401663364e-05, 0.00127650413197, 0.00175388832577, 0.000197145534912, 0.000319854851114, 0.000829468597658, 0.00125653285068, 3.79044831789e-05, 0.000126454004203, 0.000203027462703, 3.11147632601e-05, 5.89139699514e-06, 5.02031707583e-06, 4.67035278007e-07, 3.17226266588e-07, 6.4411818812e-07, 8.8478412863e-07, 1.12765050631e-07, 6.20827123043e-08, 9.84822605687e-08, 4.15618472971e-08, 2.68231232781e-08, 2.00774579184e-08, 1.11501119449e-08, 9.7490922002e-09, 4.98308283525e-09, 3.02219316239e-09, 1.40046918506e-09, 1.03581820898e-09, 5.77852932171e-10, 4.33363872565e-10, 2.9623115072e-10, 2.28779425959e-10, 1.98971186749e-10, 1.72964711997e-10, 1.5185046276e-10, 1.33235492084e-10],
        "median": [4.99258603668e-05, 2.04609605134e-05, 1.72182953975e-05, 2.32876136579e-05, 0.000739865761716, 0.00110215181485, 4.11439250456e-05, 0.000121641234728, 0.000512177764904, 0.000766356708482, 1.86618563021e-05, 3.9111408114e-05, 0.000111751549412, 1.10090131784e-05, 4.38335064246e-06, 3.6544051909e-06, 3.32887850618e-07, 1.86236093214e-07, 4.28212388215e-07, 6.74819489177e-07, 5.0431509635e-08, 2.31946728491e-08, 4.37423253175e-08, 1.18077672084e-08, 1.18557261786e-08, 6.54496279395e-09, 1.82850001806e-09, 2.68671818127e-09, 8.55190918081e-10, 7.99244226357e-10, 4.61314653144e-10, 3.41610656429e-10, 2.71797112594e-10, 2.2636933994e-10, 2.00270341977e-10, 1.86834492322e-10, 1.67241498428e-10, 1.58445229159e-10, 1.46844342241e-10, 1.35205069363e-10],
        "min": [2.4490078368e-11, 5.20208008614e-12, 7.03805416724e-12, 7.40973463143e-11, 5.03067809632e-10, 5.88245341326e-10, 1.19866561121e-10, 2.13695363488e-11, 2.23529944554e-11, 4.61815377606e-11, 5.34973584529e-12, 1.80311213009e-12, 5.70523272722e-12, 2.3324888028e-12, 1.96408183771e-13, 3.8360045934e-13, 1.94522268302e-13, 1.18701841976e-13, 4.33062772112e-14, 4.84925447508e-14, 8.79691403679e-15, 1.08054282075e-14, 4.31580023997e-14, 1.70934162549e-14, 6.72573365816e-14, 7.67061720673e-14, 1.87785561162e-14, 8.05457385359e-14, 2.19356291757e-14, 3.33965304413e-14, 3.66035022117e-14, 3.053161768e-14, 1.11457592694e-14, 8.82256473553e-15, 3.76501316967e-15, 2.43201031552e-14, 1.80506346361e-14, 3.46771493898e-14, 3.88816379809e-14, 5.75295291006e-14],
