{
"metadata": {
    "version": {
        "essentia": "2.1-beta6-dev",
        "essentia_git_sha": "v2.1_beta5-778-gc9eadba6",
        "extractor": "music 2.0"
    },
    "audio_properties": {
        "analysis": {
            "equal_loudness": 0,
            "length": 9.99997711182,
            "sample_rate": 44100,
            "start_time": 0,
            "downmix": "mix"
        },
        "bit_rate": 128000,
        "length": 10,
        "lossless": 0,
        "number_channels": 2,
        "replay_gain": -0.0335388183594,
        "sample_rate": 48000,
        "codec": "mp3",
        "md5_encoded": "1050ebb0b88a95829b5c62e10d185018"
    },
    "tags": {
        "file_name": "jacopastorius-fullalbum3.mp3",
        "encoding": ["Lavf59.16.100"]
    }
},
"lowlevel": {
    "average_loudness": 0.975063621998,
    "barkbands_crest": {
        "dmean": 3.87546825409,
        "dmean2": 6.20662927628,
        "dvar": 10.055141449,
        "dvar2": 25.2249927521,
        "max": 24.973482132,
        "mean": 15.1258678436,
        "median": 14.694360733,
        "min": 6.3188586235,
        "stdev": 4.52137136459,
        "var": 20.4427986145
    },
    "barkbands_flatness_db": {
        "dmean": 0.050532348454,
        "dmean2": 0.0801315903664,
        "dvar": 0.00211116112769,
        "dvar2": 0.00467829918489,
        "max": 0.598124444485,
        "mean": 0.431540817022,
        "median": 0.425924390554,
        "min": 0.0728519186378,
        "stdev": 0.073229201138,
        "var": 0.00536251626909
    },
    "barkbands_kurtosis": {
        "dmean": 8.19162845612,
        "dmean2": 13.0843219757,
        "dvar": 131.842788696,
        "dvar2": 298.135803223,
        "max": 110.482727051,
        "mean": 9.97367477417,
        "median": 5.80044841766,
        "min": -1.08474326134,
        "stdev": 13.7927646637,
        "var": 190.240356445
    },
    "barkbands_skewness": {
        "dmean": 0.924041628838,
        "dmean2": 1.43481051922,
        "dvar": 0.731551110744,
        "dvar2": 1.67113089561,
        "max": 7.42667675018,
        "mean": 1.09163939953,
        "median": 0.910713553429,
        "min": -2.5834941864,
        "stdev": 1.42592608929,
        "var": 2.03326535225
    },
    "barkbands_spread": {
        "dmean": 0.800406634808,
        "dmean2": 1.20594596863,
        "dvar": 1.6281247139,
        "dvar2": 2.42865729332,
        "max": 31.7171897888,
        "mean": 1.94365024567,
        "median": 1.76378464699,
        "min": 0.159066155553,
        "stdev": 2.0501601696,
        "var": 4.20315647125
    },
    "dissonance": {
        "dmean": 0.0757158920169,
        "dmean2": 0.12284077704,
        "dvar": 0.003304006299,
        "dvar2": 0.00894579198211,
        "max": 0.497560888529,
        "mean": 0.325822383165,
        "median": 0.33041420579,
        "min": 0.116962760687,
        "stdev": 0.0799853280187,
        "var": 0.00639765290543
    },
    "dynamic_complexity": 3.74027681351,
    "erbbands_crest": {
        "dmean": 3.54272723198,
        "dmean2": 5.87726593018,
        "dvar": 8.48589229584,
        "dvar2": 22.7865009308,
        "max": 26.0983276367,
        "mean": 14.0481786728,
        "median": 13.623541832,
        "min": 3.64628362656,
        "stdev": 3.89878606796,
        "var": 15.2005329132
    },
    "erbbands_flatness_db": {
        "dmean": 0.0373265221715,
        "dmean2": 0.0575299784541,
        "dvar": 0.00118666142225,
        "dvar2": 0.00274971453473,
        "max": 0.435609787703,
        "mean": 0.333106547594,
        "median": 0.340632230043,
        "min": 0.0565038584173,
        "stdev": 0.0519934073091,
        "var": 0.00270331441425
    },
    "erbbands_kurtosis": {
        "dmean": 11.341126442,
        "dmean2": 18.7396030426,
        "dvar": 246.396102905,
        "dvar2": 526.764282227,
        "max": 92.9726028442,
        "mean": 13.6152992249,
        "median": 6.78239154816,
        "min": -0.820504665375,
        "stdev": 17.5551586151,
        "var": 308.18359375
    },
    "erbbands_skewness": {
        "dmean": 1.07133483887,
        "dmean2": 1.64677000046,
        "dvar": 1.08842587471,
        "dvar2": 2.4731938839,
        "max": 6.7789440155,
        "mean": 1.76339447498,
        "median": 1.47866988182,
        "min": -0.775303721428,
        "stdev": 1.4471758604,
        "var": 2.09431791306
    },
    "erbbands_spread": {
        "dmean": 2.58950567245,
        "dmean2": 4.15610027313,
        "dvar": 18.2747268677,
        "dvar2": 46.9188041687,
        "max": 73.2207794189,
        "mean": 6.20934152603,
        "median": 4.99454069138,
        "min": 1.01062691212,
        "stdev": 5.03682088852,
        "var": 25.3695640564
    },
    "hfc": {
        "dmean": 3.54939079285,
        "dmean2": 5.29020309448,
        "dvar": 43.6847076416,
        "dvar2": 109.879653931,
        "max": 46.6360549927,
        "mean": 5.0911655426,
        "median": 2.92264962196,
        "min": 1.13045268603e-16,
        "stdev": 7.13978052139,
        "var": 50.9764671326
    },
    "loudness_ebu128": {
        "integrated": -23.2589893341,
        "loudness_range": 1.81773948669,
        "momentary": {
            "dmean": 1.45941209793,
            "dmean2": 2.13936758041,
            "dvar": 2.06049084663,
            "dvar2": 4.30522584915,
            "max": -19.0779476166,
            "mean": -24.3676052094,
            "median": -23.1582889557,
            "min": -38.1039733887,
            "stdev": 3.50378751755,
            "var": 12.2765274048
        },
        "short_term": {
            "dmean": 0.166807174683,
            "dmean2": 0.242765039206,
            "dvar": 0.0271587707102,
            "dvar2": 0.0352571122348,
            "max": -22.2513599396,
            "mean": -23.2414970398,
            "median": -23.062789917,
            "min": -24.6083278656,
            "stdev": 0.647417962551,
            "var": 0.419150054455
        }
    },
    "melbands_crest": {
        "dmean": 3.8909599781,
        "dmean2": 6.30712652206,
        "dvar": 11.5350179672,
        "dvar2": 26.1937236786,
        "max": 30.4970798492,
        "mean": 18.5498504639,
        "median": 18.479675293,
        "min": 2.85588669777,
        "stdev": 4.86183786392,
        "var": 23.637468338
    },
    "melbands_flatness_db": {
        "dmean": 0.0556639842689,
        "dmean2": 0.087174475193,
        "dvar": 0.00258831377141,
        "dvar2": 0.0054924627766,
        "max": 0.741891562939,
        "mean": 0.566520392895,
        "median": 0.55923730135,
        "min": 0.0100173018873,
        "stdev": 0.0832237824798,
        "var": 0.0069261980243
    },
    "melbands_kurtosis": {
        "dmean": 5.83881235123,
        "dmean2": 9.19306755066,
        "dvar": 37.5980148315,
        "dvar2": 88.9574508667,
        "max": 55.5274467468,
        "mean": 9.02034378052,
        "median": 6.61517000198,
        "min": -1.18869888783,
        "stdev": 8.58774852753,
        "var": 73.7494277954
    },
    "melbands_skewness": {
        "dmean": 0.771215498447,
        "dmean2": 1.24736189842,
        "dvar": 0.514857053757,
        "dvar2": 1.24804151058,
        "max": 4.98730278015,
        "mean": 1.4851732254,
        "median": 1.26959395409,
        "min": -1.06447732449,
        "stdev": 1.03186547756,
        "var": 1.06474626064
    },
    "melbands_spread": {
        "dmean": 1.16688215733,
        "dmean2": 1.59016466141,
        "dvar": 42.8503341675,
        "dvar2": 39.9367103577,
        "max": 143.542709351,
        "mean": 2.33979821205,
        "median": 1.78469848633,
        "min": 0.317933887243,
        "stdev": 6.93474912643,
        "var": 48.0907440186
    },
    "pitch_salience": {
        "dmean": 0.115933671594,
        "dmean2": 0.189106076956,
        "dvar": 0.00959256757051,
        "dvar2": 0.0259645115584,
        "max": 0.79610568285,
        "mean": 0.46703851223,
        "median": 0.478557407856,
        "min": 0.107516609132,
        "stdev": 0.145032227039,
        "var": 0.0210343468934
    },
    "silence_rate_20dB": {
        "dmean": 0,
        "dmean2": 0,
        "dvar": 0,
        "dvar2": 0,
        "max": 1,
        "mean": 1,
        "median": 1,
        "min": 1,
        "stdev": 0,
        "var": 0
    },
    "silence_rate_30dB": {
        "dmean": 0.078886307776,
        "dmean2": 0.158139541745,
        "dvar": 0.0726635456085,
        "dvar2": 0.137782976031,
        "max": 1,
        "mean": 0.893518507481,
        "median": 1,
        "min": 0,
        "stdev": 0.308453023434,
        "var": 0.0951432660222
    },
    "silence_rate_60dB": {
        "dmean": 0.078886307776,
        "dmean2": 0.158139541745,
        "dvar": 0.0726634263992,
        "dvar2": 0.156387493014,
        "max": 1,
        "mean": 0.13425925374,
        "median": 0,
        "min": 0,
        "stdev": 0.340930819511,
        "var": 0.116233833134
    },
    "spectral_centroid": {
        "dmean": 61.1736526489,
        "dmean2": 79.5356903076,
        "dvar": 256256.328125,
        "dvar2": 230862.921875,
        "max": 11287.453125,
        "mean": 250.189926147,
        "median": 222.357116699,
        "min": 94.5294418335,
        "stdev": 535.552978516,
        "var": 286816.96875
    },
    "spectral_complexity": {
        "dmean": 1.41531324387,
        "dmean2": 2.3162791729,
        "dvar": 2.16394162178,
        "dvar2": 5.1046204567,
        "max": 11,
        "mean": 4.15046310425,
        "median": 4,
        "min": 0,
        "stdev": 1.90953969955,
        "var": 3.64634203911
    },
    "spectral_decrease": {
        "dmean": 6.50026521498e-09,
        "dmean2": 9.47788159067e-09,
        "dvar": 1.67109091991e-16,
        "dvar2": 4.14788143213e-16,
        "max": -9.39257436617e-29,
        "mean": -9.43312095103e-09,
        "median": -4.8032662292e-09,
        "min": -8.97955203527e-08,
        "stdev": 1.44342555686e-08,
        "var": 2.08347724826e-16
    },
    "spectral_energy": {
        "dmean": 0.0248464103788,
        "dmean2": 0.0362328924239,
        "dvar": 0.00243798852898,
        "dvar2": 0.00605288892984,
        "max": 0.342947930098,
        "mean": 0.0360644720495,
        "median": 0.0184021480381,
        "min": 1.06080469031e-20,
        "stdev": 0.0551093779504,
        "var": 0.00303704338148
    },
    "spectral_energyband_high": {
        "dmean": 1.16391606753e-06,
        "dmean2": 2.16357079807e-06,
        "dvar": 4.77084300884e-12,
        "dvar2": 1.3112799041e-11,
        "max": 1.05311892185e-05,
        "mean": 9.82003939498e-07,
        "median": 3.72804890958e-07,
        "min": 7.74736150027e-21,
        "stdev": 1.75684976966e-06,
        "var": 3.0865210561e-12
    },
    "spectral_energyband_low": {
        "dmean": 0.0212695077062,
        "dmean2": 0.0318291559815,
        "dvar": 0.00222841673531,
        "dvar2": 0.00556995766237,
        "max": 0.325909823179,
        "mean": 0.027736691758,
        "median": 0.0087497998029,
        "min": 1.63150281286e-22,
        "stdev": 0.0512959584594,
        "var": 0.00263127521612
    },
    "spectral_energyband_middle_high": {
        "dmean": 4.76301211165e-05,
        "dmean2": 7.9209501564e-05,
        "dvar": 9.98028770738e-09,
        "dvar2": 2.66503175084e-08,
        "max": 0.00100596714765,
        "mean": 4.55718691228e-05,
        "median": 9.78657408268e-06,
        "min": 1.63541382115e-21,
        "stdev": 9.35001662583e-05,
        "var": 8.74228067715e-09
    },
    "spectral_energyband_middle_low": {
        "dmean": 0.00972626358271,
        "dmean2": 0.0156257040799,
        "dvar": 0.000271072174655,
        "dvar2": 0.000668627559207,
        "max": 0.131570354104,
        "mean": 0.0133004374802,
        "median": 0.00752825848758,
        "min": 4.00188682835e-22,
        "stdev": 0.0173362642527,
        "var": 0.000300546031212
    },
    "spectral_entropy": {
        "dmean": 0.397013127804,
        "dmean2": 0.608995318413,
        "dvar": 0.164622157812,
        "dvar2": 0.319744944572,
        "max": 9.81981182098,
        "mean": 4.96967983246,
        "median": 4.95408916473,
        "min": 3.58723473549,
        "stdev": 0.61422586441,
        "var": 0.377273440361
    },
    "spectral_flux": {
        "dmean": 0.0542288124561,
        "dmean2": 0.0854996666312,
        "dvar": 0.00541989225894,
        "dvar2": 0.0113261090592,
        "max": 0.520855247974,
        "mean": 0.0944863930345,
        "median": 0.0735833570361,
        "min": 1.02995376117e-10,
        "stdev": 0.0853801891208,
        "var": 0.00728977704421
    },
    "spectral_kurtosis": {
        "dmean": 28.5983543396,
        "dmean2": 43.0623626709,
        "dvar": 582.927490234,
        "dvar2": 1477.02307129,
        "max": 237.914276123,
        "mean": 70.6746292114,
        "median": 63.8284263611,
        "min": -1.20159494877,
        "stdev": 37.1690368652,
        "var": 1381.53735352
    },
    "spectral_rms": {
        "dmean": 0.00175581860822,
        "dmean2": 0.00237411423586,
        "dvar": 5.23049629919e-06,
        "dvar2": 1.1667661056e-05,
        "max": 0.018291618675,
        "mean": 0.00481114024296,
        "median": 0.004237127956,
        "min": 3.21703492838e-12,
        "stdev": 0.00346954725683,
        "var": 1.2037758097e-05
    },
    "spectral_rolloff": {
        "dmean": 105.117950439,
        "dmean2": 151.183059692,
        "dvar": 749571.875,
        "dvar2": 748125.625,
        "max": 18281.6894531,
        "mean": 278.984802246,
        "median": 215.33203125,
        "min": 86.1328125,
        "stdev": 872.721435547,
        "var": 761642.6875
    },
    "spectral_skewness": {
        "dmean": 1.44439256191,
        "dmean2": 2.1477997303,
        "dvar": 1.27406716347,
        "dvar2": 3.29000282288,
        "max": 13.2119131088,
        "mean": 7.05275058746,
        "median": 6.92320585251,
        "min": -0.0203445330262,
        "stdev": 1.85058045387,
        "var": 3.42464780807
    },
    "spectral_spread": {
        "dmean": 824692.1875,
        "dmean2": 1286036.125,
        "dvar": 3.55118795981e+12,
        "dvar2": 3.23817832448e+12,
        "max": 40217788,
        "mean": 1867365.5,
        "median": 1608838.875,
        "min": 513233.625,
        "stdev": 2290792.75,
        "var": 5.24773176115e+12
    },
    "spectral_strongpeak": {
        "dmean": 0.269791305065,
        "dmean2": 0.41761687398,
        "dvar": 0.100368499756,
        "dvar2": 0.243814870715,
        "max": 2.83242416382,
        "mean": 0.542254924774,
        "median": 0.4460952878,
        "min": 0,
        "stdev": 0.450657814741,
        "var": 0.203092470765
    },
    "zerocrossingrate": {
        "dmean": 0.0027382269036,
        "dmean2": 0.00274005276151,
        "dvar": 0.000190532809938,
        "dvar2": 7.05509155523e-05,
        "max": 0.50732421875,
        "mean": 0.0110880536959,
        "median": 0.00830078125,
        "min": 0.00341796875,
        "stdev": 0.0304435491562,
        "var": 0.000926809676457
    },
    "barkbands": {
        "dmean": [0.000232927981415, 0.00841553322971, 0.0119125694036, 0.00687259435654, 0.00206743995659, 0.00169374549296, 0.0002948436304, 0.000109293709102, 6.36088370811e-05, 3.51953640347e-05, 1.14367976494e-05, 6.88550971972e-06, 3.7932397845e-06, 1.57156569003e-06, 9.41274208799e-07, 4.66512460662e-07, 2.91556176535e-07, 1.9335712409e-07, 1.40685742167e-07, 8.5532477101e-08, 7.82655433795e-08, 1.12814134923e-07, 1.15059016537e-07, 2.18968651211e-07, 3.42882486848e-07, 3.17965202612e-07, 3.18440362967e-09],
        "dmean2": [0.000406424573157, 0.0117209376767, 0.0202057268471, 0.0112067554146, 0.00339134014212, 0.00258650863543, 0.000478874135297, 0.000164365861565, 0.00011491040641, 5.83740475122e-05, 2.02156061277e-05, 1.1966607417e-05, 6.81558685756e-06, 2.83385361399e-06, 1.71494036749e-06, 8.00690600045e-07, 5.07723825649e-07, 3.3588977999e-07, 2.51096736292e-07, 1.4882076016e-07, 1.37487475627e-07, 2.03080503525e-07, 2.07445296496e-07, 4.09479866903e-07, 6.50582819617e-07, 6.07359083915e-07, 6.00635852166e-09],
        "dvar": [9.3429960657e-08, 0.000241150992224, 0.00107963453047, 0.000200488604605, 1.40429592648e-05, 8.75581918081e-06, 3.49092118768e-07, 4.36264855352e-08, 2.25967369261e-08, 7.05730229811e-09, 5.57319301819e-10, 2.05217967619e-10, 1.05458100585e-10, 2.3055796855e-11, 1.09786528826e-11, 9.40791064843e-13, 5.6245638572e-13, 1.64510671253e-13, 9.33085057245e-14, 2.28210496561e-14, 1.71146513709e-14, 4.35717068437e-14, 4.03345637597e-14, 2.02390242152e-13, 5.06655915139e-13, 4.2046615213e-13, 4.2185761254e-16],
        "dvar2": [2.60347377434e-07, 0.000439576630015, 0.00285413931124, 0.000512101396453, 3.58955985575e-05, 2.00813938136e-05, 8.70849873991e-07, 7.15589933975e-08, 6.35168078134e-08, 1.86298390048e-08, 1.41953748756e-09, 5.55485324405e-10, 2.97475932776e-10, 6.6060115711e-11, 3.14301536186e-11, 2.47148352131e-12, 1.5544652154e-12, 4.45615495458e-13, 2.5416921714e-13, 6.12397909076e-14, 4.53801154098e-14, 1.17745345266e-13, 1.09120550866e-13, 5.67678933375e-13, 1.41771078384e-12, 1.18035214849e-12, 1.25983752459e-15],
        "max": [0.0024089384824, 0.142285585403, 0.226988717914, 0.103922218084, 0.0361755378544, 0.0239808261395, 0.00552839040756, 0.00185602181591, 0.0012105491478, 0.000932379276492, 0.00017652058159, 0.000113138594315, 9.92039567791e-05, 3.92546862713e-05, 3.05641187879e-05, 7.19452464182e-06, 8.8158330982e-06, 2.9577774967e-06, 2.34566255131e-06, 1.15508612453e-06, 7.99502004156e-07, 1.48137507949e-06, 1.53331416186e-06, 3.25852670358e-06, 4.74274247608e-06, 3.30533703163e-06, 3.01162231153e-07],
        "mean": [0.000243086818955, 0.0108827333897, 0.0115996617824, 0.0079625044018, 0.00297192367725, 0.00180374353658, 0.000360233214451, 0.00013850753021, 4.59908806079e-05, 3.54799994966e-05, 8.80547486304e-06, 5.57988187211e-06, 2.64511663772e-06, 1.15842976811e-06, 6.45312695724e-07, 3.56323226924e-07, 2.17796426227e-07, 1.57341759177e-07, 1.11240161971e-07, 8.62513758193e-08, 7.96044616891e-08, 1.04695267567e-07, 1.15975446136e-07, 1.75151853909e-07, 2.62423526465e-07, 1.99792012268e-07, 2.359630491e-09],
        "median": [0.000143251148984, 0.00245120888576, 0.00113641959615, 0.00213251751848, 0.00175887509249, 0.000552124925889, 0.000131144945044, 1.45313060784e-05, 7.8933826444e-06, 4.81665301777e-06, 1.48910817188e-06, 1.33072080644e-06, 3.02385927853e-07, 1.74397925434e-07, 7.97431098931e-08, 7.35907050853e-08, 4.05088300681e-08, 4.4577163294e-08, 2.91262960417e-08, 4.15927523534e-08, 4.0783870503e-08, 4.59273188369e-08, 5.17435552183e-08, 6.29541290209e-08, 1.03033116261e-07, 4.40536993551e-08, 5.16480247459e-10],
        "min": [7.33262777482e-24, 1.329464633e-22, 2.35566314524e-23, 5.01782943885e-24, 1.28085237344e-22, 4.15611241698e-23, 2.74315146411e-23, 2.02138838536e-23, 1.36968391739e-22, 1.16073536331e-22, 2.07368591907e-23, 7.36519542397e-23, 9.30317675697e-23, 1.98596035812e-22, 1.4072672704e-22, 2.23598193342e-22, 9.13403488147e-23, 3.5277884925e-22, 2.6241883366e-22, 1.9178169123e-22, 5.72957172796e-22, 4.88410822263e-22, 4.76280287243e-22, 8.56147484019e-22, 1.30494830019e-21, 1.76038089959e-21, 2.36698903583e-21],
        "stdev": [0.000304909539409, 0.0225028414279, 0.0317022241652, 0.0143205532804, 0.00421760510653, 0.00323606678285, 0.000599613180384, 0.000312961870804, 0.000118288728117, 7.893347356e-05, 2.08282308449e-05, 1.20319100461e-05, 8.14090162748e-06, 3.73804027731e-06, 2.5217266284e-06, 8.41202052015e-07, 6.01536555678e-07, 3.41336487963e-07, 2.51897745329e-07, 1.33396895308e-07, 1.16893318136e-07, 1.76837033905e-07, 1.74553534293e-07, 3.53288100996e-07, 5.51356549749e-07, 4.98432484619e-07, 1.48077452522e-08],
        "var": [9.29698202867e-08, 0.000506377895363, 0.00100503093563, 0.000205078249564, 1.77881938725e-05, 1.0472127542e-05, 3.59535988537e-07, 9.79451328931e-08, 1.39922224918e-08, 6.2304934545e-09, 4.33815178225e-10, 1.44766851284e-10, 6.62742777324e-11, 1.39729451967e-11, 6.35910464911e-12, 7.07620865115e-13, 3.61846213799e-13, 1.16510601622e-13, 6.34524713588e-14, 1.77947324302e-14, 1.36640483609e-14, 3.1271334941e-14, 3.04689372419e-14, 1.24812473182e-13, 3.03994053237e-13, 2.48434953165e-13, 2.19269314708e-16]
    },
    "erbbands": {
        "dmean": [0.15855742991, 2.22068166733, 9.62780857086, 23.7422885895, 10.6024751663, 7.46715593338, 7.46978569031, 14.8639612198, 7.09105491638, 2.65533328056, 2.64244389534, 1.50987958908, 1.40628290176, 0.696332871914, 0.379668623209, 0.26745685935, 0.171761885285, 0.100361302495, 0.0654405653477, 0.038666293025, 0.0226721111685, 0.0159550495446, 0.0111000351608, 0.00825664773583, 0.00625037960708, 0.00421317247674, 0.00266292807646, 0.0035424020607, 0.0040441933088, 0.00372034055181, 0.00329403951764, 0.00317587470636, 0.00455484166741, 0.00321461143903, 0.002837294247, 0.00174984650221, 0.00054066919256, 3.21960906149e-05, 1.1292416275e-05, 2.6992192943e-05],
        "dmean2": [0.252005666494, 2.99919891357, 16.1532173157, 39.7710533142, 17.334400177, 11.9226808548, 11.5326957703, 23.3366374969, 11.0230913162, 4.649081707, 3.85972571373, 2.67699146271, 2.35617303848, 1.1402207613, 0.658474028111, 0.466556757689, 0.310196220875, 0.174241915345, 0.119700811803, 0.0691500529647, 0.0392529517412, 0.0277452804148, 0.0193616002798, 0.0145266270265, 0.0110895158723, 0.00737886875868, 0.00463192397729, 0.00631059752777, 0.00728498166427, 0.0066572483629, 0.00599311059341, 0.00580431800336, 0.00856124889106, 0.00606141146272, 0.00538900773972, 0.00332752102986, 0.0010379269952, 6.163733633e-05, 1.64261291502e-05, 3.93572408939e-05],
        "dvar": [0.0646927133203, 17.110622406, 669.059020996, 3354.30395508, 258.787139893, 261.629882812, 199.234054565, 667.670166016, 140.763092041, 25.0924034119, 31.7756900787, 11.456867218, 9.23495388031, 2.31795334816, 0.568403422832, 0.324443280697, 0.192876026034, 0.0807416886091, 0.0475500300527, 0.0114876115695, 0.00214259000495, 0.00173679227009, 0.00055543135386, 0.000321229774272, 0.000165303354152, 5.42273446626e-05, 2.28253484238e-05, 3.69249137293e-05, 5.81261374464e-05, 4.75368942716e-05, 3.36540833814e-05, 3.81720055884e-05, 9.48393717408e-05, 4.29179381172e-05, 3.81194513466e-05, 1.26621862364e-05, 1.39972223678e-06, 9.60088986091e-09, 4.75151640256e-10, 2.86784684889e-09],
        "dvar2": [0.150447130203, 30.5433635712, 1785.82995605, 8606.18359375, 665.198791504, 672.610046387, 417.438446045, 1606.15234375, 309.155914307, 68.1006240845, 51.1032333374, 31.8788986206, 24.9753456116, 5.63299703598, 1.45427632332, 0.882520675659, 0.543179154396, 0.227075785398, 0.13583560288, 0.0315137542784, 0.00568112917244, 0.00480276532471, 0.00149382685777, 0.000862632645294, 0.000457304471638, 0.000144681864185, 6.0577858676e-05, 9.83218269539e-05, 0.000157474350999, 0.000128581057652, 9.23605402932e-05, 0.000105698876723, 0.000268286559731, 0.000119820928376, 0.000107535051939, 3.57005992555e-05, 3.94021208194e-06, 2.77768261725e-08, 1.16596554633e-09, 7.11897163441e-09],
        "max": [2.11591339111, 38.1889076233, 182.714584351, 416.319091797, 114.24407196, 159.206939697, 130.914169312, 172.665847778, 95.0193023682, 40.4547271729, 50.7275047302, 25.5007362366, 30.0826454163, 15.1083173752, 4.76370763779, 3.97363686562, 3.95145273209, 2.56295728683, 2.08321619034, 0.942744374275, 0.327923297882, 0.50249093771, 0.170021951199, 0.150994196534, 0.0935230404139, 0.0550949200988, 0.0329386852682, 0.032816529274, 0.0524948425591, 0.0478171929717, 0.0447288714349, 0.044851038605, 0.0671277195215, 0.0452696233988, 0.0412581935525, 0.020053172484, 0.00701454933733, 0.000974038033746, 0.000152796244947, 0.000372096692445],
        "mean": [0.170422971249, 2.97698259354, 10.7486371994, 25.0834083557, 15.4608221054, 10.5496587753, 9.00201129913, 14.7318248749, 8.47153091431, 2.53137373924, 3.55138373375, 1.33319306374, 1.20015120506, 0.745299518108, 0.324352025986, 0.223438635468, 0.118859626353, 0.0788344666362, 0.0442235656083, 0.0285036824644, 0.0171137712896, 0.0121341571212, 0.00888148508966, 0.00675084860995, 0.00509025342762, 0.00435949675739, 0.00275610596873, 0.00359435728751, 0.00373303680681, 0.00356891215779, 0.00324002350681, 0.00292673753574, 0.00346915703267, 0.00256522395648, 0.00215090764686, 0.00116588687524, 0.000326799432514, 1.93477608263e-05, 1.66268164321e-05, 3.92115071008e-05],
        "median": [0.0449991114438, 0.629151463509, 1.5510456562, 5.14227390289, 8.74973583221, 5.1490020752, 3.09899234772, 3.75618076324, 3.20838141441, 1.0211930275, 0.396823704243, 0.298381924629, 0.171548902988, 0.115566015244, 0.0648370981216, 0.0574719011784, 0.0176539365202, 0.0104385279119, 0.00536938849837, 0.0049882279709, 0.00359928351827, 0.00233485922217, 0.00210397085175, 0.00192747917026, 0.0015113010304, 0.00221442990005, 0.00141014973633, 0.00183801318053, 0.00162932439707, 0.0016141619999, 0.00147232739255, 0.00124096008949, 0.00117905973457, 0.00104441400617, 0.000830495322589, 0.000329879054334, 5.15599786013e-05, 2.14401075027e-06, 8.73510634847e-06, 2.00388785743e-05],
        "min": [3.3882468996e-21, 3.02050622917e-20, 4.3861630028e-20, 1.40891864279e-20, 2.07754527552e-19, 5.56623999655e-19, 2.21925579012e-19, 3.61249315644e-19, 4.23308696197e-19, 5.17273260157e-19, 8.52133756502e-19, 2.92692462398e-18, 3.85923554969e-18, 2.68718948449e-18, 9.48423059874e-19, 2.97607548919e-18, 5.30607577067e-18, 1.00470490438e-17, 9.05054373269e-18, 1.09702049413e-17, 7.08345943238e-18, 7.51808411446e-18, 2.09001525073e-17, 1.24823423862e-17, 1.15155940705e-17, 8.99428552487e-18, 1.84514745554e-17, 2.47627683306e-17, 1.87970143671e-17, 1.32631876496e-17, 1.42537513224e-17, 1.3932962409e-17, 1.5232163712e-17, 1.07721646678e-17, 1.04224740638e-17, 6.66339891935e-18, 2.89613820236e-18, 1.34199032205e-18, 3.25121995595e-19, 3.73093966867e-20],
        "stdev": [0.298337697983, 6.12799072266, 24.9381961823, 56.2461128235, 18.1715621948, 17.7696342468, 16.7243824005, 26.6701049805, 13.4226493835, 4.35321617126, 8.4959230423, 2.81191754341, 2.68823862076, 1.69902563095, 0.678589940071, 0.477262407541, 0.344850480556, 0.234016150236, 0.166680946946, 0.0864366069436, 0.0394507460296, 0.0333975888789, 0.0198523811996, 0.0150182088837, 0.0106479413807, 0.00650635920465, 0.00425752997398, 0.0053108795546, 0.00639663776383, 0.00591763434932, 0.00494614988565, 0.00504651293159, 0.00752672739327, 0.00512670958415, 0.00474194949493, 0.00274874502793, 0.000898370984942, 7.24725832697e-05, 2.47855805355e-05, 5.97821635893e-05],
        "var": [0.0890053734183, 37.5522727966, 621.913635254, 3163.62524414, 330.205688477, 315.759887695, 279.704956055, 711.294494629, 180.167510986, 18.9504909515, 72.1807022095, 7.90687990189, 7.22662687302, 2.88668823242, 0.460484325886, 0.227779403329, 0.118921846151, 0.0547635555267, 0.0277825370431, 0.00747128669173, 0.00155636144336, 0.00111539894715, 0.000394117058022, 0.000225546609727, 0.000113378664537, 4.23327110184e-05, 1.81265622814e-05, 2.82054406853e-05, 4.09169770137e-05, 3.50183981936e-05, 2.44643979386e-05, 2.54672904703e-05, 5.66516282561e-05, 2.62831490545e-05, 2.24860868911e-05, 7.55559949539e-06, 8.0707042116e-07, 5.25227550341e-09, 6.14325035286e-10, 3.57390717021e-09]
    },
    "gfcc": {
        "mean": [-243.835617065, 192.277175903, 2.71861410141, 16.5295238495, -53.5564994812, 6.06015014648, -31.0467758179, -3.44267940521, -20.7481918335, -8.54546546936, -6.72584199905, -8.10279560089, -0.448028832674],
        "cov": [[9536.671875, 1048.11584473, -346.0105896, -308.181549072, 35.2543907166, 105.80758667, -100.367965698, 3.34531879425, 87.2361068726, -42.5039558411, -16.1802921295, -84.9842300415, -128.317001343], [1048.11584473, 609.577636719, -29.1804084778, -212.340240479, 0.427612453699, 1.1711152792, 77.5017242432, -61.2242507935, 108.588195801, -48.247833252, 52.152633667, -101.978637695, 44.060546875], [-346.0105896, -29.1804084778, 547.948364258, 234.168426514, 111.324203491, -9.67842769623, 77.7730331421, -26.4025745392, -4.23193645477, -33.3426856995, 25.7944011688, -0.0244333222508, 3.94997668266], [-308.181549072, -212.340240479, 234.168426514, 368.325286865, 117.117668152, -3.14304423332, 7.6804895401, -8.69518852234, -18.2799358368, -42.2270507812, 23.3907661438, 19.0695724487, 6.33437728882], [35.2543907166, 0.427612453699, 111.324203491, 117.117668152, 261.802520752, 76.6802368164, 93.4397506714, -18.8305931091, 31.2271175385, -56.8997917175, 1.21494615078, -33.7385787964, -38.0320129395], [105.80758667, 1.1711152792, -9.67842769623, -3.14304423332, 76.6802368164, 125.250862122, 80.5162124634, 34.5468292236, 33.0967674255, 2.99231648445, 4.4089050293, -19.7762737274, -14.097782135], [-100.367965698, 77.5017242432, 77.7730331421, 7.6804895401, 93.4397506714, 80.5162124634, 161.189620972, 37.9234580994, 67.9434967041, -19.1547393799, 12.632692337, -48.9907951355, -10.2101860046], [3.34531879425, -61.2242507935, -26.4025745392, -8.69518852234, -18.8305931091, 34.5468292236, 37.9234580994, 109.828475952, 50.3430786133, 58.290348053, -5.27637624741, 8.68042945862, -15.5450439453], [87.2361068726, 108.588195801, -4.23193645477, -18.2799358368, 31.2271175385, 33.0967674255, 67.9434967041, 50.3430786133, 137.937606812, 39.5274124146, 40.6084060669, -35.5652809143, 7.28067970276], [-42.5039558411, -48.247833252, -33.3426856995, -42.2270507812, -56.8997917175, 2.99231648445, -19.1547393799, 58.290348053, 39.5274124146, 114.353088379, 28.5480365753, 36.243724823, -6.67316770554], [-16.1802921295, 52.152633667, 25.7944011688, 23.3907661438, 1.21494615078, 4.4089050293, 12.632692337, -5.27637624741, 40.6084060669, 28.5480365753, 82.382232666, 20.5512828827, 29.4425468445], [-84.9842300415, -101.978637695, -0.0244333222508, 19.0695724487, -33.7385787964, -19.7762737274, -48.9907951355, 8.68042945862, -35.5652809143, 36.243724823, 20.5512828827, 89.7098388672, 19.4787578583], [-128.317001343, 44.060546875, 3.94997668266, 6.33437728882, -38.0320129395, -14.097782135, -10.2101860046, -15.5450439453, 7.28067970276, -6.67316770554, 29.4425468445, 19.4787578583, 72.6608963013]],
        "icov": [[0.000200187205337, -0.00077273696661, 0.00010486854444, -0.000372414186131, 6.41009828541e-05, -0.000519288354553, 0.000621374580078, -0.000413868867327, 7.12525652489e-05, 0.000147667858982, 0.000269485492026, -0.00059552222956, 0.000837308354676], [-0.00077273696661, 0.00776863051578, -0.00127407663967, 0.00517546292394, -0.000612274801824, 0.00288158142939, -0.00222800741903, 0.00291162496433, -0.00292378501035, 0.00229828176089, -0.00480100233108, 0.00601874478161, -0.00507295317948], [0.00010486854444, -0.00127407663967, 0.00337418657728, -0.00286925211549, -6.46955086268e-05, 0.00120473466814, -0.00287802051753, 0.00127724732738, 0.00116095913108, -0.00203150790185, 0.00128685776144, -0.00134248763788, 0.000628751993645], [-0.000372414186131, 0.00517546292394, -0.00286925211549, 0.00882387813181, -0.00298989890143, 0.00202523684129, 0.00197948166169, -0.00218382105231, -0.00090634485241, 0.00468011759222, -0.0063428459689, 0.00430354429409, -0.00383323756978], [6.41009828541e-05, -0.000612274801824, -6.46955086268e-05, -0.00298989890143, 0.00949580501765, -0.00449482444674, -0.00269880122505, 0.00510761654004, -0.00459459004924, 0.00334827136248, 0.00191771797836, -0.00446628965437, 0.00674844486639], [-0.000519288354553, 0.00288158142939, 0.00120473466814, 0.00202523684129, -0.00449482444674, 0.0165099054575, -0.0079232249409, -0.00205247220583, 0.00275933905505, -0.00258323922753, -0.00255627254955, 0.00378819881007, -0.00410175090656], [0.000621374580078, -0.00222800741903, -0.00287802051753, 0.00197948166169, -0.00269880122505, -0.0079232249409, 0.020137572661, -0.00970962364227, -0.00232971087098, 0.00724594760686, -0.00430762767792, 0.00352524686605, 0.00193413475063], [-0.000413868867327, 0.00291162496433, 0.00127724732738, -0.00218382105231, 0.00510761654004, -0.00205247220583, -0.00970962364227, 0.0262274760753, -0.00988216418773, -0.00890215020627, 0.0103398934007, -0.00606024730951, 0.00175387773197], [7.12525652489e-05, -0.00292378501035, 0.00116095913108, -0.00090634485241, -0.00459459004924, 0.00275933905505, -0.00232971087098, -0.00988216418773, 0.022047335282, -0.00830606557429, -0.00732712540776, 0.0104025024921, -0.00518807955086], [0.000147667858982, 0.00229828176089, -0.00203150790185, 0.00468011759222, 0.00334827136248, -0.00258323922753, 0.00724594760686, -0.00890215020627, -0.00830606557429, 0.0260996166617, -0.00995666347444, -0.00598549190909, 0.00780289946124], [0.000269485492026, -0.00480100233108, 0.00128685776144, -0.0063428459689, 0.00191771797836, -0.00255627254955, -0.00430762767792, 0.0103398934007, -0.00732712540776, -0.00995666347444, 0.0291059985757, -0.0119966967031, -0.00277331285179], [-0.00059552222956, 0.00601874478161, -0.00134248763788, 0.00430354429409, -0.00446628965437, 0.00378819881007, 0.00352524686605, -0.00606024730951, 0.0104025024921, -0.00598549190909, -0.0119966967031, 0.0301187876612, -0.0122125549242], [0.000837308354676, -0.00507295317948, 0.000628751993645, -0.00383323756978, 0.00674844486639, -0.00410175090656, 0.00193413475063, 0.00175387773197, -0.00518807955086, 0.00780289946124, -0.00277331285179, -0.0122125549242, 0.02763495408]]
    },
    "melbands": {
        "dmean": [0.00195929617621, 0.00423898128793, 0.00347000895999, 0.000585056492127, 0.00025395504781, 0.000327410001773, 0.000101312471088, 2.49005970545e-05, 2.0217792553e-05, 9.09189202503e-06, 6.87471856509e-06, 2.92472782348e-06, 1.46488764585e-06, 8.83905556748e-07, 4.66683331979e-07, 3.21605284626e-07, 1.72402309317e-07, 1.14747948032e-07, 6.21224529596e-08, 4.03375359781e-08, 2.43580444703e-08, 1.74723382429e-08, 1.24380061806e-08, 8.49554648852e-09, 6.55380727466e-09, 5.29678834127e-09, 3.61781471447e-09, 2.5879647314e-09, 1.61427859968e-09, 1.73089065303e-09, 2.13425344064e-09, 2.18488405146e-09, 2.42168129994e-09, 2.00904382019e-09, 1.90014182166e-09, 1.85323989488e-09, 2.03926342479e-09, 3.48081741208e-09, 2.49467069224e-09, 2.882572403e-09],
        "dmean2": [0.00286935898475, 0.00650115963072, 0.0057391799055, 0.000950665387791, 0.000398227246478, 0.000508534605615, 0.000158559836564, 4.39245159214e-05, 2.95504123642e-05, 1.62622072821e-05, 1.1542687389e-05, 4.74235139336e-06, 2.566943067e-06, 1.53655525992e-06, 8.34749926071e-07, 5.68132975332e-07, 3.01675953551e-07, 2.12362053276e-07, 1.1295674085e-07, 7.00752451621e-08, 4.27554134319e-08, 3.03904101884e-08, 2.19724185513e-08, 1.4704465201e-08, 1.15579918969e-08, 9.50539202904e-09, 6.29952001674e-09, 4.52739801204e-09, 2.81254708412e-09, 3.03568770121e-09, 3.81642095704e-09, 3.9294185683e-09, 4.38506253531e-09, 3.5634990514e-09, 3.45203865493e-09, 3.35519989569e-09, 3.76359254872e-09, 6.54708731673e-09, 4.67490490763e-09, 5.45158940213e-09],
        "dvar": [1.18926882351e-05, 0.000101115037978, 6.35722026345e-05, 1.09879613319e-06, 2.04838443096e-07, 3.19698585827e-07, 2.93226811721e-08, 2.23095497631e-09, 1.93906046775e-09, 4.16810752579e-10, 2.2873607175e-10, 4.47734037345e-11, 8.98348062606e-12, 3.54777145162e-12, 1.32116258038e-12, 6.31412944933e-13, 2.76876015604e-13, 1.51438621842e-13, 4.29205214664e-14, 8.74665364279e-15, 2.81732920311e-15, 2.32284174466e-15, 8.87950779596e-16, 3.28976744104e-16, 2.09495560349e-16, 1.3678220228e-16, 4.46059957733e-17, 2.07080315383e-17, 9.5921468562e-18, 8.28286470314e-18, 1.48053285897e-17, 1.73917188787e-17, 2.1563200634e-17, 1.33644163586e-17, 1.11415049472e-17, 1.0740326486e-17, 1.89692697665e-17, 5.55914274553e-17, 2.95154619258e-17, 3.68679527535e-17],
        "dvar2": [2.38725660893e-05, 0.00025786444894, 0.000162370779435, 2.79350911114e-06, 4.48786266816e-07, 7.55482631121e-07, 6.50190585816e-08, 6.08013328574e-09, 3.44455086676e-09, 1.16134291073e-09, 6.18772255656e-10, 1.09693212846e-10, 2.28774117705e-11, 9.60854486254e-12, 3.69996654842e-12, 1.7648177841e-12, 7.85661791701e-13, 4.33682576613e-13, 1.22309578915e-13, 2.29369017405e-14, 7.60405278376e-15, 6.47247309392e-15, 2.42854955065e-15, 8.96521058956e-16, 5.63441763711e-16, 3.76757607961e-16, 1.24242369187e-16, 5.53255319018e-17, 2.57751381387e-17, 2.15335114675e-17, 3.99327363323e-17, 4.72692327956e-17, 5.86778699314e-17, 3.59338937883e-17, 3.07422634185e-17, 2.92502711302e-17, 5.32217535237e-17, 1.57696928055e-16, 8.28661067326e-17, 1.03541922895e-16],
        "max": [0.0309989340603, 0.0725923702121, 0.058261975646, 0.00986942369491, 0.00409446796402, 0.00406333059072, 0.00133964361157, 0.000403077458031, 0.000378914759494, 0.000147988394019, 0.000151117914356, 6.66634659865e-05, 1.95636948774e-05, 1.47308919622e-05, 9.82208075584e-06, 6.81062601871e-06, 4.73492309538e-06, 3.72271460947e-06, 2.12414829548e-06, 6.63485536734e-07, 4.04430068102e-07, 6.03330761351e-07, 2.64402927996e-07, 1.34808146868e-07, 1.2445457287e-07, 9.18646065884e-08, 5.24286782877e-08, 3.77830460252e-08, 2.39386430678e-08, 2.06896331179e-08, 2.47493225913e-08, 2.95397040162e-08, 3.49204647421e-08, 2.35678569993e-08, 2.64279655937e-08, 2.36423236544e-08, 3.5611847693e-08, 5.51142456118e-08, 4.05560918182e-08, 4.7565006156e-08],
        "mean": [0.00238289334811, 0.00538986502215, 0.00396246369928, 0.000914639618713, 0.000305351568386, 0.000333516916726, 0.000120180331578, 2.37696494878e-05, 2.64380232693e-05, 6.96605775374e-06, 5.82752318223e-06, 3.06850074594e-06, 1.19413164157e-06, 7.16107308563e-07, 3.45118735368e-07, 2.33808805206e-07, 1.33296580884e-07, 7.57511955385e-08, 4.37363816275e-08, 3.06082412749e-08, 1.80396213523e-08, 1.31151818294e-08, 9.39257471799e-09, 7.15581904842e-09, 5.26913934706e-09, 4.1211318802e-09, 3.20812842958e-09, 2.72138556134e-09, 1.62606472731e-09, 1.82901871426e-09, 2.06571160177e-09, 1.96977545386e-09, 2.238022212e-09, 1.92231852658e-09, 1.84877335663e-09, 1.7867584079e-09, 1.77979808669e-09, 2.58739696335e-09, 1.95298532901e-09, 2.21699281155e-09],
        "median": [0.000572781544179, 0.00106468831655, 0.00102858804166, 0.000690615037456, 0.000116230272397, 8.40975553729e-05, 4.37938833784e-05, 7.61175760999e-06, 2.63156357505e-06, 1.37308506964e-06, 7.27206952433e-07, 4.42497707809e-07, 2.35854741959e-07, 1.74704922529e-07, 6.23738003469e-08, 2.86252515025e-08, 1.75169905248e-08, 8.35764257801e-09, 6.22979889897e-09, 5.89545789964e-09, 3.56272744639e-09, 2.42577136156e-09, 1.78117653959e-09, 2.22457896548e-09, 1.47787848626e-09, 1.10166287204e-09, 1.18981935415e-09, 1.47566758812e-09, 8.02995503424e-10, 9.90974413639e-10, 9.78661596207e-10, 8.37998337389e-10, 1.01797759111e-09, 8.35346236627e-10, 8.3721196642e-10, 7.50333184474e-10, 7.15843051502e-10, 8.30601254442e-10, 7.40665473398e-10, 8.50208237146e-10],
        "min": [3.41829806985e-23, 2.84691065452e-23, 7.04915691942e-24, 3.00606902195e-23, 1.09593542554e-23, 8.45967177239e-24, 6.47930983389e-24, 5.13448973939e-24, 9.80187679299e-24, 1.90353935033e-23, 1.89208524776e-23, 1.14036628053e-23, 2.6618223897e-24, 5.60642972024e-24, 1.06224546398e-23, 1.17938902071e-23, 1.90948657269e-23, 1.40475364401e-23, 1.08631692341e-23, 1.96439081838e-23, 5.28325904535e-24, 5.50782802354e-24, 1.91024545688e-23, 1.37697800931e-23, 9.99150238853e-24, 8.38969823237e-24, 6.97425457646e-24, 5.45412316198e-24, 1.09381141755e-23, 1.37090346479e-23, 1.38283088391e-23, 1.13415052992e-23, 7.81570173849e-24, 7.79621924071e-24, 8.89392234577e-24, 7.40298312351e-24, 8.81217426788e-24, 1.08101601479e-23, 9.48857279587e-24, 9.1720636569e-24],
