{
"metadata": {
    "version": {
        "essentia": "2.1-beta6-dev",
        "essentia_git_sha": "v2.1_beta5-778-gc9eadba6",
        "extractor": "music 2.0"
    },
    "audio_properties": {
        "analysis": {
            "equal_loudness": 0,
            "length": 7.99997711182,
            "sample_rate": 44100,
            "start_time": 0,
            "downmix": "mix"
        },
        "bit_rate": 128000,
        "length": 8,
        "lossless": 0,
        "number_channels": 2,
        "replay_gain": -4.42827033997,
        "sample_rate": 48000,
        "codec": "mp3",
        "md5_encoded": "2b6720ac307c5db9ffb014a493019eed"
    },
    "tags": {
        "file_name": "jacopastorius-fullalbum2.mp3",
        "encoding": ["Lavf59.16.100"]
    }
},
"lowlevel": {
    "average_loudness": 0.982091963291,
    "barkbands_crest": {
        "dmean": 3.89200115204,
        "dmean2": 6.06359910965,
        "dvar": 8.57402515411,
        "dvar2": 19.5367298126,
        "max": 24.8639030457,
        "mean": 14.5986833572,
        "median": 13.823091507,
        "min": 4.90953063965,
        "stdev": 4.7239151001,
        "var": 22.315372467
    },
    "barkbands_flatness_db": {
        "dmean": 0.0506120659411,
        "dmean2": 0.0776001065969,
        "dvar": 0.0023068820592,
        "dvar2": 0.00450219772756,
        "max": 0.555715858936,
        "mean": 0.344973891973,
        "median": 0.334263950586,
        "min": 0.0715089216828,
        "stdev": 0.0830903053284,
        "var": 0.00690399855375
    },
    "barkbands_kurtosis": {
        "dmean": 10.8886451721,
        "dmean2": 17.3494224548,
        "dvar": 246.036117554,
        "dvar2": 615.285705566,
        "max": 139.041854858,
        "mean": 16.6647472382,
        "median": 10.7296819687,
        "min": -0.448843002319,
        "stdev": 19.0221767426,
        "var": 361.843200684
    },
    "barkbands_skewness": {
        "dmean": 1.00074768066,
        "dmean2": 1.56059706211,
        "dvar": 0.910379767418,
        "dvar2": 2.0794775486,
        "max": 8.86487197876,
        "mean": 2.51105713844,
        "median": 2.36430549622,
        "min": -1.89582002163,
        "stdev": 1.50690245628,
        "var": 2.27075505257
    },
    "barkbands_spread": {
        "dmean": 1.43589603901,
        "dmean2": 2.21265411377,
        "dvar": 3.08737945557,
        "dvar2": 4.9729347229,
        "max": 26.9381523132,
        "mean": 3.23998212814,
        "median": 2.50701355934,
        "min": 0.311704397202,
        "stdev": 2.73188066483,
        "var": 7.46317195892
    },
    "dissonance": {
        "dmean": 0.0484693236649,
        "dmean2": 0.0780992209911,
        "dvar": 0.00153011770453,
        "dvar2": 0.00410509994254,
        "max": 0.498542070389,
        "mean": 0.394208163023,
        "median": 0.397704333067,
        "min": 0.252452164888,
        "stdev": 0.0548701174557,
        "var": 0.00301072979346
    },
    "dynamic_complexity": 3.24303603172,
    "erbbands_crest": {
        "dmean": 3.23930740356,
        "dmean2": 5.09362745285,
        "dvar": 7.35000658035,
        "dvar2": 15.5574407578,
        "max": 29.4893398285,
        "mean": 12.175699234,
        "median": 10.8057565689,
        "min": 3.57256937027,
        "stdev": 5.29251813889,
        "var": 28.0107498169
    },
    "erbbands_flatness_db": {
        "dmean": 0.0312277097255,
        "dmean2": 0.0446435511112,
        "dvar": 0.000674299255479,
        "dvar2": 0.00136900541838,
        "max": 0.414642214775,
        "mean": 0.249784275889,
        "median": 0.249460458755,
        "min": 0.0928289741278,
        "stdev": 0.0505844503641,
        "var": 0.00255878665484
    },
    "erbbands_kurtosis": {
        "dmean": 3.47308158875,
        "dmean2": 5.20117807388,
        "dvar": 19.5908527374,
        "dvar2": 46.995716095,
        "max": 49.9745025635,
        "mean": 4.62005281448,
        "median": 2.58677697182,
        "min": -1.26666140556,
        "stdev": 6.12432003021,
        "var": 37.5072975159
    },
    "erbbands_skewness": {
        "dmean": 0.639464497566,
        "dmean2": 0.935007214546,
        "dvar": 0.286991596222,
        "dvar2": 0.646660089493,
        "max": 4.74403762817,
        "mean": 1.31567466259,
        "median": 1.28138709068,
        "min": -0.634387016296,
        "stdev": 0.942973911762,
        "var": 0.889199852943
    },
    "erbbands_spread": {
        "dmean": 4.6483874321,
        "dmean2": 6.75590467453,
        "dvar": 18.6524543762,
        "dvar2": 38.4568557739,
        "max": 43.2515525818,
        "mean": 15.9649209976,
        "median": 15.1863899231,
        "min": 1.09537351131,
        "stdev": 7.69650506973,
        "var": 59.2361869812
    },
    "hfc": {
        "dmean": 4.84771490097,
        "dmean2": 7.60075426102,
        "dvar": 63.5827484131,
        "dvar2": 164.059417725,
        "max": 49.9414596558,
        "mean": 6.69720077515,
        "median": 4.1220741272,
        "min": 1.21737375124e-16,
        "stdev": 8.31892967224,
        "var": 69.2045898438
    },
    "loudness_ebu128": {
        "integrated": -17.9239940643,
        "loudness_range": 0.772861480713,
        "momentary": {
            "dmean": 0.703296840191,
            "dmean2": 0.811403274536,
            "dvar": 0.58222258091,
            "dvar2": 0.45661136508,
            "max": -16.2664775848,
            "mean": -18.6076068878,
            "median": -17.5794372559,
            "min": -30.6073513031,
            "stdev": 2.80594968796,
            "var": 7.87335300446
        },
        "short_term": {
            "dmean": 0.124724842608,
            "dmean2": 0.170600309968,
            "dvar": 0.0106014683843,
            "dvar2": 0.0199531335384,
            "max": -17.1662025452,
            "mean": -17.6014232635,
            "median": -17.4910736084,
            "min": -18.5016708374,
            "stdev": 0.308203279972,
            "var": 0.0949892625213
        }
    },
    "melbands_crest": {
        "dmean": 4.59840345383,
        "dmean2": 7.13842773438,
        "dvar": 11.4119520187,
        "dvar2": 24.959936142,
        "max": 33.671257019,
        "mean": 19.4832267761,
        "median": 18.9323654175,
        "min": 1.96534991264,
        "stdev": 5.59185171127,
        "var": 31.2688064575
    },
    "melbands_flatness_db": {
        "dmean": 0.0583271421492,
        "dmean2": 0.087922513485,
        "dvar": 0.00321749737486,
        "dvar2": 0.00587704218924,
        "max": 0.710815131664,
        "mean": 0.463818103075,
        "median": 0.45536673069,
        "min": 0.00571483792737,
        "stdev": 0.0996279045939,
        "var": 0.00992571935058
    },
    "melbands_kurtosis": {
        "dmean": 11.9943227768,
        "dmean2": 18.9614009857,
        "dvar": 180.398376465,
        "dvar2": 432.791107178,
        "max": 124.64315033,
        "mean": 21.027967453,
        "median": 15.9971342087,
        "min": -1.21271133423,
        "stdev": 18.5931682587,
        "var": 345.705871582
    },
    "melbands_skewness": {
        "dmean": 0.976838052273,
        "dmean2": 1.50994300842,
        "dvar": 0.67394888401,
        "dvar2": 1.47484982014,
        "max": 7.99650430679,
        "mean": 2.90776801109,
        "median": 2.83841872215,
        "min": -0.981042563915,
        "stdev": 1.38927412033,
        "var": 1.93008267879
    },
    "melbands_spread": {
        "dmean": 1.92319321632,
        "dmean2": 2.88050580025,
        "dvar": 53.6762695312,
        "dvar2": 55.8620452881,
        "max": 138.755508423,
        "mean": 3.79298639297,
        "median": 2.46651220322,
        "min": 0.38169452548,
        "stdev": 7.87933540344,
        "var": 62.0839271545
    },
    "pitch_salience": {
        "dmean": 0.114088907838,
        "dmean2": 0.178298145533,
        "dvar": 0.00809987355024,
        "dvar2": 0.0199808254838,
        "max": 0.794943273067,
        "mean": 0.46636068821,
        "median": 0.473047465086,
        "min": 0.109495528042,
        "stdev": 0.132987290621,
        "var": 0.0176856182516
    },
    "silence_rate_20dB": {
        "dmean": 0.00579710165039,
        "dmean2": 0.0116279069334,
        "dvar": 0.00576350232586,
        "dvar2": 0.0173067916185,
        "max": 1,
        "mean": 0.997109830379,
        "median": 1,
        "min": 0,
        "stdev": 0.0536825358868,
        "var": 0.0028818147257
    },
    "silence_rate_30dB": {
        "dmean": 0.12753623724,
        "dmean2": 0.255813956261,
        "dvar": 0.111270926893,
        "dvar2": 0.219442650676,
        "max": 1,
        "mean": 0.82369941473,
        "median": 1,
        "min": 0,
        "stdev": 0.381075978279,
        "var": 0.145218893886
    },
    "silence_rate_60dB": {
        "dmean": 0.0231884066015,
        "dmean2": 0.0465116277337,
        "dvar": 0.0226507280022,
        "dvar2": 0.050162255764,
        "max": 1,
        "mean": 0.0751445069909,
        "median": 0,
        "min": 0,
        "stdev": 0.263624370098,
        "var": 0.0694978162646
    },
    "spectral_centroid": {
        "dmean": 95.7700271606,
        "dmean2": 132.955551147,
        "dvar": 336143.625,
        "dvar2": 329410.78125,
        "max": 11250.390625,
        "mean": 312.438934326,
        "median": 259.562011719,
        "min": 126.647407532,
        "stdev": 599.26776123,
        "var": 359121.875
    },
    "spectral_complexity": {
        "dmean": 1.58840584755,
        "dmean2": 2.61627912521,
        "dvar": 2.15522432327,
        "dvar2": 4.93996095657,
        "max": 15,
        "mean": 6.18786144257,
        "median": 6,
        "min": 0,
        "stdev": 2.49900960922,
        "var": 6.24504852295
    },
    "spectral_decrease": {
        "dmean": 1.04497015485e-08,
        "dmean2": 1.63344928694e-08,
        "dvar": 3.27830364419e-16,
        "dvar2": 7.66554864628e-16,
        "max": 5.37091125273e-29,
        "mean": -1.42510288015e-08,
        "median": -6.1473355295e-09,
        "min": -1.15057886774e-07,
        "stdev": 2.0706369952e-08,
        "var": 4.28753784219e-16
    },
    "spectral_energy": {
        "dmean": 0.0398477986455,
        "dmean2": 0.0623040795326,
        "dvar": 0.00476402277127,
        "dvar2": 0.0111511275172,
        "max": 0.438461512327,
        "mean": 0.0543940216303,
        "median": 0.0235555768013,
        "min": 1.08392301518e-20,
        "stdev": 0.0788585320115,
        "var": 0.00621866853908
    },
    "spectral_energyband_high": {
        "dmean": 4.51205960417e-06,
        "dmean2": 6.81011033521e-06,
        "dvar": 6.90104987044e-11,
        "dvar2": 1.34403252416e-10,
        "max": 7.3102004535e-05,
        "mean": 5.12416454512e-06,
        "median": 1.72201544046e-06,
        "min": 7.81669038315e-21,
        "stdev": 9.63852653513e-06,
        "var": 9.29011936823e-11
    },
    "spectral_energyband_low": {
        "dmean": 0.0363528467715,
        "dmean2": 0.0573848448694,
        "dvar": 0.0043012551032,
        "dvar2": 0.0100549599156,
        "max": 0.425311386585,
        "mean": 0.0452866069973,
        "median": 0.0158258359879,
        "min": 9.45856089828e-23,
        "stdev": 0.0741784498096,
        "var": 0.00550244189799
    },
    "spectral_energyband_middle_high": {
        "dmean": 0.000142904391396,
        "dmean2": 0.000208103985642,
        "dvar": 4.28100754846e-08,
        "dvar2": 8.72819043707e-08,
        "max": 0.00209421431646,
        "mean": 0.000283434288576,
        "median": 0.000123662219266,
        "min": 1.55837030775e-21,
        "stdev": 0.000396367686335,
        "var": 1.57107351129e-07
    },
    "spectral_energyband_middle_low": {
        "dmean": 0.0107042947784,
        "dmean2": 0.0170756820589,
        "dvar": 0.000339290767442,
        "dvar2": 0.000893310294487,
        "max": 0.135655164719,
        "mean": 0.0130125992,
        "median": 0.00698729790747,
        "min": 2.97678947126e-22,
        "stdev": 0.0185799505562,
        "var": 0.000345214590197
    },
    "spectral_entropy": {
        "dmean": 0.387240588665,
        "dmean2": 0.588354468346,
        "dvar": 0.141610905528,
        "dvar2": 0.264375865459,
        "max": 9.79306983948,
        "mean": 5.88027906418,
        "median": 5.84180831909,
        "min": 4.35049104691,
        "stdev": 0.608274102211,
        "var": 0.369997352362
    },
    "spectral_flux": {
        "dmean": 0.0632228627801,
        "dmean2": 0.103890277445,
        "dvar": 0.00769166182727,
        "dvar2": 0.0148884691298,
        "max": 0.565753638744,
        "mean": 0.129137307405,
        "median": 0.0877448692918,
        "min": 1.04111622101e-10,
        "stdev": 0.115967854857,
        "var": 0.0134485429153
    },
    "spectral_kurtosis": {
        "dmean": 14.9422273636,
        "dmean2": 23.0142192841,
        "dvar": 248.900299072,
        "dvar2": 530.788146973,
        "max": 166.212799072,
        "mean": 34.1427116394,
        "median": 26.5035171509,
        "min": -1.19570875168,
        "stdev": 24.4074020386,
        "var": 595.721313477
    },
    "spectral_rms": {
        "dmean": 0.00225076125935,
        "dmean2": 0.00339609035291,
        "dvar": 8.06838215794e-06,
        "dvar2": 1.73867138074e-05,
        "max": 0.0206825379282,
        "mean": 0.00595959555358,
        "median": 0.00479385536164,
        "min": 3.25190070184e-12,
        "stdev": 0.00418933527544,
        "var": 1.7550530174e-05
    },
    "spectral_rolloff": {
        "dmean": 137.188232422,
        "dmean2": 196.928604126,
        "dvar": 970800.8125,
        "dvar2": 974997.6875,
        "max": 18604.6875,
        "mean": 305.261322021,
        "median": 215.33203125,
        "min": 64.599609375,
        "stdev": 997.76751709,
        "var": 995540
    },
    "spectral_skewness": {
        "dmean": 0.993825018406,
        "dmean2": 1.4901714325,
        "dvar": 0.82830530405,
        "dvar2": 1.69322967529,
        "max": 10.281162262,
        "mean": 4.55096244812,
        "median": 4.18618822098,
        "min": -0.00871563795954,
        "stdev": 1.58386158943,
        "var": 2.50861740112
    },
    "spectral_spread": {
        "dmean": 821168.625,
        "dmean2": 1170614.375,
        "dvar": 5.15626447667e+12,
        "dvar2": 5.07164963635e+12,
        "max": 40776696,
        "mean": 2403499,
        "median": 2020749.375,
        "min": 543360.625,
        "stdev": 2529723.5,
        "var": 6.39950127104e+12
    },
    "spectral_strongpeak": {
        "dmean": 0.278698831797,
        "dmean2": 0.446128100157,
        "dvar": 0.113073788583,
        "dvar2": 0.271397531033,
        "max": 2.63026499748,
        "mean": 0.522365689278,
        "median": 0.411288976669,
        "min": 4.06818889687e-09,
        "stdev": 0.448095798492,
        "var": 0.20078985393
    },
    "zerocrossingrate": {
        "dmean": 0.00409731641412,
        "dmean2": 0.00381114869379,
        "dvar": 0.000247613701504,
        "dvar2": 6.9917710789e-05,
        "max": 0.5166015625,
        "mean": 0.0133204814047,
        "median": 0.00927734375,
        "min": 0.00244140625,
        "stdev": 0.0331544466317,
        "var": 0.00109921745025
    },
    "barkbands": {
        "dmean": [0.00111215224024, 0.0234234873205, 0.0152310533449, 0.00713672488928, 0.0033316470217, 0.000940706057008, 0.000255973340245, 0.000229830286116, 0.000305282417685, 6.75255869282e-05, 3.80329584004e-05, 1.61633070093e-05, 2.06089534913e-05, 1.28243209474e-05, 6.86586508891e-06, 7.36482888897e-06, 4.39154382548e-06, 2.72353827313e-06, 1.61123750786e-06, 8.95344442142e-07, 7.80273353485e-07, 9.34127399432e-07, 8.80712718754e-07, 7.64933531627e-07, 5.56856321055e-07, 4.19450486788e-07, 1.90344651152e-09],
        "dmean2": [0.00171048589982, 0.0364315211773, 0.0280571877956, 0.0125374002382, 0.00520949158818, 0.00141026766505, 0.000438517308794, 0.000368924025679, 0.000471687846584, 0.000101530677057, 5.87497270317e-05, 2.60583929048e-05, 2.83355439024e-05, 1.87889199879e-05, 1.06650795715e-05, 1.21137509268e-05, 7.1802282946e-06, 4.32970182374e-06, 2.53672715189e-06, 1.41040720791e-06, 1.21888194826e-06, 1.47142316109e-06, 1.34982610689e-06, 1.15226589514e-06, 8.42746601393e-07, 6.81535198055e-07, 3.51692452938e-09],
        "dvar": [4.53655775345e-06, 0.00169364491012, 0.00138191215228, 0.000243790549575, 5.24111346749e-05, 3.15811894325e-06, 2.03414373345e-07, 1.73233217993e-07, 6.3724831989e-07, 1.8027005666e-08, 7.50398321259e-09, 1.37905009634e-09, 2.06279016091e-09, 6.19987394757e-10, 1.07732656129e-10, 1.67498834247e-10, 1.01343690384e-10, 3.49391349186e-11, 9.78493154558e-12, 3.08038967597e-12, 3.05845713339e-12, 3.56184005901e-12, 2.64857385156e-12, 2.27284185396e-12, 9.5801209847e-13, 1.12374660358e-12, 8.86444546566e-18],
        "dvar2": [1.02157009678e-05, 0.00336778140627, 0.0039587719366, 0.000657981378026, 0.000126182640088, 6.22455308985e-06, 5.75056901653e-07, 4.20454739469e-07, 1.29673492211e-06, 3.86199374702e-08, 1.31982806906e-08, 3.31059113456e-09, 2.98813862543e-09, 1.16901222036e-09, 2.51384607575e-10, 4.17817419551e-10, 2.62472682477e-10, 7.76011616077e-11, 2.20498272419e-11, 7.26937824172e-12, 6.66622486378e-12, 6.94568881576e-12, 5.68958812355e-12, 4.71215514525e-12, 1.75992824914e-12, 2.84827109814e-12, 2.81463886766e-17],
        "max": [0.0125431949273, 0.23937523365, 0.20183429122, 0.109692849219, 0.0840228199959, 0.0171144399792, 0.00487911468372, 0.00412070564926, 0.00893000420183, 0.00175874913111, 0.0013800211018, 0.000355183088686, 0.000641370250378, 0.000353534589522, 8.29676137073e-05, 8.78442151588e-05, 0.000107504230982, 5.91883836023e-05, 1.98832403839e-05, 1.29548770929e-05, 1.48295739564e-05, 1.75257100636e-05, 1.57286704052e-05, 1.35887621582e-05, 9.09839491214e-06, 1.17804584079e-05, 2.21311946547e-08],
        "mean": [0.00110167742241, 0.0281874816865, 0.0118120573461, 0.00619655055925, 0.00432411814108, 0.00127649155911, 0.00035428578849, 0.000276442879112, 0.00056839856552, 0.000125695049064, 5.30188226548e-05, 1.93885152839e-05, 4.04120983148e-05, 2.05659962376e-05, 9.18635851122e-06, 1.15378124974e-05, 5.96103109274e-06, 3.25192877426e-06, 1.92024526768e-06, 9.91022830021e-07, 8.26801112908e-07, 1.07383550585e-06, 9.2074509439e-07, 8.30632757243e-07, 6.73345653013e-07, 3.67987155414e-07, 1.58516233473e-09],
        "median": [0.000178427129867, 0.00539415795356, 0.00381350144744, 0.00160693563521, 0.00183610990644, 0.000574015488382, 0.000200803478947, 6.97605428286e-05, 7.48027669033e-05, 1.96816108655e-05, 1.30368662212e-05, 6.3760262492e-06, 1.12423440441e-05, 5.37549567525e-06, 3.55563338417e-06, 6.15011413174e-06, 2.11705400943e-06, 9.6885264611e-07, 6.84611961788e-07, 3.65760911336e-07, 2.52443612681e-07, 3.20625645145e-07, 2.79433379546e-07, 2.53667849393e-07, 2.20229239289e-07, 5.67851543565e-08, 4.63042271193e-10],
        "min": [1.09156592499e-23, 5.54134206913e-23, 1.95037875544e-23, 2.11614383294e-23, 5.86524204592e-23, 7.69330476256e-23, 3.08891456313e-23, 4.38005077977e-23, 4.44682280668e-23, 1.20482183318e-22, 4.42773742149e-23, 2.29088378097e-23, 1.33994373504e-22, 1.30451062754e-22, 1.57018206724e-22, 2.20790328147e-22, 2.00386952015e-22, 2.10664332863e-22, 1.66233452627e-22, 2.95468596735e-22, 3.7116256476e-22, 4.0446024473e-22, 8.54196359632e-22, 8.44362482696e-22, 1.14531879978e-21, 1.72618982518e-21, 2.58233468387e-21],
        "stdev": [0.00233511161059, 0.0504128783941, 0.0286661144346, 0.0138889160007, 0.00844691880047, 0.00224670465104, 0.000465602206532, 0.000514862884302, 0.00131809304003, 0.000264235015493, 0.000138645918923, 3.91744870285e-05, 8.51301811053e-05, 3.95739734813e-05, 1.30247826746e-05, 1.52671327669e-05, 1.01154391814e-05, 6.48293234917e-06, 3.36820130542e-06, 1.80788504167e-06, 1.87550176634e-06, 2.14634383155e-06, 1.7963617438e-06, 1.66863526374e-06, 1.17745003081e-06, 9.55802306635e-07, 2.81410805769e-09],
        "var": [5.45274633623e-06, 0.00254145823419, 0.000821746129077, 0.000192901992705, 7.13504341547e-05, 5.04768149767e-06, 2.16785409179e-07, 2.65083798467e-07, 1.73736930265e-06, 6.98201390037e-08, 1.92226892182e-08, 1.53464041475e-09, 7.24714732669e-09, 1.56609947233e-09, 1.69644964743e-10, 2.33085328816e-10, 1.02322109119e-10, 4.20284120006e-11, 1.134478015e-11, 3.26844844592e-12, 3.51750703217e-12, 4.60679194444e-12, 3.22691547962e-12, 2.78434350229e-12, 1.38638861676e-12, 9.13557966255e-13, 7.91920384582e-18]
    },
    "erbbands": {
        "dmean": [0.804432570934, 5.42060613632, 15.7354984283, 24.0926933289, 11.5934028625, 15.5903282166, 6.39016342163, 8.79376888275, 5.58048200607, 3.38860106468, 6.4136505127, 7.15715646744, 2.05546402931, 2.09221816063, 1.34647798538, 0.709707975388, 1.07193171978, 0.554094433784, 0.502598285675, 0.388017743826, 0.282092452049, 0.27427688241, 0.157254055142, 0.0995213910937, 0.0639706626534, 0.0430400408804, 0.0303820427507, 0.0335897132754, 0.033471275121, 0.0322769507766, 0.0230369847268, 0.016940318048, 0.0121167236939, 0.0063922344707, 0.00386752188206, 0.00263396510854, 0.000617925776169, 1.89602997125e-05, 1.77267265826e-05, 4.31626176578e-05],
        "dmean2": [1.18257772923, 9.00217914581, 29.125541687, 42.5553016663, 18.8729743958, 24.5214214325, 9.34155750275, 13.249546051, 8.95247650146, 5.53413391113, 9.85341644287, 11.0387792587, 3.3203933239, 3.07791519165, 2.07836127281, 1.13559949398, 1.43814361095, 0.810345590115, 0.773924291134, 0.621683597565, 0.465104579926, 0.43990406394, 0.251396566629, 0.156808316708, 0.102853797376, 0.0681740939617, 0.0486759580672, 0.0532042384148, 0.0523047484457, 0.0487169995904, 0.0355828888714, 0.0254475995898, 0.0182326938957, 0.00985543057323, 0.00590450828895, 0.00418446026742, 0.00104338116944, 3.28642199747e-05, 2.77363669738e-05, 6.74991824781e-05],
        "dvar": [2.16459774971, 99.0629043579, 1409.40234375, 2852.61474609, 400.759338379, 1663.74560547, 55.7522583008, 403.134338379, 94.1418304443, 24.8804569244, 154.703674316, 443.394378662, 22.0575046539, 18.4171829224, 8.02835178375, 2.56634354591, 5.9018611908, 1.44793105125, 0.569548249245, 0.500071763992, 0.259557425976, 0.373777300119, 0.109617725015, 0.0494495779276, 0.0154696460813, 0.00699272705242, 0.00446825940162, 0.00531322788447, 0.0043337973766, 0.00349539006129, 0.00207180064172, 0.00112107209861, 0.000558433006518, 0.000137059410918, 4.99161578773e-05, 3.41858103639e-05, 3.17221906698e-06, 3.61898089274e-09, 9.27693588615e-10, 5.58413004725e-09],
        "dvar2": [4.04284715652, 223.772613525, 4017.07592773, 7852.71240234, 1032.87487793, 3994.65380859, 110.980865479, 814.901916504, 221.818450928, 67.4439086914, 357.472686768, 912.456665039, 55.5338897705, 37.8850746155, 13.4025154114, 6.02069711685, 8.41888237, 2.70303463936, 1.37454116344, 1.06904137135, 0.663488328457, 0.972141027451, 0.249584823847, 0.111651949584, 0.0334410741925, 0.016499819234, 0.00987389590591, 0.0115511463955, 0.00854842364788, 0.00730157224461, 0.00439676968381, 0.00243068183772, 0.00112509366591, 0.000240612542257, 9.85595834209e-05, 8.08036420494e-05, 8.4023895397e-06, 9.92691528978e-09, 2.17002149583e-09, 1.30833646139e-08],
        "max": [8.52913188934, 62.8592453003, 229.459457397, 360.735168457, 138.676544189, 456.6769104, 65.9053955078, 199.317138672, 94.4362487793, 43.6629257202, 121.895782471, 260.481964111, 58.979839325, 53.2398376465, 47.2923240662, 17.5239906311, 34.8495292664, 19.1061534882, 5.49686956406, 6.64977455139, 3.55823254585, 6.51275253296, 2.84843730927, 2.13037896156, 0.797684133053, 0.613420784473, 0.552318155766, 0.557498991489, 0.572790563107, 0.569498956203, 0.441006839275, 0.299309581518, 0.223735138774, 0.104967594147, 0.0636259764433, 0.0618424862623, 0.0202167630196, 0.000601595384069, 0.000194648804609, 0.000474684027722],
        "mean": [0.93264144659, 5.86211299896, 12.8738489151, 20.20170784, 12.6697244644, 19.7419433594, 8.92914485931, 11.4286766052, 7.40689277649, 4.76924991608, 9.29974079132, 13.4723176956, 2.84850311279, 4.1212143898, 2.03626346588, 1.00423502922, 2.12400197983, 0.958277881145, 0.813631534576, 0.649442911148, 0.394602030516, 0.381630063057, 0.202827051282, 0.11579503864, 0.0760520622134, 0.0478850528598, 0.0319491662085, 0.0355077572167, 0.0381345786154, 0.0355035662651, 0.0241382438689, 0.0180282052606, 0.0132717313245, 0.00808519031852, 0.00444781314582, 0.00252820900641, 0.000494750915095, 1.53660585056e-05, 2.47686130024e-05, 5.90504823776e-05],
        "median": [0.115174345672, 1.44232320786, 4.71849536896, 6.06427001953, 5.53933572769, 6.69701433182, 5.10663414001, 4.06129741669, 3.57291030884, 2.46072840691, 2.09345340729, 1.82682347298, 1.11960363388, 0.751913785934, 0.631836533546, 0.421658217907, 0.591670274734, 0.387324154377, 0.387662142515, 0.333869218826, 0.212856918573, 0.13835015893, 0.0692240893841, 0.0429737195373, 0.025528345257, 0.0179090239108, 0.0104812085629, 0.0105455936864, 0.011176943779, 0.0120774582028, 0.00705414963886, 0.00580473616719, 0.00420917384326, 0.00261709094048, 0.00146180368029, 0.000528505537659, 6.11215218669e-05, 3.31034334522e-06, 1.12889647426e-05, 2.57000410784e-05],
        "min": [1.50379385586e-21, 1.25344116093e-20, 2.27549453981e-20, 5.54257991684e-20, 4.74607833461e-20, 2.15755315705e-19, 6.32258189542e-19, 6.82811022485e-19, 4.33346429533e-19, 8.81595448379e-19, 5.39227098903e-19, 1.23491199855e-18, 1.78049551517e-18, 4.65490058091e-18, 1.50179313779e-18, 1.2164825179e-18, 6.26119434062e-18, 5.56894425677e-18, 7.63362387524e-18, 9.23165492781e-18, 1.45868801161e-17, 1.00990514074e-17, 1.1260951482e-17, 8.03540286955e-18, 1.04320958287e-17, 1.48181647785e-17, 1.39756747071e-17, 1.5194503833e-17, 1.37211810112e-17, 2.19630580878e-17, 2.35496467509e-17, 1.71674817952e-17, 1.45128573775e-17, 1.05239807055e-17, 9.73563043244e-18, 6.42617427302e-18, 3.24906804559e-18, 1.36325031136e-18, 4.15624782842e-19, 3.2473705288e-20],
        "stdev": [1.83490157127, 10.7186040878, 29.15483284, 44.8891372681, 20.770067215, 47.4300956726, 10.3484783173, 24.3030719757, 11.1024284363, 6.37804794312, 17.9819889069, 32.8230133057, 5.05561494827, 8.81053161621, 4.75065755844, 1.76951563358, 4.57085895538, 1.9585365057, 0.986194729805, 0.969797432423, 0.539144933224, 0.63238042593, 0.364709705114, 0.22791646421, 0.134836658835, 0.0859120637178, 0.0699773877859, 0.0785838961601, 0.0754382014275, 0.0667776912451, 0.0499635152519, 0.0362480282784, 0.0267531443387, 0.0145063186064, 0.0079677645117, 0.00569482613355, 0.00150084635243, 4.87639372295e-05, 3.4906235669e-05, 8.5306710389e-05],
        "var": [3.36686396599, 114.88848114, 850.004272461, 2015.0345459, 431.395690918, 2249.61401367, 107.091003418, 590.639343262, 123.263908386, 40.6794967651, 323.351928711, 1077.35021973, 25.5592403412, 77.6254653931, 22.5687465668, 3.13118577003, 20.8927536011, 3.83586525917, 0.972580015659, 0.940507113934, 0.290677249432, 0.399905025959, 0.133013173938, 0.051945913583, 0.0181809253991, 0.00738088227808, 0.00489683495834, 0.00617542909458, 0.00569092249498, 0.00445925956592, 0.00249635288492, 0.00131391966715, 0.000715730770025, 0.000210433267057, 6.3485269493e-05, 3.24310422002e-05, 2.25253984354e-06, 2.37792141533e-09, 1.21844534462e-09, 7.27723525884e-09]
    },
    "gfcc": {
        "mean": [-160.155700684, 186.186828613, -51.6439208984, 22.2906169891, -38.3705673218, 15.2069787979, -33.2414855957, 1.04078912735, -8.83444881439, -7.58781433105, -8.9057302475, -11.47290802, -2.25222277641],
        "cov": [[12100.4863281, 704.998718262, -734.105957031, 147.618026733, -210.93800354, 139.833190918, -173.396087646, 73.464630127, -108.366676331, -94.3237457275, 19.2164516449, 86.0264663696, -26.7951335907], [704.998718262, 692.978149414, 88.7664413452, -145.578430176, 222.640869141, -99.1544723511, 62.5243034363, -82.0455322266, 107.73236084, -108.978385925, 63.9871940613, -113.609977722, 57.4744606018], [-734.105957031, 88.7664413452, 1033.79541016, 101.587623596, 70.1915435791, 6.63059949875, 120.976158142, -67.8234176636, 55.5743370056, 79.7911148071, 63.0838317871, 0.80721026659, 42.0836677551], [147.618026733, -145.578430176, 101.587623596, 205.155654907, -29.4667549133, 17.0566978455, 18.5075187683, -6.0725312233, -7.69541311264, 33.3628387451, 14.077624321, 9.19340515137, 7.64030790329], [-210.93800354, 222.640869141, 70.1915435791, -29.4667549133, 313.648406982, 15.5531787872, 103.79032135, -18.8354167938, 94.1768569946, -40.3065643311, 46.6431427002, -20.1493110657, 54.7585601807], [139.833190918, -99.1544723511, 6.63059949875, 17.0566978455, 15.5531787872, 141.838775635, 10.6348838806, -16.9988937378, -32.3734855652, 28.8571586609, 15.0986766815, 57.7589035034, 13.9435386658], [-173.396087646, 62.5243034363, 120.976158142, 18.5075187683, 103.79032135, 10.6348838806, 132.395080566, 26.7769184113, 57.0251808167, -9.28742408752, 31.4792118073, -13.5578403473, 9.11868286133], [73.464630127, -82.0455322266, -67.8234176636, -6.0725312233, -18.8354167938, -16.9988937378, 26.7769184113, 127.620117188, 43.6527862549, 13.2527713776, -40.6182136536, -21.9804611206, -33.1394996643], [-108.366676331, 107.73236084, 55.5743370056, -7.69541311264, 94.1768569946, -32.3734855652, 57.0251808167, 43.6527862549, 124.7866745, 19.9483547211, 15.0812654495, -49.6898727417, 11.1398048401], [-94.3237457275, -108.978385925, 79.7911148071, 33.3628387451, -40.3065643311, 28.8571586609, -9.28742408752, 13.2527713776, 19.9483547211, 102.75881958, 21.6644744873, 28.4949169159, 1.04849326611], [19.2164516449, 63.9871940613, 63.0838317871, 14.077624321, 46.6431427002, 15.0986766815, 31.4792118073, -40.6182136536, 15.0812654495, 21.6644744873, 80.1664581299, 31.3637123108, 32.6522979736], [86.0264663696, -113.609977722, 0.80721026659, 9.19340515137, -20.1493110657, 57.7589035034, -13.5578403473, -21.9804611206, -49.6898727417, 28.4949169159, 31.3637123108, 114.913833618, 29.0341396332], [-26.7951335907, 57.4744606018, 42.0836677551, 7.64030790329, 54.7585601807, 13.9435386658, 9.11868286133, -33.1394996643, 11.1398048401, 1.04849326611, 32.6522979736, 29.0341396332, 67.0749511719]],
        "icov": [[0.000180869406904, -0.000899532635231, 0.000142541946843, -0.000782519578934, 0.000262596848188, -0.000531237397809, 0.00035287369974, -0.000723190314602, 0.000183719646884, -0.000127244202304, 0.000247901887633, -0.000842095643748, 0.000548823969439], [-0.000899532635231, 0.00961587950587, -0.00117569603026, 0.0070150368847, -0.00203368184157, 0.00366084114648, -0.00104760646354, 0.00567195517942, -0.00327131175436, 0.00488819880411, -0.00597982946783, 0.00871376413852, -0.00521029112861], [0.000142541946843, -0.00117569603026, 0.00158542697318, -0.00116584519856, 0.000394805538235, 6.07349866186e-05, -0.00188000628259, 0.000929653295316, 0.000377277610824, -0.00228541367687, 0.00169206352439, -0.000961582700256, 0.000147994898725], [-0.000782519578934, 0.0070150368847, -0.00116584519856, 0.0109748523682, -0.000746046367567, 0.00273373979144, -0.00283929309808, 0.00445639900863, -0.000741592375562, 0.00113529257942, -0.00404343055561, 0.00752952601761, -0.00539916427806], [0.000262596848188, -0.00203368184157, 0.000394805538235, -0.000746046367567, 0.00781246228144, -0.00294710393064, -0.00285108131357, 0.000925234169699, -0.00520365731791, 0.00301545974799, 0.000748468039092, -0.00219786167145, -0.00183168437798], [-0.000531237397809, 0.00366084114648, 6.07349866186e-05, 0.00273373979144, -0.00294710393064, 0.0125963529572, -0.00411676755175, 0.00400426704437, 0.00310284504667, -0.00388800282963, 0.00114579580259, -0.000195555199753, -0.00230078864843], [0.00035287369974, -0.00104760646354, -0.00188000628259, -0.00283929309808, -0.00285108131357, -0.00411676755175, 0.0186419039965, -0.00848021451384, -0.00323509983718, 0.00711265346035, -0.00923180300742, -0.00061362789711, 0.00418661208823], [-0.000723190314602, 0.00567195517942, 0.000929653295316, 0.00445639900863, 0.000925234169699, 0.00400426704437, -0.00848021451384, 0.0217042267323, -0.00983317475766, -0.00119217275642, 0.00863295979798, 0.000444137491286, 0.00130546395667], [0.000183719646884, -0.00327131175436, 0.000377277610824, -0.000741592375562, -0.00520365731791, 0.00310284504667, -0.00323509983718, -0.00983317475766, 0.0262022968382, -0.0121999802068, -0.00162275112234, 0.00799210648984, -0.00492154387757], [-0.000127244202304, 0.00488819880411, -0.00228541367687, 0.00113529257942, 0.00301545974799, -0.00388800282963, 0.00711265346035, -0.00119217275642, -0.0121999802068, 0.0241473689675, -0.0111878141761, -0.000564240326639, 0.00119492958765], [0.000247901887633, -0.00597982946783, 0.00169206352439, -0.00404343055561, 0.000748468039092, 0.00114579580259, -0.00923180300742, 0.00863295979798, -0.00162275112234, -0.0111878141761, 0.0323146246374, -0.0122400652617, -0.000695226655807], [-0.000842095643748, 0.00871376413852, -0.000961582700256, 0.00752952601761, -0.00219786167145, -0.000195555199753, -0.00061362789711, 0.000444137491286, 0.00799210648984, -0.000564240326639, -0.0122400652617, 0.0273256022483, -0.0131077161059], [0.000548823969439, -0.00521029112861, 0.000147994898725, -0.00539916427806, -0.00183168437798, -0.00230078864843, 0.00418661208823, 0.00130546395667, -0.00492154387757, 0.00119492958765, -0.000695226655807, -0.0131077161059, 0.0289750397205]]
    },
    "melbands": {
        "dmean": [0.00683558173478, 0.00742538645864, 0.00362234772183, 0.000894633471034, 0.000304574758047, 0.000188276710105, 7.94769730419e-05, 3.75170675397e-05, 6.12356670899e-05, 3.96835057472e-05, 9.36274500418e-06, 8.74238230608e-06, 5.47267836737e-06, 1.71677913841e-06, 2.49426057053e-06, 1.85396095276e-06, 1.01163789168e-06, 9.19000001431e-07, 4.73513296129e-07, 5.93369975377e-07, 2.79457481156e-07, 2.79598907582e-07, 2.42927825411e-07, 1.00015775217e-07, 8.06025965971e-08, 5.7489309313e-08, 3.72900323953e-08, 2.65697259749e-08, 1.85563564514e-08, 1.79943810963e-08, 2.06126475888e-08, 2.00339709266e-08, 1.70691230039e-08, 1.91017779372e-08, 1.42449794183e-08, 1.10742490733e-08, 1.01767794192e-08, 8.84064998985e-09, 7.1418182479e-09, 4.99500973916e-09],
        "dmean2": [0.0102374078706, 0.0130126653239, 0.00636211642995, 0.00139949237928, 0.000453620508779, 0.000283181318082, 0.000127345105284, 6.21206054348e-05, 9.35404168558e-05, 6.16460529272e-05, 1.52928223542e-05, 1.28687470351e-05, 8.35915761854e-06, 2.86706676889e-06, 3.63931917491e-06, 2.50899984167e-06, 1.45298031384e-06, 1.42135377246e-06, 7.57933719342e-07, 9.77326749307e-07, 4.62210067553e-07, 4.52764282954e-07, 3.9894831616e-07, 1.61732003789e-07, 1.27746545786e-07, 8.90967228884e-08, 5.93689968298e-08, 4.24979162972e-08, 3.01375600031e-08, 2.84836314535e-08, 3.33592140578e-08, 3.18774517893e-08, 2.58322323532e-08, 2.93041999555e-08, 2.22615170742e-08, 1.63133595521e-08, 1.55725015105e-08, 1.32987754142e-08, 1.06694271196e-08, 7.79268294337e-09],
        "dvar": [0.000141349708429, 0.000247450661846, 6.2481740315e-05, 3.58877628059e-06, 2.52453389749e-07, 1.6477930842e-07, 1.83383850327e-08, 3.3597000737e-09, 1.47438701248e-08, 1.33768836008e-08, 5.41154843159e-10, 3.37069067102e-10, 1.61008872901e-10, 1.94634742351e-11, 2.00692171215e-11, 1.39405960733e-11, 4.84415068822e-12, 2.11729288616e-12, 4.99071649892e-13, 1.15090565116e-12, 2.84865501413e-13, 4.68260142033e-13, 2.70746641252e-13, 7.2054036728e-14, 3.14786852184e-14, 1.24642117916e-14, 5.38113128072e-15, 2.66716254354e-15, 1.62373791357e-15, 1.61002402664e-15, 2.02949941195e-15, 1.67645840888e-15, 1.28557642064e-15, 1.16495374087e-15, 8.15857899631e-16, 5.37222282346e-16, 3.92462287017e-16, 3.35817832172e-16, 1.56090291843e-16, 8.95820655353e-17],
        "dvar2": [0.000270980090136, 0.000668963475619, 0.000171968931681, 8.81891901372e-06, 5.42013253835e-07, 3.29711809854e-07, 4.15937186915e-08, 8.93795792933e-09, 3.27680851342e-08, 2.7522013113e-08, 1.37048006277e-09, 6.87535861577e-10, 2.60388960394e-10, 5.10073962234e-11, 3.48250837889e-11, 2.0962082764e-11, 9.07313026793e-12, 4.90499134365e-12, 1.14094215846e-12, 2.79360996142e-12, 7.08604344906e-13, 1.21110098946e-12, 6.83379459791e-13, 1.56720258515e-13, 7.19200496683e-14, 2.82961537366e-14, 1.19160069859e-14, 6.48754011599e-15, 3.58964389178e-15, 3.50394469807e-15, 4.5189618547e-15, 3.52116551316e-15, 2.51105437137e-15, 2.6397351932e-15, 1.84549484493e-15, 1.11743720424e-15, 8.68345937334e-16, 7.22717362657e-16, 2.95883881539e-16, 1.61388138821e-16],
        "max": [0.0727420672774, 0.106695361435, 0.052781265229, 0.0215323399752, 0.00536920782179, 0.00398515956476, 0.00121748493984, 0.000507415097672, 0.00127444416285, 0.00143243896309, 0.000297009130009, 0.000228665594477, 0.00021681029466, 4.70449049317e-05, 5.04577037646e-05, 5.12807200721e-05, 3.40653641615e-05, 1.09314150905e-05, 5.00370651935e-06, 8.17082673166e-06, 3.93032451029e-06, 7.24611527403e-06, 4.62133675683e-06, 3.29048998537e-06, 1.59529599841e-06, 7.92055061538e-07, 5.25221139469e-07, 3.91952625023e-07, 3.69806741674e-07, 3.56761859166e-07, 3.41124973602e-07, 3.54268024694e-07, 4.19379318828e-07, 2.96177773862e-07, 2.62245521299e-07, 2.21193758421e-07, 1.67734000911e-07, 1.73404743009e-07, 1.12394417329e-07, 8.1192034429e-08],
        "mean": [0.00807101838291, 0.00701208040118, 0.00315451342613, 0.00112884968985, 0.000419620395405, 0.000247902033152, 0.000106918741949, 4.97212604387e-05, 9.43282284425e-05, 7.37786540412e-05, 1.17084946396e-05, 1.7559457774e-05, 8.06746174931e-06, 1.83988322533e-06, 4.68700091005e-06, 3.29630279339e-06, 1.65492099313e-06, 1.44887167153e-06, 6.93271601904e-07, 9.42740712162e-07, 3.40645812003e-07, 3.54793940005e-07, 3.47332843376e-07, 1.04081365748e-07, 9.27149272911e-08, 6.38241814954e-08, 4.33323954496e-08, 2.85979986359e-08, 1.88388771249e-08, 1.92209448358e-08, 2.1150574625e-08, 2.2148375578e-08, 1.99577208093e-08, 1.97735374741e-08, 1.42937315317e-08, 1.18979581742e-08, 1.04181117067e-08, 9.25400467366e-09, 8.35143154632e-09, 6.2573235482e-09],
        "median": [0.00124920462258, 0.00278711179271, 0.00105312059168, 0.000485521450173, 0.000217969456571, 9.55703872023e-05, 5.37923187949e-05, 2.22642047447e-05, 1.66660247487e-05, 1.02252433862e-05, 3.31599039782e-06, 2.61444347416e-06, 1.98276529773e-06, 7.44396857044e-07, 1.08801805254e-06, 9.91287151919e-07, 4.66811002298e-07, 6.17683213022e-07, 3.0951861163e-07, 4.09705648963e-07, 1.32017234478e-07, 1.17375059006e-07, 1.13918403599e-07, 3.16752313267e-08, 3.33990257673e-08, 1.69699774233e-08, 1.47783545401e-08, 1.12863247637e-08, 5.8593978558e-09, 5.51830670048e-09, 5.69365266045e-09, 6.7772258916e-09, 6.46596109988e-09, 6.0995319906e-09, 3.73068331783e-09, 4.00346911178e-09, 3.12608161579e-09, 2.76428369084e-09, 2.76613443262e-09, 2.01198657734e-09],
        "min": [1.53853451389e-23, 1.42015899308e-23, 8.97507325595e-24, 7.80339393065e-24, 2.04582524517e-23, 1.43098027144e-23, 6.4671179886e-24, 1.07933132344e-23, 4.01984150765e-24, 7.8079551244e-24, 8.45877010437e-24, 1.92404184525e-23, 5.46403953799e-24, 2.34104058284e-24, 8.14613348358e-24, 1.43320123043e-23, 1.00173241725e-23, 1.21719107751e-23, 1.19186982575e-23, 1.4692237748e-23, 1.76596058851e-23, 1.18517807646e-23, 7.74626620161e-24, 1.1233506297e-23, 5.81236619828e-24, 5.83340985179e-24, 9.45924452514e-24, 9.53705855369e-24, 8.47869673084e-24, 9.37600076698e-24, 8.32240997488e-24, 5.91255113882e-24, 1.10569402937e-23, 1.30674169973e-23, 1.34025732303e-23, 1.27764219865e-23, 9.62586930326e-24, 1.13161378991e-23, 7.61115641665e-24, 9.29516382344e-24],
