{
"metadata": {
    "version": {
        "essentia": "2.1-beta6-dev",
        "essentia_git_sha": "v2.1_beta5-778-gc9eadba6",
        "extractor": "music 2.0"
    },
    "audio_properties": {
        "analysis": {
            "equal_loudness": 0,
            "length": 15.9999771118,
            "sample_rate": 44100,
            "start_time": 0,
            "downmix": "mix"
        },
        "bit_rate": 128000,
        "length": 16,
        "lossless": 0,
        "number_channels": 2,
        "replay_gain": 0.0596675872803,
        "sample_rate": 48000,
        "codec": "mp3",
        "md5_encoded": "5bbffaf95258c7f1fc2fc08f42437748"
    },
    "tags": {
        "file_name": "jacopastorius-fullalbum1.mp3",
        "encoding": ["Lavf59.16.100"]
    }
},
"lowlevel": {
    "average_loudness": 0.944521248341,
    "barkbands_crest": {
        "dmean": 2.76965212822,
        "dmean2": 4.45451164246,
        "dvar": 6.73315238953,
        "dvar2": 16.4951038361,
        "max": 25.0495796204,
        "mean": 15.3097143173,
        "median": 14.8559799194,
        "min": 3.49528932571,
        "stdev": 4.63910245895,
        "var": 21.5212726593
    },
    "barkbands_flatness_db": {
        "dmean": 0.0442684106529,
        "dmean2": 0.0688383132219,
        "dvar": 0.00194423249923,
        "dvar2": 0.0038901749067,
        "max": 0.658598184586,
        "mean": 0.455607563257,
        "median": 0.483129382133,
        "min": 0.0254432056099,
        "stdev": 0.125025704503,
        "var": 0.0156314279884
    },
    "barkbands_kurtosis": {
        "dmean": 19.8401756287,
        "dmean2": 31.6984901428,
        "dvar": 3909.71582031,
        "dvar2": 9154.65039062,
        "max": 1068.95996094,
        "mean": 36.0950088501,
        "median": 5.69591808319,
        "min": -1.79812514782,
        "stdev": 108.876464844,
        "var": 11854.0849609
    },
    "barkbands_skewness": {
        "dmean": 1.0849134922,
        "dmean2": 1.71438169479,
        "dvar": 2.61037373543,
        "dvar2": 5.65799283981,
        "max": 26.8204803467,
        "mean": 2.03080153465,
        "median": 0.982527554035,
        "min": -2.22548699379,
        "stdev": 3.96360063553,
        "var": 15.7101306915
    },
    "barkbands_spread": {
        "dmean": 1.43331468105,
        "dmean2": 2.2380592823,
        "dvar": 25.6124744415,
        "dvar2": 45.5811462402,
        "max": 113.933662415,
        "mean": 4.80570697784,
        "median": 1.1562474966,
        "min": 0.118702441454,
        "stdev": 15.2031755447,
        "var": 231.136535645
    },
    "dissonance": {
        "dmean": 0.064737983048,
        "dmean2": 0.103687144816,
        "dvar": 0.0039822794497,
        "dvar2": 0.0093878954649,
        "max": 0.499145179987,
        "mean": 0.298148572445,
        "median": 0.289747834206,
        "min": 0,
        "stdev": 0.116069473326,
        "var": 0.0134721221402
    },
    "dynamic_complexity": 8.34859466553,
    "erbbands_crest": {
        "dmean": 3.37556052208,
        "dmean2": 5.44251394272,
        "dvar": 11.8507909775,
        "dvar2": 29.6489086151,
        "max": 28.8055114746,
        "mean": 15.9421424866,
        "median": 16.3771896362,
        "min": 2.16923713684,
        "stdev": 6.55325508118,
        "var": 42.9451522827
    },
    "erbbands_flatness_db": {
        "dmean": 0.0325576327741,
        "dmean2": 0.0493030361831,
        "dvar": 0.00128524308093,
        "dvar2": 0.00254860357381,
        "max": 0.491420149803,
        "mean": 0.336248457432,
        "median": 0.374470770359,
        "min": 0.0361499413848,
        "stdev": 0.121235579252,
        "var": 0.0146980658174
    },
    "erbbands_kurtosis": {
        "dmean": 9.64406585693,
        "dmean2": 15.9281396866,
        "dvar": 320.682983398,
        "dvar2": 837.621643066,
        "max": 167.486755371,
        "mean": 13.3046636581,
        "median": 6.64454746246,
        "min": -1.52891838551,
        "stdev": 18.7177085876,
        "var": 350.352600098
    },
    "erbbands_skewness": {
        "dmean": 0.830297827721,
        "dmean2": 1.2977796793,
        "dvar": 1.07551860809,
        "dvar2": 2.63676738739,
        "max": 8.3297958374,
        "mean": 1.82811808586,
        "median": 1.65743327141,
        "min": -0.963530004025,
        "stdev": 1.52033042908,
        "var": 2.31140446663
    },
    "erbbands_spread": {
        "dmean": 3.73857522011,
        "dmean2": 5.93723154068,
        "dvar": 55.3558998108,
        "dvar2": 124.591308594,
        "max": 148.35269165,
        "mean": 16.5984611511,
        "median": 4.43773174286,
        "min": 0.617025732994,
        "stdev": 31.5797290802,
        "var": 997.279296875
    },
    "hfc": {
        "dmean": 2.13534617424,
        "dmean2": 3.09321737289,
        "dvar": 9.22670459747,
        "dvar2": 19.0811367035,
        "max": 26.2209892273,
        "mean": 5.26268339157,
        "median": 3.6496284008,
        "min": 1.21408541052e-16,
        "stdev": 5.34371089935,
        "var": 28.5552444458
    },
    "loudness_ebu128": {
        "integrated": -23.3215885162,
        "loudness_range": 2.2808265686,
        "momentary": {
            "dmean": 1.43435704708,
            "dmean2": 1.67108857632,
            "dvar": 5.45632600784,
            "dvar2": 9.23809719086,
            "max": -19.9549865723,
            "mean": -27.5173721313,
            "median": -24.0728092194,
            "min": -77.6396026611,
            "stdev": 10.8076038361,
            "var": 116.804290771
        },
        "short_term": {
            "dmean": 0.143884390593,
            "dmean2": 0.114137917757,
            "dvar": 0.0164043456316,
            "dvar2": 0.00891734100878,
            "max": -22.264257431,
            "mean": -23.5722999573,
            "median": -23.2702693939,
            "min": -28.7834625244,
            "stdev": 1.26243877411,
            "var": 1.59375154972
        }
    },
    "melbands_crest": {
        "dmean": 3.36707210541,
        "dmean2": 5.46565532684,
        "dvar": 12.4694776535,
        "dvar2": 33.2305717468,
        "max": 39.8293495178,
        "mean": 21.6246757507,
        "median": 20.3912563324,
        "min": 2.66219353676,
        "stdev": 7.06833362579,
        "var": 49.9613380432
    },
    "melbands_flatness_db": {
        "dmean": 0.0475420504808,
        "dmean2": 0.0735293924809,
        "dvar": 0.00230876076967,
        "dvar2": 0.00466824928299,
        "max": 0.809415280819,
        "mean": 0.584828913212,
        "median": 0.621581792831,
        "min": 0.00545239215717,
        "stdev": 0.145124033093,
        "var": 0.0210609845817
    },
    "melbands_kurtosis": {
        "dmean": 91.097328186,
        "dmean2": 144.102157593,
        "dvar": 283607.4375,
        "dvar2": 682419.0625,
        "max": 9389.49511719,
        "mean": 142.445907593,
        "median": 9.87397480011,
        "min": -1.47232329845,
        "stdev": 678.434204102,
        "var": 460272.9375
    },
    "melbands_skewness": {
        "dmean": 1.59157240391,
        "dmean2": 2.51653838158,
        "dvar": 22.592830658,
        "dvar2": 52.3753852844,
        "max": 81.6637496948,
        "mean": 3.98013901711,
        "median": 1.82133221626,
        "min": -1.05388522148,
        "stdev": 9.08782863617,
        "var": 82.5886230469
    },
    "melbands_spread": {
        "dmean": 1.2551254034,
        "dmean2": 1.8863812685,
        "dvar": 18.3162612915,
        "dvar2": 25.2264938354,
        "max": 150.307037354,
        "mean": 3.24651479721,
        "median": 1.0430778265,
        "min": 0.0600645914674,
        "stdev": 9.71335887909,
        "var": 94.3493347168
    },
    "pitch_salience": {
        "dmean": 0.0884713605046,
        "dmean2": 0.140106365085,
        "dvar": 0.00777384452522,
        "dvar2": 0.0178158227354,
        "max": 0.904393792152,
        "mean": 0.420362621546,
        "median": 0.455149590969,
        "min": 0.0221600271761,
        "stdev": 0.18866057694,
        "var": 0.0355928130448
    },
    "silence_rate_20dB": {
        "dmean": 0,
        "dmean2": 0,
        "dvar": 0,
        "dvar2": 0,
        "max": 1,
        "mean": 1,
        "median": 1,
        "min": 1,
        "stdev": 0,
        "var": 0
    },
    "silence_rate_30dB": {
        "dmean": 0.037681158632,
        "dmean2": 0.0754716992378,
        "dvar": 0.036261100322,
        "dvar2": 0.0842891559005,
        "max": 1,
        "mean": 0.942112863064,
        "median": 1,
        "min": 0,
        "stdev": 0.233529344201,
        "var": 0.0545359551907
    },
    "silence_rate_60dB": {
        "dmean": 0.0347826071084,
        "dmean2": 0.069666184485,
        "dvar": 0.0335727930069,
        "dvar2": 0.0793266296387,
        "max": 1,
        "mean": 0.232995659113,
        "median": 0,
        "min": 0,
        "stdev": 0.422741889954,
        "var": 0.178710699081
    },
    "spectral_centroid": {
        "dmean": 74.0736312866,
        "dmean2": 110.908927917,
        "dvar": 98964.359375,
        "dvar2": 110446.070312,
        "max": 10664.6435547,
        "mean": 376.408111572,
        "median": 187.503143311,
        "min": 132.552322388,
        "stdev": 636.526123047,
        "var": 405165.46875
    },
    "spectral_complexity": {
        "dmean": 0.869565188885,
        "dmean2": 1.44557332993,
        "dvar": 1.26125228405,
        "dvar2": 2.85080933571,
        "max": 9,
        "mean": 3.42547035217,
        "median": 4,
        "min": 0,
        "stdev": 2.02905988693,
        "var": 4.11708402634
    },
    "spectral_decrease": {
        "dmean": 3.70860808729e-09,
        "dmean2": 5.3426565394e-09,
        "dvar": 2.68459896161e-17,
        "dvar2": 5.69190324862e-17,
        "max": 2.46003635973e-29,
        "mean": -9.26273191482e-09,
        "median": -6.3919065596e-09,
        "min": -5.89017616903e-08,
        "stdev": 9.71041913544e-09,
        "var": 9.42922370839e-17
    },
    "spectral_energy": {
        "dmean": 0.0141869680956,
        "dmean2": 0.0204358883202,
        "dvar": 0.000392845133319,
        "dvar2": 0.000832565652672,
        "max": 0.224687024951,
        "mean": 0.0354369319975,
        "median": 0.024465225637,
        "min": 1.09192687618e-20,
        "stdev": 0.0371203236282,
        "var": 0.00137791852467
    },
    "spectral_energyband_high": {
        "dmean": 6.67571029567e-08,
        "dmean2": 1.13974579108e-07,
        "dvar": 6.17969954383e-15,
        "dvar2": 1.78477787156e-14,
        "max": 9.40328504839e-07,
        "mean": 2.55223483236e-07,
        "median": 2.58240248741e-07,
        "min": 8.250023972e-21,
        "stdev": 1.06042890025e-07,
        "var": 1.12450942113e-14
    },
    "spectral_energyband_low": {
        "dmean": 0.00952328089625,
        "dmean2": 0.0142974276096,
        "dvar": 0.000202103605261,
        "dvar2": 0.000420508702518,
        "max": 0.179901748896,
        "mean": 0.0232391376048,
        "median": 0.0123685561121,
        "min": 1.66702515632e-22,
        "stdev": 0.0278399884701,
        "var": 0.000775064982008
    },
    "spectral_energyband_middle_high": {
        "dmean": 2.02392748179e-05,
        "dmean2": 3.54973817593e-05,
        "dvar": 5.09982855945e-09,
        "dvar2": 1.4391436487e-08,
        "max": 0.00103420484811,
        "mean": 1.71243973455e-05,
        "median": 2.6113552849e-06,
        "min": 1.41707156189e-21,
        "stdev": 5.70584925299e-05,
        "var": 3.25567151016e-09
    },
    "spectral_energyband_middle_low": {
        "dmean": 0.00946456752717,
        "dmean2": 0.0137837529182,
        "dvar": 0.000216688989894,
        "dvar2": 0.000446987134637,
        "max": 0.12716281414,
        "mean": 0.0216908529401,
        "median": 0.00958848651499,
        "min": 2.58446685499e-22,
        "stdev": 0.0258828457445,
        "var": 0.00066992174834
    },
    "spectral_entropy": {
        "dmean": 0.332930088043,
        "dmean2": 0.495515167713,
        "dvar": 0.144193559885,
        "dvar2": 0.282897502184,
        "max": 9.79901599884,
        "mean": 5.0239906311,
        "median": 4.60700368881,
        "min": 3.14895749092,
        "stdev": 1.38204431534,
        "var": 1.91004633904
    },
    "spectral_flux": {
        "dmean": 0.0389662906528,
        "dmean2": 0.06022041291,
        "dvar": 0.00184937869199,
        "dvar2": 0.00462911557406,
        "max": 0.332227766514,
        "mean": 0.0669811517,
        "median": 0.0502399131656,
        "min": 1.0449530824e-10,
        "stdev": 0.0585311464965,
        "var": 0.00342589523643
    },
    "spectral_kurtosis": {
        "dmean": 29.6605815887,
        "dmean2": 44.8248634338,
        "dvar": 968.687255859,
        "dvar2": 2238.15063477,
        "max": 280.329620361,
        "mean": 89.9887313843,
        "median": 91.9981307983,
        "min": -1.20365941525,
        "stdev": 59.2416725159,
        "var": 3509.57592773
    },
    "spectral_rms": {
        "dmean": 0.00120478810277,
        "dmean2": 0.00173421471845,
        "dvar": 2.21310983761e-06,
        "dvar2": 4.36987647845e-06,
        "max": 0.0148056354374,
        "mean": 0.00484868418425,
        "median": 0.00488554127514,
        "min": 3.26388503898e-12,
        "stdev": 0.00332609144971,
        "var": 1.10628843686e-05
    },
    "spectral_rolloff": {
        "dmean": 152.604354858,
        "dmean2": 250.177841187,
        "dvar": 459516.375,
        "dvar2": 1091876.875,
        "max": 17980.2246094,
        "mean": 493.423156738,
        "median": 172.265625,
        "min": 21.533203125,
        "stdev": 1553.83044434,
        "var": 2414389
    },
    "spectral_skewness": {
        "dmean": 1.29377233982,
        "dmean2": 1.9357111454,
        "dvar": 1.68293762207,
        "dvar2": 3.56578326225,
        "max": 14.3035144806,
        "mean": 7.57748270035,
        "median": 8.4035949707,
        "min": 0.00790356099606,
        "stdev": 3.38069415092,
        "var": 11.4290933609
    },
    "spectral_spread": {
        "dmean": 739542.5625,
        "dmean2": 1123025.5,
        "dvar": 2.86155027251e+12,
        "dvar2": 3.29616798515e+12,
        "max": 41503088,
        "mean": 2467789.75,
        "median": 1330583,
        "min": 464711.3125,
        "stdev": 3079309.75,
        "var": 9.48214798746e+12
    },
    "spectral_strongpeak": {
        "dmean": 0.245222941041,
        "dmean2": 0.372571140528,
        "dvar": 0.0977085977793,
        "dvar2": 0.172104597092,
        "max": 2.3837594986,
        "mean": 0.679794251919,
        "median": 0.521025776863,
        "min": 0,
        "stdev": 0.616371929646,
        "var": 0.379914343357
    },
    "zerocrossingrate": {
        "dmean": 0.00295657827519,
        "dmean2": 0.00404656864703,
        "dvar": 0.000143863886478,
        "dvar2": 0.000242009700742,
        "max": 0.56591796875,
        "mean": 0.0176198165864,
        "median": 0.00732421875,
        "min": 0.00048828125,
        "stdev": 0.0473729223013,
        "var": 0.00224419380538
    },
    "barkbands": {
        "dmean": [0.0002919191611, 0.00396918738261, 0.0033095269464, 0.00739054381847, 0.00246761064045, 0.000408826221246, 0.000173462511157, 5.6029370171e-05, 2.51996152656e-05, 1.5818486645e-05, 3.53940981768e-06, 3.04953914565e-06, 7.29631267404e-07, 4.36531735204e-07, 1.72835271428e-07, 1.25897386738e-07, 5.43266018838e-08, 3.89651049204e-08, 1.85619661863e-08, 1.75286754001e-08, 1.60870783361e-08, 1.54334394153e-08, 1.35912578969e-08, 1.76999499502e-08, 2.50219542863e-08, 1.71735337062e-08, 1.2401469851e-09],
        "dmean2": [0.000462607335066, 0.00671227555722, 0.00531092518941, 0.0108354790136, 0.00378998345695, 0.000607661495451, 0.000269977434073, 8.44674505061e-05, 3.9103157178e-05, 2.77862382063e-05, 5.957896974e-06, 5.36022480446e-06, 1.2229454569e-06, 7.50485583012e-07, 3.00476045823e-07, 2.26500091571e-07, 9.63836797041e-08, 7.09423559897e-08, 3.35549934505e-08, 3.18347055384e-08, 2.8661817808e-08, 2.60839350119e-08, 2.32693935232e-08, 3.10878611742e-08, 4.14497485224e-08, 2.80910050776e-08, 2.26699126138e-09],
        "dvar": [3.38419226864e-07, 6.44347965135e-05, 3.11422263621e-05, 0.000151136016939, 2.95053578157e-05, 7.23757864307e-07, 1.1462205407e-07, 1.47076129053e-08, 3.37425820618e-09, 3.47806494716e-09, 1.13416234737e-10, 1.32952135412e-10, 6.86682915391e-12, 1.67337075186e-12, 2.17031077897e-13, 1.60077883566e-13, 2.08858538103e-14, 1.07758548991e-14, 2.2496409456e-15, 1.61928781422e-15, 4.14062103628e-16, 3.78198199246e-16, 1.73135929934e-16, 2.69912316129e-16, 4.72512300368e-16, 3.67316975777e-16, 4.91142541888e-18],
        "dvar2": [8.3076355395e-07, 0.00015534774866, 7.24419223843e-05, 0.000305148452753, 6.67134299874e-05, 1.53878499987e-06, 2.38788572915e-07, 3.04060776557e-08, 7.81564857277e-09, 9.55599332997e-09, 3.04092834247e-10, 3.70355163204e-10, 1.87237898797e-11, 4.60931683446e-12, 5.93875643107e-13, 4.57803012079e-13, 5.85498446601e-14, 3.08680828836e-14, 6.41771580201e-15, 4.80029156615e-15, 1.19365979334e-15, 1.07208377799e-15, 5.21237447142e-16, 7.76057886082e-16, 1.25581411809e-15, 9.39402313669e-16, 1.53538237821e-17],
        "max": [0.00941906496882, 0.113335244358, 0.0474372580647, 0.106088109314, 0.0614865906537, 0.0085201729089, 0.00342417624779, 0.00139657664113, 0.000535010709427, 0.000850935291965, 0.000138646617415, 0.000136211107019, 3.50767586497e-05, 1.23712643472e-05, 5.20174035046e-06, 4.79650407215e-06, 1.44691887272e-06, 1.09399877601e-06, 5.50184267922e-07, 5.76577576794e-07, 2.5101672918e-07, 2.0308274884e-07, 1.26805360878e-07, 1.40933934745e-07, 2.0734360362e-07, 1.76088150283e-07, 2.14646949104e-08],
        "mean": [0.000346218963386, 0.00680753774941, 0.00657749455422, 0.0167199745774, 0.00394723098725, 0.000614126794972, 0.000287435861537, 8.15434759716e-05, 3.37845231115e-05, 1.46741485878e-05, 2.94475648843e-06, 2.33389778259e-06, 7.12133157776e-07, 3.97332826196e-07, 1.47731839206e-07, 1.07368975932e-07, 5.03209598435e-08, 4.72304471089e-08, 2.47954208277e-08, 3.39266463811e-08, 3.42863444303e-08, 3.47642625798e-08, 3.09566523526e-08, 4.60546232262e-08, 6.96249315979e-08, 1.82432096096e-08, 1.21631871242e-09],
        "median": [0.000166751327924, 0.000565043184906, 0.0027047295589, 0.00442705955356, 0.00116181699559, 0.000218373577809, 8.89826842467e-05, 1.81728719326e-05, 5.15658985023e-06, 1.52705297296e-06, 3.31552342914e-07, 2.14535944565e-07, 1.02901140053e-07, 7.26010114249e-08, 3.32869909414e-08, 3.68647583571e-08, 2.01439931402e-08, 3.17742419043e-08, 1.85303523637e-08, 3.04547533858e-08, 3.24690425657e-08, 3.28058042953e-08, 2.89994019909e-08, 4.51336035212e-08, 6.82630272308e-08, 9.59247792309e-09, 4.74238925907e-10],
        "min": [5.80809317542e-23, 6.53580726306e-23, 5.60122102946e-23, 1.32978740332e-23, 2.80191718393e-23, 3.80885521541e-23, 1.77968487499e-23, 7.04355411372e-23, 5.28620488863e-23, 7.59625215203e-23, 4.59012664764e-23, 1.02451763898e-22, 1.25736539683e-22, 1.15428058783e-22, 1.41386202135e-22, 1.80258326671e-22, 1.51479746837e-22, 1.70937133593e-22, 2.39802709e-22, 2.06462077131e-22, 3.05585479098e-22, 6.16395565039e-22, 7.03263564771e-22, 7.90774113797e-22, 1.48524439121e-21, 1.84018343192e-21, 2.58548992554e-21],
        "stdev": [0.000637394259684, 0.0143842278048, 0.00933217350394, 0.0230821985751, 0.00684557296336, 0.00110313040204, 0.000489516765811, 0.000162771859323, 7.42821139283e-05, 5.04916315549e-05, 9.22698836803e-06, 9.48135129875e-06, 2.47222646976e-06, 1.11543874937e-06, 3.90496353475e-07, 3.10019544258e-07, 1.1787941645e-07, 8.2004966373e-08, 3.80332032535e-08, 3.29477778394e-08, 2.08908996768e-08, 2.10928057243e-08, 1.65306079936e-08, 2.14319122449e-08, 3.34895311482e-08, 2.25693970179e-08, 2.03985006664e-09],
        "var": [4.06271453812e-07, 0.000206906013773, 8.70894655236e-05, 0.000532787875272, 4.68618709419e-05, 1.2168967487e-06, 2.39626643861e-07, 2.64946784512e-08, 5.5178324132e-09, 2.54940468736e-09, 8.51373069266e-11, 8.98960281215e-11, 6.11190351801e-12, 1.24420352493e-12, 1.52487397709e-13, 9.61121237935e-14, 1.3895556865e-14, 6.7248143733e-15, 1.44652464496e-15, 1.08555604877e-15, 4.36429702666e-16, 4.44906490765e-16, 2.73260981476e-16, 4.59326856115e-16, 1.12154859628e-15, 5.09377662391e-16, 4.16098855561e-18]
    },
    "erbbands": {
        "dmean": [0.0967716500163, 0.975461900234, 2.79251980782, 15.8742856979, 15.2534608841, 8.99608135223, 2.71236371994, 3.88907194138, 3.33206105232, 1.87550699711, 0.919781684875, 0.549277186394, 0.416011810303, 0.464761435986, 0.104638747871, 0.125405088067, 0.036487095058, 0.0290192365646, 0.0122537668794, 0.00761532736942, 0.0057059423998, 0.00295411818661, 0.00216555735096, 0.00122085469775, 0.00084861315554, 0.000899610982742, 0.000656819436699, 0.000641344464384, 0.000527540862095, 0.000462996220449, 0.00038631609641, 0.000337401870638, 0.000335242773872, 0.000281597924186, 0.000222567192395, 0.000118219417345, 1.80918104888e-05, 1.52120219354e-06, 6.33119316262e-06, 1.54182471306e-05],
        "dmean2": [0.168061420321, 1.62907278538, 4.55896806717, 23.5826244354, 22.5041179657, 13.6686134338, 4.05672883987, 5.78862571716, 5.08267641068, 2.8295571804, 1.43883049488, 0.853721916676, 0.680454492569, 0.836106777191, 0.179081529379, 0.220692098141, 0.0604490675032, 0.0492978878319, 0.0210029557347, 0.0132615100592, 0.0102215204388, 0.00525076501071, 0.00396904489025, 0.00220477511175, 0.00152477819938, 0.00161090726033, 0.00120681943372, 0.00113012385555, 0.000910976261366, 0.000803914677817, 0.000652062299196, 0.000589460832998, 0.000582402513828, 0.000478910049424, 0.000361490121577, 0.000196734297788, 2.98025624943e-05, 2.62058210865e-06, 9.11755523703e-06, 2.22056642087e-05],
        "dvar": [0.0505600348115, 3.55247402191, 19.6633224487, 651.412780762, 751.045349121, 753.180419922, 30.2752780914, 71.6300201416, 51.2042121887, 14.9352893829, 3.42378878593, 1.59988796711, 1.96964251995, 3.49648499489, 0.0972430929542, 0.218810349703, 0.0133740808815, 0.00899961125106, 0.00120829232037, 0.00038370443508, 0.000287357135676, 5.9848636738e-05, 3.80536912417e-05, 9.93131379801e-06, 4.55710369351e-06, 3.43416854776e-06, 1.39491669415e-06, 5.29593478404e-07, 4.483726741e-07, 2.92341468366e-07, 1.36587317456e-07, 1.00114299073e-07, 9.78087868475e-08, 5.8983324891e-08, 3.95659789376e-08, 1.799577376e-08, 5.09319197928e-10, 5.8427750485e-12, 7.75905381611e-11, 4.63826810293e-10],
        "dvar2": [0.130171760917, 8.37410449982, 49.3299942017, 1276.22546387, 1604.98999023, 1786.59228516, 67.7179718018, 150.933883667, 112.14352417, 28.9545955658, 8.07263088226, 3.42795205116, 4.67870044708, 10.0123796463, 0.265501856804, 0.610368728638, 0.0352813415229, 0.0251702610403, 0.00334871420637, 0.00105299544521, 0.00081677880371, 0.000167899168446, 0.000109297659947, 2.83047374978e-05, 1.3066338397e-05, 1.01337045635e-05, 4.047661605e-06, 1.53782218604e-06, 1.2311708133e-06, 8.63797879447e-07, 4.13078737438e-07, 2.86787582127e-07, 2.85525999288e-07, 1.6396577962e-07, 1.04742170493e-07, 4.62932661094e-08, 1.2636014457e-09, 1.59705772912e-11, 1.63422803068e-10, 9.82374848135e-10],
        "max": [2.98834323883, 26.1472301483, 36.2635345459, 222.872024536, 250.796951294, 364.242950439, 65.5407867432, 82.8034362793, 90.2768173218, 44.0971069336, 18.4406318665, 13.5237350464, 16.5605831146, 26.4408111572, 3.49688863754, 5.02863502502, 1.31321382523, 1.24316072464, 0.362306773663, 0.185793489218, 0.169694080949, 0.0732069909573, 0.0658272355795, 0.0410698540509, 0.029013838619, 0.0249447692186, 0.0114400694147, 0.00797977205366, 0.00733862724155, 0.00715004466474, 0.00358766433783, 0.00266122468747, 0.00276498845778, 0.00218356843106, 0.00179057591595, 0.00130298105069, 0.000187529818504, 1.98140405701e-05, 9.94261208689e-05, 0.000243436734308],
        "mean": [0.136691302061, 1.76313340664, 6.0041012764, 37.8122558594, 31.2751560211, 12.5547866821, 3.80927848816, 5.85051202774, 5.31196975708, 3.24686288834, 1.28800046444, 0.788868606091, 0.495656996965, 0.349604666233, 0.0856108739972, 0.094667725265, 0.0361810326576, 0.0267993658781, 0.0113866543397, 0.00712321698666, 0.00476356456056, 0.00275561911985, 0.00238439440727, 0.00176740973257, 0.00126702676062, 0.0018261144869, 0.00120502326172, 0.00151735707186, 0.00121701485477, 0.00108005560469, 0.000897140649613, 0.000871390860993, 0.000871188472956, 0.000765306816902, 0.000560058571864, 0.000153498593136, 2.70385298791e-05, 2.32829756897e-06, 1.59628361871e-05, 3.85310813726e-05],
        "median": [0.0188668817282, 0.252224266529, 3.62521600723, 13.8869009018, 10.5474014282, 3.91078686714, 1.79196894169, 1.55193221569, 1.85332965851, 1.06861400604, 0.319059371948, 0.117975667119, 0.0748984739184, 0.0372886136174, 0.0126188397408, 0.00958626437932, 0.00520548736677, 0.00488842558116, 0.002497283509, 0.00256592570804, 0.00153471436352, 0.00116226240061, 0.0014462985564, 0.00132532557473, 0.000990765751339, 0.00163246132433, 0.00105064141098, 0.00147048092913, 0.00115994561929, 0.00103065418079, 0.000851195247378, 0.000847612333018, 0.000858666142449, 0.00075170781929, 0.000541750108823, 9.47874577832e-05, 2.01073398785e-05, 1.57598924488e-06, 1.09637803689e-05, 2.66057504632e-05],
        "min": [2.20456053071e-21, 1.40117577989e-20, 6.15171830487e-20, 6.22899119125e-20, 1.03919023472e-19, 3.87742947774e-20, 1.93220188708e-19, 3.30054964727e-19, 3.06917430524e-19, 6.37203540533e-19, 1.43132003794e-18, 1.21554315092e-18, 2.52082278379e-18, 2.00305052693e-18, 2.75706184443e-18, 3.48747287186e-18, 4.5519186626e-18, 6.07161447039e-18, 7.65713482979e-18, 9.17984033424e-18, 8.77577253117e-18, 9.13848378515e-18, 1.16845738347e-17, 1.23813560412e-17, 9.35807624955e-18, 1.0291829985e-17, 1.01663731559e-17, 1.41172168905e-17, 2.26614896923e-17, 2.14351530752e-17, 2.06453759156e-17, 1.45263040255e-17, 1.45194450439e-17, 1.52984440401e-17, 1.09044953678e-17, 6.4278393876e-18, 3.63993011697e-18, 1.63654768382e-18, 4.01282298201e-19, 3.15409880615e-20],
        "stdev": [0.308629840612, 3.60887360573, 6.88873720169, 49.4538917542, 43.4459533691, 30.5621166229, 6.51488828659, 11.1856412888, 9.26240634918, 5.8572063446, 2.26918077469, 1.70115089417, 1.48519682884, 1.44171333313, 0.261584788561, 0.381936579943, 0.120834954083, 0.0805522277951, 0.0295064784586, 0.0163796283305, 0.013299590908, 0.00627525197342, 0.00479433126748, 0.00253626517951, 0.00172027642839, 0.00159169000108, 0.0010155281052, 0.0008148427587, 0.000729239138309, 0.000604599597864, 0.000472947227536, 0.000413479749113, 0.000410274398746, 0.000358790013706, 0.000302133877994, 0.000156572161359, 2.67690720648e-05, 2.72964348369e-06, 1.66108384292e-05, 4.03199737775e-05],
        "var": [0.095252379775, 13.0239686966, 47.45470047, 2445.6875, 1887.55078125, 934.04296875, 42.4437675476, 125.11856842, 85.7921676636, 34.3068656921, 5.1491818428, 2.89391446114, 2.2058095932, 2.07853722572, 0.0684265941381, 0.145875543356, 0.0146010862663, 0.00648866128176, 0.000870632298756, 0.000268292205874, 0.000176879111677, 3.93787886424e-05, 2.29856123042e-05, 6.4326404754e-06, 2.95935092254e-06, 2.53347707257e-06, 1.03129730178e-06, 6.63968705794e-07, 5.31789737579e-07, 3.65540643088e-07, 2.2367906638e-07, 1.70965506641e-07, 1.68325072991e-07, 1.28730277993e-07, 9.12848889811e-08, 2.45148417122e-08, 7.16583181681e-10, 7.45095304899e-12, 2.75919981307e-10, 1.62570024109e-09]
    },
    "gfcc": {
        "mean": [-292.799438477, 181.051010132, 5.8681511879, 27.9010868073, -50.8873519897, 2.34855556488, -30.2350654602, -5.04216718674, -15.9663619995, -10.1364078522, -8.24493980408, -18.6601982117, -2.08714556694],
        "cov": [[11831.4707031, 5340.37060547, 1874.70690918, -897.522277832, -340.13949585, -812.245666504, 91.6037826538, -729.40435791, 153.96887207, -746.834716797, -87.692199707, -1021.22229004, -97.4635162354], [5340.37060547, 3348.90332031, 1292.23864746, -704.943359375, -240.986999512, -610.096740723, 99.8227157593, -500.594299316, 129.086517334, -498.186218262, -35.0688591003, -647.82434082, -66.8655548096], [1874.70690918, 1292.23864746, 1270.04333496, 45.5978927612, 63.1880874634, -387.60635376, 30.0027713776, -269.911376953, 11.3836193085, -221.478713989, -32.3411827087, -278.423034668, -58.8399620056], [-897.522277832, -704.943359375, 45.5978927612, 583.604492188, 187.937637329, 141.757888794, -38.7015991211, 88.7565612793, -23.100976944, 74.9654159546, 60.975227356, 141.147888184, 83.6609573364], [-340.13949585, -240.986999512, 63.1880874634, 187.937637329, 242.682678223, 108.114173889, 43.0467529297, 9.00245952606, -8.957072258, 24.088300705, 25.8030090332, 65.6476135254, 23.061794281], [-812.245666504, -610.096740723, -387.60635376, 141.757888794, 108.114173889, 274.139984131, 40.0761680603, 135.792648315, -2.63426589966, 109.8463974, 43.9592552185, 149.61088562, 49.7680549622], [91.6037826538, 99.8227157593, 30.0027713776, -38.7015991211, 43.0467529297, 40.0761680603, 100.308868408, 22.1879634857, 26.0849628448, -29.0599575043, 3.93298482895, -14.8997278214, 9.20811367035], [-729.40435791, -500.594299316, -269.911376953, 88.7565612793, 9.00245952606, 135.792648315, 22.1879634857, 174.249511719, 20.3517246246, 101.781013489, 3.23185825348, 117.707527161, 27.4869117737], [153.96887207, 129.086517334, 11.3836193085, -23.100976944, -8.957072258, -2.63426589966, 26.0849628448, 20.3517246246, 79.2772216797, 12.9081039429, 24.9245376587, -24.9745159149, 16.133808136], [-746.834716797, -498.186218262, -221.478713989, 74.9654159546, 24.088300705, 109.8463974, -29.0599575043, 101.781013489, 12.9081039429, 168.617828369, 36.6825218201, 128.250396729, 6.99893093109], [-87.692199707, -35.0688591003, -32.3411827087, 60.975227356, 25.8030090332, 43.9592552185, 3.93298482895, 3.23185825348, 24.9245376587, 36.6825218201, 88.7953720093, 44.6080169678, 35.9835891724], [-1021.22229004, -647.82434082, -278.423034668, 141.147888184, 65.6476135254, 149.61088562, -14.8997278214, 117.707527161, -24.9745159149, 128.250396729, 44.6080169678, 217.253189087, 55.6174354553], [-97.4635162354, -66.8655548096, -58.8399620056, 83.6609573364, 23.061794281, 49.7680549622, 9.20811367035, 27.4869117737, 16.133808136, 6.99893093109, 35.9835891724, 55.6174354553, 94.9372406006]],
        "icov": [[0.000398972595576, -0.00103330716956, 0.000284565176116, -0.000529008742888, -6.85121412971e-05, -0.000275545957265, 0.000246264564339, -0.000269801879767, 0.000575904152356, -0.000504267343786, 0.000521800364368, 7.16102367733e-05, 0.000239256609348], [-0.00103330716956, 0.00495867803693, -0.00261650560424, 0.00395560171455, 0.000648183922749, -0.0004985210835, 0.000686924962793, 0.00115458900109, -0.00324293877929, 0.00388058554381, -0.00349604920484, 0.00233298889361, -0.00274941860698], [0.000284565176116, -0.00261650560424, 0.00480942195281, -0.00423744739965, -0.00183491595089, 0.00588430836797, -0.00459287781268, 0.00124365265947, 0.00236792303622, -0.00369250145741, 0.0019821820315, -0.000508368422743, 0.00202699424699], [-0.000529008742888, 0.00395560171455, -0.00423744739965, 0.00854714401066, -0.00244528660551, -0.00325951050036, 0.00746987527236, -0.00457290420309, -0.000826678064186, 0.00534056639299, -0.00590767757967, 0.00357477529906, -0.00512145133689], [-6.85121412971e-05, 0.000648183922749, -0.00183491595089, -0.00244528660551, 0.0108441859484, -0.00597286922857, -0.00507861655205, 0.00785193126649, -0.00357606145553, -0.000128592277179, 0.00341503880918, -0.00448444206268, 0.00206985720433], [-0.000275545957265, -0.0004985210835, 0.00588430836797, -0.00325951050036, -0.00597286922857, 0.0195404030383, -0.00953582022339, -0.00383379706182, 0.00653742067516, -0.0059321555309, -0.00323153054342, 0.00193843245506, -0.00145678583067], [0.000246264564339, 0.000686924962793, -0.00459287781268, 0.00746987527236, -0.00507861655205, -0.00953582022339, 0.0273472964764, -0.0114189321175, -0.00518499314785, 0.0122144203633, -0.00509458826855, 0.00216822745278, -0.00116494577378], [-0.000269801879767, 0.00115458900109, 0.00124365265947, -0.00457290420309, 0.00785193126649, -0.00383379706182, -0.0114189321175, 0.0264280959964, -0.0113016609102, -0.00564419105649, 0.0122263329104, -0.00906042661518, 0.00190557411406], [0.000575904152356, -0.00324293877929, 0.00236792303622, -0.000826678064186, -0.00357606145553, 0.00653742067516, -0.00518499314785, -0.0113016609102, 0.030258666724, -0.0109973000363, -0.00827025622129, 0.0123403295875, -0.00670629134402], [-0.000504267343786, 0.00388058554381, -0.00369250145741, 0.00534056639299, -0.000128592277179, -0.0059321555309, 0.0122144203633, -0.00564419105649, -0.0109973000363, 0.0246446505189, -0.00731626478955, -0.00671782391146, 0.0055717760697], [0.000521800364368, -0.00349604920484, 0.0019821820315, -0.00590767757967, 0.00341503880918, -0.00323153054342, -0.00509458826855, 0.0122263329104, -0.00827025622129, -0.00731626478955, 0.0255530327559, -0.00925413705409, 7.58899295761e-06], [7.16102367733e-05, 0.00233298889361, -0.000508368422743, 0.00357477529906, -0.00448444206268, 0.00193843245506, 0.00216822745278, -0.00906042661518, 0.0123403295875, -0.00671782391146, -0.00925413705409, 0.024243760854, -0.0115596167743], [0.000239256609348, -0.00274941860698, 0.00202699424699, -0.00512145133689, 0.00206985720433, -0.00145678583067, -0.00116494577378, 0.00190557411406, -0.00670629134402, 0.0055717760697, 7.58899295761e-06, -0.0115596167743, 0.0219320803881]]
    },
    "melbands": {
        "dmean": [0.00102574913763, 0.00144368514884, 0.00262320158072, 0.000745645316783, 0.000151150772581, 8.58238563524e-05, 4.7976285714e-05, 1.86704164662e-05, 7.15953228791e-06, 3.15589477395e-06, 2.02968954e-06, 1.95460802388e-06, 3.77406166763e-07, 4.01267953976e-07, 1.40355851386e-07, 7.81933024996e-08, 4.84168793946e-08, 2.08098569487e-08, 1.1060259375e-08, 1.05109396742e-08, 5.87706061594e-09, 3.33338201486e-09, 2.17014872739e-09, 1.83091530825e-09, 9.34757382609e-10, 7.00050573066e-10, 5.71118985437e-10, 6.17091655553e-10, 4.46483211514e-10, 4.25686902394e-10, 3.61598279097e-10, 3.15547449281e-10, 3.63291036143e-10, 2.59510302136e-10, 2.38968150823e-10, 2.32904362463e-10, 2.3581953057e-10, 2.59522181523e-10, 2.27164342892e-10, 2.59925525548e-10],
        "dmean2": [0.00174540968146, 0.00227966858074, 0.00387441017665, 0.00112504418939, 0.000228762495681, 0.000127907114802, 7.30047831894e-05, 2.81418942905e-05, 1.13568785309e-05, 4.89477406518e-06, 3.35373852067e-06, 3.53743212145e-06, 6.38854771751e-07, 7.19560659945e-07, 2.27680573062e-07, 1.33562522819e-07, 8.23784205295e-08, 3.54887781384e-08, 1.91001934269e-08, 1.8815356384e-08, 1.05511697157e-08, 5.90747584184e-09, 3.92327548226e-09, 3.34845484673e-09, 1.68731295602e-09, 1.26643351361e-09, 1.03198860568e-09, 1.10753206606e-09, 8.10316147515e-10, 7.51690876211e-10, 6.41689867908e-10, 5.4203780353e-10, 6.26580731744e-10, 4.54802390193e-10, 4.0567002535e-10, 4.00662086841e-10, 4.13114792375e-10, 4.50664949803e-10, 3.94967475392e-10, 4.39460107193e-10],
        "dvar": [4.86168619318e-06, 4.54918654214e-06, 1.72860582097e-05, 2.03558829526e-06, 1.68167019865e-07, 3.36881207375e-08, 1.00281809523e-08, 1.45189116285e-09, 2.18691523224e-10, 5.35902641707e-11, 5.07941674832e-11, 6.57606469279e-11, 1.2065176332e-12, 2.63670834298e-12, 1.7081334177e-13, 8.61544857808e-14, 2.30907686635e-14, 3.50039457123e-15, 8.13592721771e-16, 1.06190117141e-15, 2.99723561298e-16, 8.50275032034e-17, 3.46884873493e-17, 2.24136729983e-17, 6.26819352937e-18, 3.18463853409e-18, 1.59910338884e-18, 1.91828188494e-18, 7.7341759505e-19, 2.80134485512e-19, 1.94496605941e-19, 1.78700260901e-19, 1.47928379557e-19, 8.37430285071e-20, 5.23479441197e-20, 4.80629255956e-20, 4.82056401007e-20, 5.96395735311e-20, 4.24726128338e-20, 5.23064623044e-20],
        "dvar2": [1.20261247503e-05, 1.0499000382e-05, 3.53053983417e-05, 4.56394081993e-06, 3.93312319602e-07, 7.15172703281e-08, 2.13553423833e-08, 2.85463253036e-09, 5.32796751163e-10, 1.16778156589e-10, 1.23471413649e-10, 1.8903970056e-10, 3.27199899119e-12, 7.44297418837e-12, 4.22556439708e-13, 2.38364232866e-13, 6.41031010825e-14, 9.6404597494e-15, 2.19321012835e-15, 3.01723363735e-15, 8.46272523426e-16, 2.39794206805e-16, 9.83146178794e-17, 6.47532733025e-17, 1.79002711737e-17, 9.12652358068e-18, 4.6407102975e-18, 5.67193775561e-18, 2.2726998261e-18, 8.10115256131e-19, 5.71213242612e-19, 4.85615920741e-19, 4.26741909329e-19, 2.4822271051e-19, 1.54047435213e-19, 1.41307212344e-19, 1.3943795218e-19, 1.73198320755e-19, 1.24296592013e-19, 1.48368219923e-19],
        "max": [0.0311757996678, 0.022457011044, 0.0352447666228, 0.0153796765953, 0.00547312106937, 0.00186583085451, 0.0012498353608, 0.000390199333197, 0.000155337562319, 7.25916470401e-05, 8.74855541042e-05, 0.000116398856335, 1.31031956698e-05, 1.93019259314e-05, 4.80126936964e-06, 4.13435100199e-06, 1.89063086964e-06, 5.66051539863e-07, 3.21611082654e-07, 4.17713181378e-07, 1.64251630963e-07, 9.51762828549e-08, 5.10350055549e-08, 5.11331066377e-08, 3.66186228007e-08, 2.49212241954e-08, 1.66972391469e-08, 1.97052365536e-08, 9.42447275776e-09, 7.18035630953e-09, 4.59140814257e-09, 4.39258496243e-09, 3.6822076499e-09, 3.64765062599e-09, 2.0921704369e-09, 1.79500547759e-09, 1.81944159738e-09, 2.23074181349e-09, 1.65915226003e-09, 1.9863783951e-09],
        "mean": [0.00165330001619, 0.0033425334841, 0.0062637985684, 0.00134874542709, 0.000197901696083, 0.000128960557049, 7.80403643148e-05, 3.12921220029e-05, 9.40101745073e-06, 4.48868695457e-06, 2.32400725508e-06, 1.43021827625e-06, 3.13868099511e-07, 2.81166933291e-07, 1.37507470299e-07, 7.33850598067e-08, 4.45123973236e-08, 1.92456361958e-08, 9.97599514108e-09, 8.99095820017e-09, 4.86121143339e-09, 3.02370195548e-09, 2.061874671e-09, 2.31505992154e-09, 1.32974653511e-09, 9.18914500048e-10, 9.73314429054e-10, 1.21817300691e-09, 7.01932401093e-10, 8.38565605843e-10, 8.21308021592e-10, 6.1902655224e-10, 7.74390829239e-10, 5.31702182283e-10, 5.10547271126e-10, 4.92692386889e-10, 5.23791232609e-10, 5.95855143004e-10, 5.69847169452e-10, 6.16330320113e-10],
        "median": [0.000191322935279, 0.00189780001529, 0.00266416068189, 0.000423553166911, 6.20281571173e-05, 3.75758099835e-05, 2.71565058938e-05, 9.6058984127e-06, 1.95879283638e-06, 6.62586955968e-07, 3.24903652427e-07, 1.4177415153e-07, 4.42851977311e-08, 2.58386450014e-08, 1.63462683389e-08, 9.15044306993e-09, 8.21487411429e-09, 3.89830656644e-09, 2.83015300084e-09, 2.98039593005e-09, 1.57450685823e-09, 1.17103893249e-09, 1.02324970719e-09, 1.66533875579e-09, 9.88070070207e-10, 6.68891830813e-10, 8.24769974539e-10, 1.07927633497e-09, 5.78695202869e-10, 7.76754160992e-10, 7.79622977287e-10, 5.55364088051e-10, 7.28433702246e-10, 4.95396668132e-10, 4.78730000086e-10, 4.56704174479e-10, 4.96609198208e-10, 5.74656822128e-10, 5.44550127213e-10, 5.94978011303e-10],
        "min": [2.21993047571e-23, 2.73896450597e-23, 1.18118849132e-23, 5.2441244447e-24, 5.73898241258e-24, 7.41028324233e-24, 4.13375302237e-24, 8.66340535635e-24, 1.18293108506e-23, 7.83878459744e-24, 1.22818314425e-23, 7.70101635123e-24, 8.29739204013e-24, 1.20499434128e-23, 4.64224842314e-24, 1.54244205749e-23, 1.02549235552e-23, 1.27396902562e-23, 1.10605382883e-23, 1.30195197297e-23, 9.26798993184e-24, 8.26703746136e-24, 1.09981599011e-23, 8.4010720289e-24, 1.09401044716e-23, 6.47906923132e-24, 6.61148900059e-24, 6.9450075584e-24, 5.79351202822e-24, 8.41922766264e-24, 6.90804705841e-24, 1.20052015889e-23, 1.45239374294e-23, 1.06140075172e-23, 1.24788668085e-23, 9.32407715334e-24, 9.09274369288e-24, 8.98689828092e-24, 1.33199684495e-23, 1.24275537732e-23],
