{
"metadata": {
    "version": {
        "essentia": "2.1-beta6-dev",
        "essentia_git_sha": "v2.1_beta5-778-gc9eadba6",
        "extractor": "music 2.0"
    },
    "audio_properties": {
        "analysis": {
            "equal_loudness": 0,
            "length": 21.9999771118,
            "sample_rate": 44100,
            "start_time": 0,
            "downmix": "mix"
        },
        "bit_rate": 128000,
        "length": 22,
        "lossless": 0,
        "number_channels": 2,
        "replay_gain": 3.04180335999,
        "sample_rate": 48000,
        "codec": "mp3",
        "md5_encoded": "af5a409b463206be3ea51d5cbb767526"
    },
    "tags": {
        "file_name": "jheneaiko-theworst.mp3",
        "encoding": ["Lavf59.16.100"]
    }
},
"lowlevel": {
    "average_loudness": 0.914153158665,
    "barkbands_crest": {
        "dmean": 1.42691397667,
        "dmean2": 2.21364784241,
        "dvar": 6.14500617981,
        "dvar2": 12.4956693649,
        "max": 26.594127655,
        "mean": 18.5904121399,
        "median": 21.8893165588,
        "min": 3.96596932411,
        "stdev": 7.31948423386,
        "var": 53.574848175
    },
    "barkbands_flatness_db": {
        "dmean": 0.0279388669878,
        "dmean2": 0.0412277132273,
        "dvar": 0.00174246006645,
        "dvar2": 0.00281936721876,
        "max": 0.605003714561,
        "mean": 0.364181160927,
        "median": 0.37000015378,
        "min": 0.0485510826111,
        "stdev": 0.106670677662,
        "var": 0.0113786328584
    },
    "barkbands_kurtosis": {
        "dmean": 21.6929473877,
        "dmean2": 31.6291065216,
        "dvar": 2951.22607422,
        "dvar2": 5480.68017578,
        "max": 904.88659668,
        "mean": 61.6923027039,
        "median": 37.3176765442,
        "min": -1.55139613152,
        "stdev": 84.0287399292,
        "var": 7060.82958984
    },
    "barkbands_skewness": {
        "dmean": 1.05818009377,
        "dmean2": 1.52624392509,
        "dvar": 3.22253918648,
        "dvar2": 5.73656082153,
        "max": 24.5896987915,
        "mean": 5.54174518585,
        "median": 5.35561609268,
        "min": -1.93958997726,
        "stdev": 3.99334144592,
        "var": 15.9467754364
    },
    "barkbands_spread": {
        "dmean": 1.96687245369,
        "dmean2": 2.75560069084,
        "dvar": 29.2147579193,
        "dvar2": 49.4412155151,
        "max": 65.8193740845,
        "mean": 4.88970422745,
        "median": 2.05461144447,
        "min": 0.0687148720026,
        "stdev": 7.89404296875,
        "var": 62.3159141541
    },
    "dissonance": {
        "dmean": 0.0285242330283,
        "dmean2": 0.0470806770027,
        "dvar": 0.000725066231098,
        "dvar2": 0.00188964395784,
        "max": 0.499666571617,
        "mean": 0.440499275923,
        "median": 0.452698856592,
        "min": 0.23809915781,
        "stdev": 0.0460232011974,
        "var": 0.00211813510396
    },
    "dynamic_complexity": 4.18026685715,
    "erbbands_crest": {
        "dmean": 1.95799064636,
        "dmean2": 3.04781389236,
        "dvar": 3.87635588646,
        "dvar2": 8.92667675018,
        "max": 24.0290489197,
        "mean": 10.3493127823,
        "median": 10.0550880432,
        "min": 2.72513127327,
        "stdev": 3.66790223122,
        "var": 13.4535064697
    },
    "erbbands_flatness_db": {
        "dmean": 0.0168535523117,
        "dmean2": 0.0257434081286,
        "dvar": 0.000598172366153,
        "dvar2": 0.00111138867214,
        "max": 0.446388691664,
        "mean": 0.240484803915,
        "median": 0.25659352541,
        "min": 0.0728900507092,
        "stdev": 0.0769201144576,
        "var": 0.00591670395806
    },
    "erbbands_kurtosis": {
        "dmean": 1.15722334385,
        "dmean2": 1.74970793724,
        "dvar": 9.29515171051,
        "dvar2": 21.5603847504,
        "max": 46.7371864319,
        "mean": 1.24583601952,
        "median": 0.358468294144,
        "min": -1.6180665493,
        "stdev": 3.60429596901,
        "var": 12.9909486771
    },
    "erbbands_skewness": {
        "dmean": 0.317969292402,
        "dmean2": 0.468675613403,
        "dvar": 0.18064057827,
        "dvar2": 0.365440160036,
        "max": 5.52082538605,
        "mean": 0.505735218525,
        "median": 0.474378556013,
        "min": -1.39334130287,
        "stdev": 0.856362819672,
        "var": 0.73335725069
    },
    "erbbands_spread": {
        "dmean": 5.79486751556,
        "dmean2": 8.27644729614,
        "dvar": 65.7039031982,
        "dvar2": 114.167549133,
        "max": 124.751235962,
        "mean": 30.1146717072,
        "median": 24.9162864685,
        "min": 2.4394235611,
        "stdev": 20.4359970093,
        "var": 417.629974365
    },
    "hfc": {
        "dmean": 6.01132297516,
        "dmean2": 9.44704055786,
        "dvar": 476.597900391,
        "dvar2": 1168.18457031,
        "max": 202.614578247,
        "mean": 10.4237966537,
        "median": 5.62431335449,
        "min": 1.12338750481e-16,
        "stdev": 20.762348175,
        "var": 431.07510376
    },
    "loudness_ebu128": {
        "integrated": -24.7841510773,
        "loudness_range": 3.92367172241,
        "momentary": {
            "dmean": 1.17968213558,
            "dmean2": 1.31711483002,
            "dvar": 2.25808763504,
            "dvar2": 3.35671806335,
            "max": -20.5451011658,
            "mean": -26.5532245636,
            "median": -25.6721096039,
            "min": -39.6236343384,
            "stdev": 4.1964173317,
            "var": 17.609916687
        },
        "short_term": {
            "dmean": 0.166528910398,
            "dmean2": 0.119610063732,
            "dvar": 0.0193074122071,
            "dvar2": 0.0214786231518,
            "max": -22.8570690155,
            "mean": -25.1445388794,
            "median": -25.0769519806,
            "min": -27.9796733856,
            "stdev": 1.34189319611,
            "var": 1.80067741871
        }
    },
    "melbands_crest": {
        "dmean": 1.72640025616,
        "dmean2": 2.80017876625,
        "dvar": 9.10826301575,
        "dvar2": 22.6263961792,
        "max": 38.7314300537,
        "mean": 26.0880737305,
        "median": 29.6181106567,
        "min": 2.04194402695,
        "stdev": 9.82814121246,
        "var": 96.5923614502
    },
    "melbands_flatness_db": {
        "dmean": 0.0302209109068,
        "dmean2": 0.0430904217064,
        "dvar": 0.00250779418275,
        "dvar2": 0.00387357757427,
        "max": 0.755996406078,
        "mean": 0.470319926739,
        "median": 0.473737090826,
        "min": 0.00760826701298,
        "stdev": 0.133704647422,
        "var": 0.0178769342601
    },
    "melbands_kurtosis": {
        "dmean": 22.2042446136,
        "dmean2": 34.0650672913,
        "dvar": 1396.94335938,
        "dvar2": 3324.25195312,
        "max": 648.186340332,
        "mean": 76.1765365601,
        "median": 62.3023605347,
        "min": -1.48538517952,
        "stdev": 75.5627365112,
        "var": 5709.72753906
    },
    "melbands_skewness": {
        "dmean": 0.985746443272,
        "dmean2": 1.47690403461,
        "dvar": 1.74534904957,
        "dvar2": 3.72282075882,
        "max": 21.4091434479,
        "mean": 6.04083919525,
        "median": 6.55188417435,
        "min": -0.500434994698,
        "stdev": 3.66381049156,
        "var": 13.4235076904
    },
    "melbands_spread": {
        "dmean": 1.67715764046,
        "dmean2": 2.51324605942,
        "dvar": 24.5564365387,
        "dvar2": 43.9536781311,
        "max": 141.955688477,
        "mean": 5.25055217743,
        "median": 1.69152510166,
        "min": 0.23972466588,
        "stdev": 10.4610471725,
        "var": 109.433502197
    },
    "pitch_salience": {
        "dmean": 0.0559637770057,
        "dmean2": 0.0894888564944,
        "dvar": 0.00955715961754,
        "dvar2": 0.022712899372,
        "max": 0.959525942802,
        "mean": 0.258921504021,
        "median": 0.142159819603,
        "min": 0.0286379680037,
        "stdev": 0.224452912807,
        "var": 0.0503791123629
    },
    "silence_rate_20dB": {
        "dmean": 0.0189873408526,
        "dmean2": 0.0380147844553,
        "dvar": 0.0186267960817,
        "dvar2": 0.0429058894515,
        "max": 1,
        "mean": 0.981032669544,
        "median": 1,
        "min": 0,
        "stdev": 0.136409163475,
        "var": 0.018607461825
    },
    "silence_rate_30dB": {
        "dmean": 0.0443037971854,
        "dmean2": 0.088701158762,
        "dvar": 0.0423410311341,
        "dvar2": 0.0892814174294,
        "max": 1,
        "mean": 0.713382482529,
        "median": 1,
        "min": 0,
        "stdev": 0.452182263136,
        "var": 0.204468786716
    },
    "silence_rate_60dB": {
        "dmean": 0.0126582281664,
        "dmean2": 0.025343189016,
        "dvar": 0.0124979857355,
        "dvar2": 0.0289249960333,
        "max": 1,
        "mean": 0.0547945201397,
        "median": 0,
        "min": 0,
        "stdev": 0.227578178048,
        "var": 0.0517918281257
    },
    "spectral_centroid": {
        "dmean": 129.750778198,
        "dmean2": 187.565933228,
        "dvar": 127742.695312,
        "dvar2": 214071.078125,
        "max": 10904.1210938,
        "mean": 629.173950195,
        "median": 524.602050781,
        "min": 84.6784820557,
        "stdev": 780.800964355,
        "var": 609650.1875
    },
    "spectral_complexity": {
        "dmean": 2.32489442825,
        "dmean2": 3.70432949066,
        "dvar": 25.2298030853,
        "dvar2": 49.0086746216,
        "max": 56,
        "mean": 8.77660655975,
        "median": 7,
        "min": 0,
        "stdev": 6.72622251511,
        "var": 45.2420692444
    },
    "spectral_decrease": {
        "dmean": 4.47918724333e-09,
        "dmean2": 6.64038468656e-09,
        "dvar": 1.5973140855e-16,
        "dvar2": 3.34444262369e-16,
        "max": 4.81771255218e-29,
        "mean": -2.03903827156e-08,
        "median": -1.42304479311e-08,
        "min": -1.82281922889e-07,
        "stdev": 2.24275247263e-08,
        "var": 5.02993892705e-16
    },
    "spectral_energy": {
        "dmean": 0.0173992309719,
        "dmean2": 0.0257877279073,
        "dvar": 0.00235114968382,
        "dvar2": 0.00494663417339,
        "max": 0.694875359535,
        "mean": 0.0779034271836,
        "median": 0.0541052743793,
        "min": 1.03320496907e-20,
        "stdev": 0.0854244530201,
        "var": 0.00729733752087
    },
    "spectral_energyband_high": {
        "dmean": 0.000496155698784,
        "dmean2": 0.000812111771666,
        "dvar": 5.94626817474e-06,
        "dvar2": 1.49195147969e-05,
        "max": 0.0240092612803,
        "mean": 0.000386330066249,
        "median": 1.59521584919e-06,
        "min": 7.3587586724e-21,
        "stdev": 0.00218648673035,
        "var": 4.78072433907e-06
    },
    "spectral_energyband_low": {
        "dmean": 0.0142151545733,
        "dmean2": 0.0206171516329,
        "dvar": 0.00217037997209,
        "dvar2": 0.00464120833203,
        "max": 0.672574698925,
        "mean": 0.0699949935079,
        "median": 0.0491749159992,
        "min": 2.25895968454e-23,
        "stdev": 0.0822271928191,
        "var": 0.00676131108776
    },
    "spectral_energyband_middle_high": {
        "dmean": 0.000553110206965,
        "dmean2": 0.000914313015528,
        "dvar": 5.49978494746e-06,
        "dvar2": 1.47040964293e-05,
        "max": 0.028890600428,
        "mean": 0.000768562196754,
        "median": 0.000309919734718,
        "min": 1.22455648246e-21,
        "stdev": 0.00203053001314,
        "var": 4.12305189457e-06
    },
    "spectral_energyband_middle_low": {
        "dmean": 0.00570160476491,
        "dmean2": 0.0101878605783,
        "dvar": 0.000482096191263,
        "dvar2": 0.0013472547289,
        "max": 0.193428874016,
        "mean": 0.00697091361508,
        "median": 0.00200301152654,
        "min": 2.10205468251e-22,
        "stdev": 0.0176829490811,
        "var": 0.000312686664984
    },
    "spectral_entropy": {
        "dmean": 0.18386952579,
        "dmean2": 0.280120670795,
        "dvar": 0.0893316715956,
        "dvar2": 0.161773249507,
        "max": 9.81144046783,
        "mean": 6.67611932755,
        "median": 6.53168725967,
        "min": 4.69356584549,
        "stdev": 0.72166287899,
        "var": 0.52079731226
    },
    "spectral_flux": {
        "dmean": 0.0293395668268,
        "dmean2": 0.0448861755431,
        "dvar": 0.00491503532976,
        "dvar2": 0.009117747657,
        "max": 0.750413060188,
        "mean": 0.064618088305,
        "median": 0.0306108091027,
        "min": 6.84345427548e-11,
        "stdev": 0.101079970598,
        "var": 0.0102171609178
    },
    "spectral_kurtosis": {
        "dmean": 13.0458078384,
        "dmean2": 21.9671039581,
        "dvar": 236.280654907,
        "dvar2": 647.305297852,
        "max": 132.175170898,
        "mean": 27.6568870544,
        "median": 19.0055465698,
        "min": -1.23159134388,
        "stdev": 27.5198364258,
        "var": 757.341430664
    },
    "spectral_rms": {
        "dmean": 0.000804110895842,
        "dmean2": 0.00118237710558,
        "dvar": 3.35572985932e-06,
        "dvar2": 6.73405293128e-06,
        "max": 0.0260370336473,
        "mean": 0.00747890071943,
        "median": 0.0072653722018,
        "min": 3.17490933717e-12,
        "stdev": 0.0044798781164,
        "var": 2.0069308448e-05
    },
    "spectral_rolloff": {
        "dmean": 118.659645081,
        "dmean2": 198.368881226,
        "dvar": 457408.71875,
        "dvar2": 881828.0625,
        "max": 18884.6191406,
        "mean": 355.714019775,
        "median": 86.1328125,
        "min": 43.06640625,
        "stdev": 1300.3302002,
        "var": 1690858.5
    },
    "spectral_skewness": {
        "dmean": 0.868624091148,
        "dmean2": 1.45566439629,
        "dvar": 0.771986961365,
        "dvar2": 2.06431555748,
        "max": 8.81914043427,
        "mean": 3.19350481033,
        "median": 2.93071389198,
        "min": -0.0236606765538,
        "stdev": 1.74049401283,
        "var": 3.02931952477
    },
    "spectral_spread": {
        "dmean": 456272.59375,
        "dmean2": 715260.625,
        "dvar": 1.36488760115e+12,
        "dvar2": 1.72899578675e+12,
        "max": 41228500,
        "mean": 2610007.75,
        "median": 1607781.75,
        "min": 572295.3125,
        "stdev": 3091954.25,
        "var": 9.56018091622e+12
    },
    "spectral_strongpeak": {
        "dmean": 0.12535096705,
        "dmean2": 0.207462012768,
        "dvar": 0.0773530378938,
        "dvar2": 0.179895699024,
        "max": 2.96030259132,
        "mean": 0.664739251137,
        "median": 0.551134765148,
        "min": 0,
        "stdev": 0.478001862764,
        "var": 0.228485777974
    },
    "zerocrossingrate": {
        "dmean": 0.00384341203608,
        "dmean2": 0.0051524755545,
        "dvar": 0.00017708017549,
        "dvar2": 0.000319156562909,
        "max": 0.4912109375,
        "mean": 0.0149468602613,
        "median": 0.005859375,
        "min": 0.0009765625,
        "stdev": 0.0354589037597,
        "var": 0.00125733378809
    },
    "barkbands": {
        "dmean": [0.00131776952185, 0.0119018768892, 0.00536760129035, 0.00160765193868, 0.00211282726377, 0.00126056896988, 0.000605100765824, 0.000382467493182, 0.000503434624989, 0.000188926176634, 0.000168880113051, 9.80165277724e-05, 4.17837109126e-05, 2.69083320745e-05, 2.80614731309e-05, 2.90947300527e-05, 2.48383894359e-05, 3.99701020797e-05, 5.96743811911e-05, 6.92491084919e-05, 0.000141529220855, 0.000101969017123, 0.000136372938869, 5.75330923311e-05, 2.18963432417e-05, 3.20932872455e-06, 7.41380574709e-08],
        "dmean2": [0.00233533699065, 0.0168239884079, 0.00991084054112, 0.00304870679975, 0.00383943971246, 0.00230684853159, 0.00104462797754, 0.000639927573502, 0.000777306675445, 0.000336205208441, 0.000312427437166, 0.000176249086508, 7.05951460986e-05, 4.44834440714e-05, 4.33836103184e-05, 4.84398588014e-05, 4.00735480071e-05, 6.5523730882e-05, 0.000101398152765, 0.000115638293209, 0.000242744252319, 0.000165588659002, 0.00022564495157, 9.31690592552e-05, 3.43216888723e-05, 5.26476696905e-06, 1.30037435042e-07],
        "dvar": [8.95642824617e-06, 0.00142431864515, 0.00092949392274, 0.000114986789413, 9.33802148211e-05, 1.23414956761e-05, 3.49970105162e-06, 1.5377983118e-06, 1.65518861195e-06, 6.0930062773e-07, 4.30082536695e-07, 2.25527642783e-07, 1.4128492154e-08, 2.74628719765e-09, 5.08241182473e-09, 1.30676314214e-08, 7.50876161248e-09, 2.99385192193e-08, 1.05217502266e-07, 1.35307075766e-07, 5.33605259534e-07, 2.59392692215e-07, 4.67038148599e-07, 8.31907414067e-08, 1.10609734705e-08, 2.82699585963e-10, 1.7517760788e-13],
        "dvar2": [2.65583785222e-05, 0.00278976443224, 0.00265784864314, 0.000335535150953, 0.000256312894635, 3.42912135238e-05, 1.01812011053e-05, 4.33162722402e-06, 4.24835252488e-06, 1.79766004749e-06, 1.24964378756e-06, 6.49796220387e-07, 3.93867480852e-08, 6.41450670358e-09, 1.15825997682e-08, 3.49699789126e-08, 1.55032946481e-08, 6.58040235635e-08, 2.70691316473e-07, 3.43178129469e-07, 1.43889769788e-06, 6.65835102609e-07, 1.16034959774e-06, 2.03413023314e-07, 2.60078856229e-08, 6.98977542513e-10, 4.82150343956e-13],
        "max": [0.0588990822434, 0.468214392662, 0.394146263599, 0.122607715428, 0.102380886674, 0.0296145714819, 0.0160722360015, 0.0131117906421, 0.0167709477246, 0.00903790351003, 0.00800480041653, 0.00578686594963, 0.00128445832524, 0.000510975776706, 0.000888635870069, 0.00128605565988, 0.00103222636972, 0.00165180396289, 0.00421196781099, 0.00392300076783, 0.0071048703976, 0.00477262958884, 0.00697563309222, 0.0026636403054, 0.000965954561252, 0.000250759825576, 5.79751576879e-06],
        "mean": [0.00573754869401, 0.0601810738444, 0.00388422352262, 0.00114126841072, 0.00167273625266, 0.0012310098391, 0.00105698476546, 0.000596594181843, 0.00115544209257, 0.000259267078945, 0.000180127608473, 8.60304717207e-05, 6.06562243775e-05, 4.66667588626e-05, 4.83804324176e-05, 3.53166469722e-05, 3.17139420076e-05, 4.31113767263e-05, 4.8599744332e-05, 5.36205589015e-05, 0.000102984398836, 7.89125915617e-05, 0.000105635095679, 4.49158724223e-05, 1.82094318006e-05, 2.45931732934e-06, 5.10071878068e-08],
        "median": [0.00134367926512, 0.0359241738915, 0.00041066709673, 0.000116930961667, 0.000251307967119, 0.000285782734863, 0.000366233231034, 0.000158049253514, 0.000391126115574, 9.62322228588e-05, 5.50132317585e-05, 2.09572735912e-05, 2.69471911452e-05, 2.23192364501e-05, 1.25028682305e-05, 1.07517953438e-05, 7.36574793336e-06, 5.38656649951e-06, 2.66792653747e-06, 9.47497255765e-07, 6.93119261541e-07, 1.94453050995e-07, 8.15491674189e-08, 2.47919853535e-08, 1.02111359368e-08, 3.41150485639e-09, 1.32777400186e-09],
        "min": [6.14741948499e-25, 4.87077748308e-24, 1.54141969376e-23, 2.4005337113e-24, 2.91577758046e-23, 1.17673986801e-23, 2.45062085676e-23, 9.43546352429e-24, 4.73631046198e-23, 2.96641740186e-23, 3.22823844304e-23, 2.91222928411e-23, 5.8726421923e-23, 1.48936560252e-22, 4.50341505693e-23, 8.34530461161e-23, 1.11861953108e-22, 1.9714925229e-22, 2.03515902531e-22, 2.80196880699e-22, 3.70335889018e-22, 4.21196717695e-22, 4.80427146006e-22, 6.7288189336e-22, 1.06987380888e-21, 1.41302239566e-21, 2.11490392662e-21],
        "stdev": [0.0106151625514, 0.0731846764684, 0.0233910493553, 0.00789789576083, 0.00773293012753, 0.0029890392907, 0.00185240467545, 0.00118346558884, 0.00210193172097, 0.00061933073448, 0.000510107667651, 0.000359991478035, 0.000115526396257, 6.83644393575e-05, 8.81029336597e-05, 9.97163006105e-05, 9.43984705373e-05, 0.000170779792825, 0.00028271751944, 0.000323906861013, 0.000610851042438, 0.000451534346212, 0.00061193323927, 0.000262664456386, 0.000100710014522, 1.51714330059e-05, 3.36061134476e-07],
        "var": [0.000112681678729, 0.0053559965454, 0.000547141185962, 6.23767627985e-05, 5.97982070758e-05, 8.93435571925e-06, 3.43140300174e-06, 1.40059080422e-06, 4.41811744167e-06, 3.83570551321e-07, 2.60209844782e-07, 1.29593871634e-07, 1.33463489149e-08, 4.67369698498e-09, 7.7621269412e-09, 9.9433403733e-09, 8.91107099221e-09, 2.91657382689e-08, 7.99292010356e-08, 1.04915656607e-07, 3.73139016574e-07, 2.03883274708e-07, 3.74462274522e-07, 6.89926125119e-08, 1.01425072785e-08, 2.30172381155e-10, 1.12937084814e-13]
    },
    "erbbands": {
        "dmean": [0.421666920185, 2.7269589901, 6.18289136887, 5.57784366608, 6.75172185898, 6.00199127197, 10.6638660431, 9.12340831757, 8.00457000732, 9.94464492798, 10.1621255875, 11.1818494797, 6.3298163414, 5.79724788666, 6.08594942093, 3.52935791016, 2.17200875282, 1.16492891312, 1.31105601788, 1.54900097847, 1.57133281231, 1.5504001379, 2.22286772728, 3.00686907768, 2.28338003159, 3.13232088089, 6.55211496353, 3.56869006157, 4.59343957901, 1.97783350945, 5.19754886627, 2.02059841156, 0.570353269577, 0.26829212904, 0.176248237491, 0.0301997773349, 0.00340752839111, 0.000479282753076, 2.05473188544e-05, 2.05531869142e-05],
        "dmean2": [0.62235891819, 3.76699519157, 11.0563774109, 10.2444114685, 12.4371156693, 10.8045959473, 18.4187774658, 17.0312080383, 13.9078702927, 16.9202957153, 15.2156848907, 18.1679725647, 11.286980629, 10.8414382935, 11.2011766434, 6.4058303833, 3.63981223106, 1.96260511875, 2.11840844154, 2.47251987457, 2.5923807621, 2.52688789368, 3.52126479149, 5.06629323959, 3.68593096733, 5.20136737823, 11.2067232132, 5.88434123993, 7.61652183533, 3.22190070152, 8.72043323517, 3.26532101631, 0.920960187912, 0.431644678116, 0.280745863914, 0.0484281852841, 0.00545274093747, 0.000775542110205, 3.22289379255e-05, 3.04447330564e-05],
        "dvar": [1.57797670364, 85.986289978, 1097.78198242, 1146.00512695, 1496.8059082, 758.07244873, 1171.94519043, 646.682006836, 661.109741211, 957.712158203, 783.734069824, 854.728759766, 530.655090332, 717.961669922, 677.697937012, 274.05645752, 41.168964386, 7.3024930954, 10.8938751221, 15.2852239609, 43.7156677246, 29.4334545135, 87.6519622803, 248.2447052, 121.75643158, 269.823150635, 1167.72460938, 312.511810303, 552.502502441, 92.4996795654, 704.743896484, 97.7831802368, 7.98337697983, 1.77096295357, 0.771488070488, 0.0224906560034, 0.000306645873934, 6.20540413365e-06, 5.33389110657e-09, 3.02469493896e-09],
        "dvar2": [3.63718700409, 173.550613403, 3040.13842773, 3303.55175781, 4241.30615234, 2107.8034668, 2979.54882812, 1868.37109375, 1878.75463867, 2721.80224609, 2080.26806641, 2346.35449219, 1547.0748291, 2119.18969727, 1955.16870117, 790.911682129, 114.844528198, 18.1558132172, 26.3070659637, 36.2021903992, 116.56842804, 60.521270752, 193.689437866, 639.937805176, 281.530426025, 678.907592773, 3109.03833008, 825.24206543, 1450.70068359, 219.976333618, 1782.1114502, 237.358520508, 18.9851570129, 4.2633061409, 1.934871912, 0.0527459345758, 0.000749524042476, 1.51755848492e-05, 1.25811281393e-08, 6.48278764004e-09],
        "max": [17.5049762726, 123.239105225, 462.214447021, 368.874145508, 350.056060791, 320.179443359, 312.592926025, 218.218933105, 218.301391602, 274.494659424, 320.655029297, 401.448364258, 244.94480896, 321.886871338, 322.709320068, 201.900741577, 67.1171646118, 24.309305191, 44.4533729553, 39.1269569397, 73.4653396606, 62.0512008667, 93.6591720581, 204.214828491, 128.924819946, 180.036483765, 341.163787842, 171.887512207, 228.01725769, 89.2222900391, 293.535797119, 95.4727249146, 27.3870220184, 13.7153406143, 9.69818592072, 1.81709671021, 0.248785212636, 0.0337219573557, 0.000836867257021, 0.000752604100853],
        "mean": [2.35216617584, 11.0383577347, 6.81883764267, 4.3861989975, 4.71821165085, 4.60518169403, 10.3866281509, 9.01826858521, 10.646279335, 18.9343013763, 19.7484416962, 23.5072975159, 11.0989933014, 6.53973150253, 6.4039478302, 3.48348236084, 3.23907279968, 1.99155116081, 2.30335640907, 2.68950510025, 1.87396979332, 2.00014519691, 2.45413637161, 2.5049097538, 1.98232495785, 2.46694421768, 4.80074644089, 2.72364211082, 3.4659974575, 1.61424064636, 3.91053128242, 1.59146392345, 0.457581102848, 0.216968268156, 0.138462811708, 0.0245720874518, 0.00265522440895, 0.000385023100534, 4.57371097582e-05, 8.58460771269e-05],
        "median": [1.66888403893, 2.02558350563, 1.31450867653, 0.596110880375, 0.405311971903, 0.690490424633, 2.6013982296, 2.03728294373, 4.54716205597, 3.32513451576, 5.16789770126, 8.06056976318, 4.6676530838, 2.24396085739, 1.93075561523, 1.04375970364, 1.46679592133, 0.928114652634, 1.13604533672, 0.826646864414, 0.568604290485, 0.458184212446, 0.344191908836, 0.222201898694, 0.101940818131, 0.0457198657095, 0.0360957980156, 0.0169203374535, 0.00865825265646, 0.00283248652704, 0.00250540627167, 0.000986332423054, 0.000337035831762, 0.000174784232513, 0.000128552943352, 6.78320648149e-05, 2.81516568066e-05, 3.01611544273e-06, 2.61475106527e-05, 5.89730261709e-05],
        "min": [2.33036150456e-22, 1.04187346242e-21, 1.41957570176e-20, 1.47929911133e-20, 4.41093318474e-20, 8.05158867448e-20, 1.36399213727e-19, 6.02026508837e-20, 2.19150155412e-19, 2.19182570552e-19, 5.22832792753e-19, 1.01488267939e-18, 1.24524896447e-18, 1.61758405129e-18, 2.8068878958e-18, 1.24004051835e-18, 3.21905876015e-18, 7.76189229128e-18, 4.38347697933e-18, 2.99183472742e-18, 4.80302298602e-18, 6.63132912701e-18, 1.03147362706e-17, 1.07365140105e-17, 9.21643315018e-18, 1.44350759301e-17, 1.54403336393e-17, 1.65915870722e-17, 1.60444137145e-17, 1.4644013481e-17, 1.35352473531e-17, 1.44535534906e-17, 1.04536033518e-17, 1.12344610229e-17, 7.39052707374e-18, 4.47583417626e-18, 2.63208105772e-18, 1.09423184081e-18, 3.1694019706e-19, 3.12842744971e-20],
        "stdev": [2.53096365929, 16.2144699097, 27.3489646912, 25.547668457, 29.7112960815, 21.7555179596, 31.2433643341, 20.7838764191, 22.611989975, 36.9408111572, 38.3681030273, 39.9798088074, 20.4193553925, 19.9953079224, 20.0572490692, 12.5735054016, 6.16892290115, 3.13028359413, 3.83553218842, 4.64693498611, 5.7534160614, 5.89573383331, 9.29609775543, 13.7005996704, 10.5515823364, 14.5986156464, 28.7434005737, 15.3420362473, 20.3398952484, 8.99122810364, 23.3315906525, 9.07328033447, 2.63453507423, 1.23943448067, 0.796681046486, 0.141844600439, 0.0159960258752, 0.00227871886455, 7.60104812798e-05, 9.35695061344e-05],
        "var": [6.40577745438, 262.909057617, 747.965881348, 652.683410645, 882.761169434, 473.302581787, 976.147827148, 431.969512939, 511.302062988, 1364.62365723, 1472.11120605, 1598.38500977, 416.950073242, 399.812347412, 402.293273926, 158.093048096, 38.0556106567, 9.79867553711, 14.711306572, 21.5940036774, 33.1017990112, 34.759677887, 86.4174346924, 187.706436157, 111.335899353, 213.119567871, 826.183105469, 235.378067017, 413.711303711, 80.8421783447, 544.363098145, 82.3244171143, 6.94077444077, 1.53619790077, 0.634700715542, 0.0201198924333, 0.000255872844718, 5.19255945619e-06, 5.77759351472e-09, 8.75525252297e-09]
    },
    "gfcc": {
        "mean": [-149.759094238, 190.058685303, -97.3863754272, 13.22356987, -27.2677249908, 3.42711806297, -0.86952406168, 11.4341259003, 12.1092815399, 0.26069432497, 3.46622800827, -5.41012096405, 6.40579795837],
        "cov": [[14726.0947266, -1688.75793457, -743.77154541, 1945.87121582, -1672.71679688, 561.951843262, -688.728027344, 107.802818298, -421.008911133, 133.892623901, 9.07057666779, 151.465499878, 27.8839492798], [-1688.75793457, 2881.46289062, -413.753936768, -1489.59558105, 1250.64245605, -839.404663086, 379.305664062, -211.657119751, 338.570373535, -161.839996338, -127.288673401, -190.276077271, -101.687950134], [-743.77154541, -413.753936768, 1121.80578613, 337.467651367, 250.192565918, 526.29284668, 217.171676636, 185.191009521, 110.125190735, 122.361915588, 102.803878784, -12.0718545914, 93.9353027344], [1945.87121582, -1489.59558105, 337.467651367, 1215.34301758, -683.040283203, 536.187072754, -114.625236511, 109.876358032, -196.387588501, 53.8369560242, 104.29083252, 43.9628982544, 79.6803970337], [-1672.71679688, 1250.64245605, 250.192565918, -683.040283203, 996.295532227, -216.767486572, 352.014862061, 8.32474803925, 255.634735107, -1.57489287853, -14.4723358154, -69.0876541138, -8.0343542099], [561.951843262, -839.404663086, 526.29284668, 536.187072754, -216.767486572, 612.45526123, 22.6507949829, 146.537734985, 15.8587427139, 85.9516830444, 99.3015213013, 13.3355016708, 92.8400344849], [-688.728027344, 379.305664062, 217.171676636, -114.625236511, 352.014862061, 22.6507949829, 281.501953125, 65.4837265015, 143.333007812, 25.6008110046, 56.5830154419, -23.4367408752, 34.2153511047], [107.802818298, -211.657119751, 185.191009521, 109.876358032, 8.32474803925, 146.537734985, 65.4837265015, 146.794250488, 55.9862251282, 67.9327850342, 60.7430000305, 29.9336776733, 28.1868228912], [-421.008911133, 338.570373535, 110.125190735, -196.387588501, 255.634735107, 15.8587427139, 143.333007812, 55.9862251282, 188.809890747, 46.7221336365, 54.4108085632, -16.8136997223, 20.2425174713], [133.892623901, -161.839996338, 122.361915588, 53.8369560242, -1.57489287853, 85.9516830444, 25.6008110046, 67.9327850342, 46.7221336365, 98.8736572266, 55.7811508179, 36.4211006165, 24.5764102936], [9.07057666779, -127.288673401, 102.803878784, 104.29083252, -14.4723358154, 99.3015213013, 56.5830154419, 60.7430000305, 54.4108085632, 55.7811508179, 107.271377563, 30.2890548706, 38.9268722534], [151.465499878, -190.276077271, -12.0718545914, 43.9628982544, -69.0876541138, 13.3355016708, -23.4367408752, 29.9336776733, -16.8136997223, 36.4211006165, 30.2890548706, 85.8299942017, 22.988363266], [27.8839492798, -101.687950134, 93.9353027344, 79.6803970337, -8.0343542099, 92.8400344849, 34.2153511047, 28.1868228912, 20.2425174713, 24.5764102936, 38.9268722534, 22.988363266, 67.0718307495]],
        "icov": [[0.000177593479748, -0.000522820046172, 0.000247238553129, -0.000663768558297, 0.000151167085278, -0.000402643316193, 0.000468579673907, -0.000331502873451, 8.53002165968e-06, -0.000741170777474, 0.000593194796238, -0.000612937263213, 0.000186331628356], [-0.000522820046172, 0.00427899649367, -0.000440149975475, 0.00324923661537, -0.00181137351319, 0.00284732249565, -0.0023492986802, 0.00211653346196, -0.00148182921112, 0.0038806386292, -0.00250713969581, 0.00476269377396, -0.00154009251855], [0.000247238553129, -0.000440149975475, 0.00285002682358, -0.00117643014528, -0.00130905478727, -0.00240582739934, 7.36206566216e-05, -0.000776045955718, 0.000869308889378, -0.00240492238663, 0.00110573018901, -1.90331247722e-05, 8.14892846392e-05], [-0.000663768558297, 0.00324923661537, -0.00117643014528, 0.00599997118115, 0.000313650176395, 0.00104202912189, -0.0034731447231, 0.00127582182176, 0.00235612504184, 0.00354020902887, -0.00443938095123, 0.00476401019841, -0.00151194212958], [0.000151167085278, -0.00181137351319, -0.00130905478727, 0.000313650176395, 0.00505384383723, -7.39013048587e-05, -0.00247717648745, -0.000280841224594, -0.000793700979557, -0.00115971104242, 0.002253864659, -0.00177381571848, 0.00070540496381], [-0.000402643316193, 0.00284732249565, -0.00240582739934, 0.00104202912189, -7.39013048587e-05, 0.0076814237982, -0.000426635699114, -0.00055010226788, -0.00291401986033, 0.00311158783734, -0.00177629559767, 0.00491124112159, -0.00448990426958], [0.000468579673907, -0.0023492986802, 7.36206566216e-05, -0.0034731447231, -0.00247717648745, -0.000426635699114, 0.012216665782, -0.00401312112808, -0.00258875079453, 9.71472400124e-05, -0.00132342881989, -0.000943899212871, -0.00214811973274], [-0.000331502873451, 0.00211653346196, -0.000776045955718, 0.00127582182176, -0.000280841224594, -0.00055010226788, -0.00401312112808, 0.0153686664999, -0.0032184633892, -0.00241414806806, -0.00163555925246, -0.00182441109791, 0.00266474927776], [8.53002165968e-06, -0.00148182921112, 0.000869308889378, 0.00235612504184, -0.000793700979557, -0.00291401986033, -0.00258875079453, -0.0032184633892, 0.017742510885, -0.00568989943713, -0.00598877249286, 0.00407485151663, -0.000845801550895], [-0.000741170777474, 0.0038806386292, -0.00240492238663, 0.00354020902887, -0.00115971104242, 0.00311158783734, 9.71472400124e-05, -0.00241414806806, -0.00568989943713, 0.0252705141902, -0.00774428108707, -0.00173912663013, -0.000578659470193], [0.000593194796238, -0.00250713969581, 0.00110573018901, -0.00443938095123, 0.002253864659, -0.00177629559767, -0.00132342881989, -0.00163555925246, -0.00598877249286, -0.00774428108707, 0.0231618508697, -0.00725616887212, -0.00254169292748], [-0.000612937263213, 0.00476269377396, -1.90331247722e-05, 0.00476401019841, -0.00177381571848, 0.00491124112159, -0.000943899212871, -0.00182441109791, 0.00407485151663, -0.00173912663013, -0.00725616887212, 0.0255596507341, -0.0090613309294], [0.000186331628356, -0.00154009251855, 8.14892846392e-05, -0.00151194212958, 0.00070540496381, -0.00448990426958, -0.00214811973274, 0.00266474927776, -0.000845801550895, -0.000578659470193, -0.00254169292748, -0.0090613309294, 0.025502493605]]
    },
    "melbands": {
        "dmean": [0.00348981446587, 0.00293773016892, 0.000991952023469, 0.000462674361188, 0.000341659935657, 0.000211106569623, 0.000119067364722, 0.000103381142253, 9.26085631363e-05, 6.4750391175e-05, 3.105984797e-05, 2.35932748183e-05, 2.35262814385e-05, 1.12756133603e-05, 8.03053353593e-06, 3.0986211641e-06, 2.16298622036e-06, 2.21905611397e-06, 2.47085745286e-06, 1.97009853764e-06, 1.80939639449e-06, 1.67760811109e-06, 1.76874596036e-06, 2.01377019948e-06, 2.60600222646e-06, 2.17912975131e-06, 1.84465534403e-06, 2.15328486775e-06, 3.33181901624e-06, 5.20916864843e-06, 9.99729877549e-07, 3.04081345348e-06, 1.42783324009e-06, 7.16079398444e-07, 3.86323608836e-06, 1.49332458932e-06, 9.84543703453e-07, 3.67899644971e-07, 3.22940167052e-07, 1.8937892321e-07],
        "dmean2": [0.00495617603883, 0.00476561952382, 0.00179215683602, 0.000858773535583, 0.000591067539062, 0.000391460635001, 0.000208153462154, 0.000175978217158, 0.000136124945129, 0.000106868938019, 5.52194578631e-05, 4.37959097326e-05, 4.32632041338e-05, 2.07286066143e-05, 1.37971246659e-05, 5.14309158461e-06, 3.62914215657e-06, 3.61085039913e-06, 3.68349606106e-06, 3.23609992847e-06, 3.02907278638e-06, 2.71539170171e-06, 2.8087681585e-06, 3.25960127157e-06, 4.44754914497e-06, 3.74488263333e-06, 3.12711563311e-06, 3.60752210327e-06, 5.57252405997e-06, 9.21147056943e-06, 1.5144654526e-06, 5.01823933519e-06, 2.34254252973e-06, 1.15306238513e-06, 6.52248309052e-06, 2.40815643338e-06, 1.61577838753e-06, 5.87551141962e-07, 5.31267403403e-07, 3.00625515592e-07],
        "dvar": [0.000110163411591, 0.000164287674124, 3.38238605764e-05, 5.93751792621e-06, 1.21661014418e-06, 3.37872279488e-07, 1.51593027908e-07, 1.03849828292e-07, 5.67044402544e-08, 3.03470883978e-08, 1.28561463697e-08, 1.17547855893e-08, 8.27057444752e-09, 3.61686325334e-09, 7.31306570856e-10, 7.35057917312e-11, 2.24856609027e-11, 2.68952672633e-11, 3.7632098826e-11, 4.21521463567e-11, 6.11238212822e-11, 3.33369304384e-11, 5.61758729811e-11, 7.05073638363e-11, 1.98131802631e-10, 1.44034562055e-10, 9.94836366064e-11, 1.31632774125e-10, 3.01100366862e-10, 7.35814853492e-10, 2.26069926668e-11, 2.41467734696e-10, 5.20480950006e-11, 1.21670477513e-11, 4.02364752627e-10, 5.16856661636e-11, 2.47770901018e-11, 3.30239091281e-12, 2.7900865212e-12, 8.69791814528e-13],
        "dvar2": [0.000220069210627, 0.00041388880345, 9.64460487012e-05, 1.65716646734e-05, 3.11201642944e-06, 9.69108327808e-07, 4.36997623865e-07, 2.94934437761e-07, 1.39602235549e-07, 8.47937116077e-08, 3.74861883756e-08, 3.47807151968e-08, 2.39066331176e-08, 1.04237578569e-08, 2.08571160343e-09, 2.02093314305e-10, 5.57659127209e-11, 6.46976222596e-11, 8.27461155151e-11, 1.07254018167e-10, 1.64974880978e-10, 6.90849322194e-11, 1.37501177111e-10, 1.5271021947e-10, 5.2091209124e-10, 3.73221009653e-10, 2.5991622743e-10, 3.31514843355e-10, 7.84802389742e-10, 2.02801664351e-09, 5.45325069823e-11, 6.34098162866e-10, 1.33080768627e-10, 2.80246312268e-11, 1.02943686908e-09, 1.22068827269e-10, 6.07031647171e-11, 7.77373825034e-12, 6.89992681047e-12, 2.09548524366e-12],
        "max": [0.14268219471, 0.189609080553, 0.0615621507168, 0.0253097303212, 0.00973639171571, 0.00492935953662, 0.00336526054889, 0.00284626754001, 0.00285305851139, 0.00233344198205, 0.00117466261145, 0.00130341993645, 0.00112557422835, 0.000700013944879, 0.000334428565111, 8.75622281455e-05, 4.51702944702e-05, 6.07184811088e-05, 6.05740242463e-05, 8.17708787508e-05, 8.83734319359e-05, 6.4763276896e-05, 7.72201965447e-05, 8.1467704149e-05, 0.00018289401487, 0.000159979594173, 0.00011222154717, 0.000128562533064, 0.000187810248462, 0.000255868682871, 4.55838599009e-05, 0.000159317773068, 7.02582692611e-05, 3.88004409615e-05, 0.000234259146964, 7.01013632352e-05, 4.93134102726e-05, 1.95109223569e-05, 1.96624350792e-05, 9.27448581933e-06],
        "mean": [0.0192462410778, 0.00689935218543, 0.000754554523155, 0.000340076570865, 0.000328953494318, 0.000214308151044, 0.000165212579304, 0.000184472824913, 0.00019234244246, 0.00013500728528, 5.08531920786e-05, 2.56250568782e-05, 2.54086789937e-05, 9.09442678676e-06, 1.03411839518e-05, 4.7493749662e-06, 3.57995304512e-06, 3.67355778508e-06, 4.10628217651e-06, 2.93071457236e-06, 1.95019515559e-06, 2.07991820389e-06, 1.88801232071e-06, 2.15445334106e-06, 2.07789184969e-06, 1.76137132257e-06, 1.39157577905e-06, 1.6877603457e-06, 2.47419757216e-06, 3.6471437852e-06, 8.80560889982e-07, 2.31923104366e-06, 1.0791142131e-06, 6.06927926583e-07, 2.83597682937e-06, 1.25547217067e-06, 7.61398894156e-07, 2.98125996778e-07, 2.49066857805e-07, 1.54146064801e-07],
        "median": [0.0144971571863, 0.00117763562594, 8.27911571832e-05, 3.80531491828e-05, 8.08244658401e-05, 5.28783675691e-05, 6.71560555929e-05, 3.76350253646e-05, 4.94528503623e-05, 5.06000360474e-05, 2.04435000342e-05, 8.57855593495e-06, 7.59923113947e-06, 1.83839676993e-06, 3.74638648282e-06, 1.79601954642e-06, 1.73715864094e-06, 1.73596845343e-06, 8.93911021649e-07, 1.03883166958e-06, 5.01551539855e-07, 4.52622856528e-07, 3.17204467137e-07, 2.67627967787e-07, 1.43663214658e-07, 9.10192383685e-08, 4.25112531843e-08, 2.40762556558e-08, 1.73014527149e-08, 2.25641567653e-08, 5.03101960092e-09, 5.70112934639e-09, 2.02859928855e-09, 1.0142007234e-09, 1.45980905142e-09, 9.08672859179e-10, 4.17655604545e-10, 1.97947519487e-10, 1.34507696647e-10, 9.05828745346e-11],
        "min": [1.56199024766e-24, 5.02780734601e-24, 3.07412113346e-24, 6.20466672645e-24, 4.22093714075e-24, 1.62110925884e-24, 4.38575345525e-24, 2.547703799e-24, 4.21436750713e-24, 6.13031776942e-24, 5.93463490543e-24, 5.57280294643e-24, 6.78330606119e-24, 4.01539154329e-24, 3.9359709995e-24, 5.9922773662e-24, 1.43371020348e-23, 7.91146156377e-24, 4.08866962163e-24, 3.36830984755e-24, 5.34384632388e-24, 6.40015553066e-24, 9.59086833376e-24, 7.91039107953e-24, 7.09062102632e-24, 5.5855501498e-24, 7.16055748987e-24, 1.07088830294e-23, 8.71237547477e-24, 7.47406422424e-24, 1.0002144911e-23, 8.1852223303e-24, 8.95078896185e-24, 7.71350559708e-24, 7.50802547507e-24, 8.32992860817e-24, 8.35133119339e-24, 6.90761002947e-24, 7.63258108998e-24, 8.19007224714e-24],
        "stdev": [0.0213505234569, 0.0141117405146, 0.00444881431758, 0.00190410763025, 0.000996506190859, 0.000481632101582, 0.000336874654749, 0.000356921344064, 0.000387865409721, 0.000225928524742, 9.81732009677e-05, 8.07926844573e-05, 7.14801062713e-05, 4.52716776635e-05, 2.28988337767e-05, 8.72490272741e-06, 5.53520612812e-06, 6.23969162916e-06, 7.80123900768e-06, 6.28804764347e-06, 6.68873190079e-06, 6.26179598839e-06, 6.96514052834e-06, 8.39129552332e-06, 1.19903079394e-05, 1.03837828647e-05, 8.55903545016e-06, 1.01622044895e-05, 1.48608050949e-05, 2.20884667215e-05, 4.56577890873e-06, 1.35108120958e-05, 6.33893796476e-06, 3.3455803532e-06, 1.73951666511e-05, 6.78734613757e-06, 4.506337973e-06, 1.70668761257e-06, 1.50859614223e-06, 8.71963607096e-07],
