{
"metadata": {
    "version": {
        "essentia": "2.1-beta6-dev",
        "essentia_git_sha": "v2.1_beta5-778-gc9eadba6",
        "extractor": "music 2.0"
    },
    "audio_properties": {
        "analysis": {
            "equal_loudness": 0,
            "length": 9.99997711182,
            "sample_rate": 44100,
            "start_time": 0,
            "downmix": "mix"
        },
        "bit_rate": 128000,
        "length": 10,
        "lossless": 0,
        "number_channels": 2,
        "replay_gain": -4.64134025574,
        "sample_rate": 48000,
        "codec": "mp3",
        "md5_encoded": "0517b85b6dd4dd5843a78a1fa7f8c087"
    },
    "tags": {
        "file_name": "ladygaga-alejandro.mp3",
        "encoding": ["Lavf59.16.100"]
    }
},
"lowlevel": {
    "average_loudness": 0.97344827652,
    "barkbands_crest": {
        "dmean": 2.36154079437,
        "dmean2": 3.81558704376,
        "dvar": 5.36559200287,
        "dvar2": 13.8546209335,
        "max": 20.1189804077,
        "mean": 8.07545852661,
        "median": 7.55951690674,
        "min": 2.56734251976,
        "stdev": 3.27203440666,
        "var": 10.7062091827
    },
    "barkbands_flatness_db": {
        "dmean": 0.0171457845718,
        "dmean2": 0.0248980745673,
        "dvar": 0.000290240102913,
        "dvar2": 0.000688269967213,
        "max": 0.198015213013,
        "mean": 0.0936362072825,
        "median": 0.0829274654388,
        "min": 0.0277009196579,
        "stdev": 0.039979185909,
        "var": 0.00159833533689
    },
    "barkbands_kurtosis": {
        "dmean": 1.46816504002,
        "dmean2": 2.31122517586,
        "dvar": 5.03302621841,
        "dvar2": 13.1263971329,
        "max": 22.484462738,
        "mean": 1.51409769058,
        "median": 0.488911390305,
        "min": -1.32376909256,
        "stdev": 3.20043730736,
        "var": 10.2427988052
    },
    "barkbands_skewness": {
        "dmean": 0.390885144472,
        "dmean2": 0.623869419098,
        "dvar": 0.165743499994,
        "dvar2": 0.433243334293,
        "max": 4.4157910347,
        "mean": 1.14398097992,
        "median": 1.05436396599,
        "min": -0.736673772335,
        "stdev": 0.770372092724,
        "var": 0.59347319603
    },
    "barkbands_spread": {
        "dmean": 5.13091754913,
        "dmean2": 7.43756628036,
        "dvar": 24.926399231,
        "dvar2": 55.6423149109,
        "max": 51.4354515076,
        "mean": 25.016702652,
        "median": 24.1620941162,
        "min": 6.64296865463,
        "stdev": 9.18561935425,
        "var": 84.3755950928
    },
    "dissonance": {
        "dmean": 0.0130519103259,
        "dmean2": 0.0219988133758,
        "dvar": 0.000148903796799,
        "dvar2": 0.000367710686987,
        "max": 0.499969989061,
        "mean": 0.477679461241,
        "median": 0.481678456068,
        "min": 0.33578234911,
        "stdev": 0.0175573099405,
        "var": 0.000308259157464
    },
    "dynamic_complexity": 3.72170686722,
    "erbbands_crest": {
        "dmean": 2.67500162125,
        "dmean2": 4.2602930069,
        "dvar": 7.34955406189,
        "dvar2": 18.3804531097,
        "max": 23.9305992126,
        "mean": 7.87689208984,
        "median": 6.98476743698,
        "min": 2.82477736473,
        "stdev": 3.81623578072,
        "var": 14.5636548996
    },
    "erbbands_flatness_db": {
        "dmean": 0.0130062652752,
        "dmean2": 0.0188720412552,
        "dvar": 0.000159510294907,
        "dvar2": 0.000359868892701,
        "max": 0.274218440056,
        "mean": 0.139401867986,
        "median": 0.125555738807,
        "min": 0.0826547816396,
        "stdev": 0.0410017706454,
        "var": 0.00168114504777
    },
    "erbbands_kurtosis": {
        "dmean": 0.570428311825,
        "dmean2": 0.948463857174,
        "dvar": 0.791571855545,
        "dvar2": 2.12487578392,
        "max": 7.58764457703,
        "mean": -0.262350052595,
        "median": -0.486970543861,
        "min": -1.51960158348,
        "stdev": 0.98839199543,
        "var": 0.976918756962
    },
    "erbbands_skewness": {
        "dmean": 0.329292327166,
        "dmean2": 0.500644385815,
        "dvar": 0.118611671031,
        "dvar2": 0.288866519928,
        "max": 2.77635240555,
        "mean": 0.253045588732,
        "median": 0.223766893148,
        "min": -1.24026226997,
        "stdev": 0.531745553017,
        "var": 0.282753318548
    },
    "erbbands_spread": {
        "dmean": 6.3293337822,
        "dmean2": 9.65107345581,
        "dvar": 39.6098175049,
        "dvar2": 94.3996124268,
        "max": 86.5022277832,
        "mean": 38.8672027588,
        "median": 38.1422729492,
        "min": 14.3412895203,
        "stdev": 12.3943777084,
        "var": 153.620605469
    },
    "hfc": {
        "dmean": 5.42291736603,
        "dmean2": 7.73056507111,
        "dvar": 102.712287903,
        "dvar2": 229.349380493,
        "max": 127.028594971,
        "mean": 19.2207145691,
        "median": 16.3382530212,
        "min": 2.43812664849e-05,
        "stdev": 16.5954437256,
        "var": 275.408721924
    },
    "loudness_ebu128": {
        "integrated": -17.2149448395,
        "loudness_range": 1.88160896301,
        "momentary": {
            "dmean": 0.835598289967,
            "dmean2": 0.939211905003,
            "dvar": 0.588796079159,
            "dvar2": 0.520305812359,
            "max": -14.7514009476,
            "mean": -19.1335601807,
            "median": -17.2784366608,
            "min": -37.2960205078,
            "stdev": 4.74885702133,
            "var": 22.5516414642
        },
        "short_term": {
            "dmean": 0.0884814411402,
            "dmean2": 0.0734242722392,
            "dvar": 0.00868899654597,
            "dvar2": 0.00714033609256,
            "max": -16.3206996918,
            "mean": -17.353553772,
            "median": -17.3060379028,
            "min": -19.8426895142,
            "stdev": 0.734478533268,
            "var": 0.539458692074
        }
    },
    "melbands_crest": {
        "dmean": 2.99355769157,
        "dmean2": 4.79918193817,
        "dvar": 7.90552425385,
        "dvar2": 21.3646888733,
        "max": 26.8218803406,
        "mean": 11.2977647781,
        "median": 10.4145832062,
        "min": 4.04559707642,
        "stdev": 4.68101072311,
        "var": 21.9118614197
    },
    "melbands_flatness_db": {
        "dmean": 0.0202464368194,
        "dmean2": 0.0294294338673,
        "dvar": 0.000416268012486,
        "dvar2": 0.000912157993298,
        "max": 0.283368170261,
        "mean": 0.142521977425,
        "median": 0.132756188512,
        "min": 0.0612065382302,
        "stdev": 0.0461634173989,
        "var": 0.0021310611628
    },
    "melbands_kurtosis": {
        "dmean": 3.67139720917,
        "dmean2": 6.07746934891,
        "dvar": 45.4489479065,
        "dvar2": 125.116233826,
        "max": 63.8796005249,
        "mean": 6.83125495911,
        "median": 4.22970819473,
        "min": -1.36469376087,
        "stdev": 8.58566188812,
        "var": 73.7135925293
    },
    "melbands_skewness": {
        "dmean": 0.509358406067,
        "dmean2": 0.814016520977,
        "dvar": 0.384241789579,
        "dvar2": 0.995733737946,
        "max": 7.08962774277,
        "mean": 2.00049161911,
        "median": 1.74919605255,
        "min": 0.00622510816902,
        "stdev": 1.11302959919,
        "var": 1.23883497715
    },
    "melbands_spread": {
        "dmean": 6.79798364639,
        "dmean2": 10.356470108,
        "dvar": 40.6539573669,
        "dvar2": 105.738571167,
        "max": 58.2249221802,
        "mean": 28.7010707855,
        "median": 28.245759964,
        "min": 4.551674366,
        "stdev": 11.7700309753,
        "var": 138.533630371
    },
    "pitch_salience": {
        "dmean": 0.0653682649136,
        "dmean2": 0.104246221483,
        "dvar": 0.00430937018245,
        "dvar2": 0.0116351125762,
        "max": 0.804730415344,
        "mean": 0.596038937569,
        "median": 0.607449173927,
        "min": 0.254766523838,
        "stdev": 0.103039376438,
        "var": 0.0106171127409
    },
    "silence_rate_20dB": {
        "dmean": 0,
        "dmean2": 0,
        "dvar": 0,
        "dvar2": 0,
        "max": 1,
        "mean": 1,
        "median": 1,
        "min": 1,
        "stdev": 0,
        "var": 0
    },
    "silence_rate_30dB": {
        "dmean": 0.00928074214607,
        "dmean2": 0.0186046510935,
        "dvar": 0.00919460505247,
        "dvar2": 0.0182585325092,
        "max": 1,
        "mean": 0.988425910473,
        "median": 1,
        "min": 0,
        "stdev": 0.106958515942,
        "var": 0.0114401234314
    },
    "silence_rate_60dB": {
        "dmean": 0.0139211136848,
        "dmean2": 0.0279069766402,
        "dvar": 0.0137273389846,
        "dvar2": 0.031779255718,
        "max": 1,
        "mean": 0.18287037313,
        "median": 0,
        "min": 0,
        "stdev": 0.386562347412,
        "var": 0.149430438876
    },
    "spectral_centroid": {
        "dmean": 255.504989624,
        "dmean2": 388.106201172,
        "dvar": 53327.5585938,
        "dvar2": 126262.53125,
        "max": 2942.83251953,
        "mean": 1639.24560547,
        "median": 1674.87426758,
        "min": 518.541931152,
        "stdev": 477.641540527,
        "var": 228141.4375
    },
    "spectral_complexity": {
        "dmean": 3.90719246864,
        "dmean2": 5.79069757462,
        "dvar": 20.8266887665,
        "dvar2": 33.5004119873,
        "max": 59,
        "mean": 23.101852417,
        "median": 21,
        "min": 0,
        "stdev": 14.0656166077,
        "var": 197.841583252
    },
    "spectral_decrease": {
        "dmean": 2.18136997354e-09,
        "dmean2": 3.51813222998e-09,
        "dvar": 4.51922153647e-17,
        "dvar2": 1.2367268659e-16,
        "max": -5.21673997335e-15,
        "mean": -5.12272091413e-09,
        "median": -4.49959980386e-09,
        "min": -8.58002522364e-08,
        "stdev": 6.43392894517e-09,
        "var": 4.13954398095e-17
    },
    "spectral_energy": {
        "dmean": 0.00863965786994,
        "dmean2": 0.013874290511,
        "dvar": 0.000683500955347,
        "dvar2": 0.00186109310016,
        "max": 0.33535182476,
        "mean": 0.0210777092725,
        "median": 0.0192350316793,
        "min": 2.24947029892e-08,
        "stdev": 0.0254876259714,
        "var": 0.000649619032629
    },
    "spectral_energyband_high": {
        "dmean": 0.000222176953685,
        "dmean2": 0.000312561285682,
        "dvar": 1.94021637867e-07,
        "dvar2": 3.4627331047e-07,
        "max": 0.00681416038424,
        "mean": 0.000839809305035,
        "median": 0.000598977319896,
        "min": 5.74468750347e-10,
        "stdev": 0.000870473159011,
        "var": 7.57723569222e-07
    },
    "spectral_energyband_low": {
        "dmean": 0.00384757434949,
        "dmean2": 0.00647889170796,
        "dvar": 0.000278410559986,
        "dvar2": 0.000776820641477,
        "max": 0.207948952913,
        "mean": 0.00516470940784,
        "median": 0.00255288858898,
        "min": 8.29593505003e-10,
        "stdev": 0.0138921877369,
        "var": 0.000192992883967
    },
    "spectral_energyband_middle_high": {
        "dmean": 0.00128403119743,
        "dmean2": 0.00187979463954,
        "dvar": 3.86602459912e-06,
        "dvar2": 7.36390302336e-06,
        "max": 0.0184846706688,
        "mean": 0.00433492753655,
        "median": 0.00338327419013,
        "min": 7.23774729039e-09,
        "stdev": 0.00367425265722,
        "var": 1.35001318995e-05
    },
    "spectral_energyband_middle_low": {
        "dmean": 0.00676369480789,
        "dmean2": 0.0111276330426,
        "dvar": 0.00041497006896,
        "dvar2": 0.00114301964641,
        "max": 0.241276368499,
        "mean": 0.0125615457073,
        "median": 0.00942586548626,
        "min": 7.21821979965e-09,
        "stdev": 0.0189382918179,
        "var": 0.000358658871846
    },
    "spectral_entropy": {
        "dmean": 0.103727713227,
        "dmean2": 0.150532737374,
        "dvar": 0.0104001313448,
        "dvar2": 0.0196718219668,
        "max": 8.25657081604,
        "mean": 7.80234193802,
        "median": 7.89055109024,
        "min": 7.00206518173,
        "stdev": 0.275442153215,
        "var": 0.0758683755994
    },
    "spectral_flux": {
        "dmean": 0.021685577929,
        "dmean2": 0.0330429747701,
        "dvar": 0.00138124939986,
        "dvar2": 0.00270877336152,
        "max": 0.452929317951,
        "mean": 0.0682970434427,
        "median": 0.0600284561515,
        "min": 0.0001499823411,
        "stdev": 0.0529016293585,
        "var": 0.00279858219437
    },
    "spectral_kurtosis": {
        "dmean": 0.823190629482,
        "dmean2": 1.4314109087,
        "dvar": 0.842346847057,
        "dvar2": 2.24592900276,
        "max": 12.9645910263,
        "mean": 3.66852712631,
        "median": 3.37919425964,
        "min": 1.31428480148,
        "stdev": 1.29651474953,
        "var": 1.68095040321
    },
    "spectral_rms": {
        "dmean": 0.000700850156136,
        "dmean2": 0.00106551416684,
        "dvar": 1.68123779076e-06,
        "dvar2": 4.14635132984e-06,
        "max": 0.0180879104882,
        "mean": 0.00400333525613,
        "median": 0.00433195987716,
        "min": 4.68466123493e-06,
        "stdev": 0.00213000783697,
        "var": 4.53693382951e-06
    },
    "spectral_rolloff": {
        "dmean": 473.430511475,
        "dmean2": 767.083007812,
        "dvar": 258334.640625,
        "dvar2": 586591.5625,
        "max": 4091.30859375,
        "mean": 1873.48901367,
        "median": 1981.0546875,
        "min": 150.732421875,
        "stdev": 876.096862793,
        "var": 767545.6875
    },
    "spectral_skewness": {
        "dmean": 0.129363909364,
        "dmean2": 0.206679910421,
        "dvar": 0.0146672707051,
        "dvar2": 0.0343977473676,
        "max": 2.94740653038,
        "mean": 1.40814220905,
        "median": 1.40497124195,
        "min": 0.729039788246,
        "stdev": 0.199141025543,
        "var": 0.0396571494639
    },
    "spectral_spread": {
        "dmean": 288126.28125,
        "dmean2": 462015.21875,
        "dvar": 86672121856,
        "dvar2": 175619899392,
        "max": 7780246,
        "mean": 4577684,
        "median": 4737988,
        "min": 2458053.75,
        "stdev": 794903.125,
        "var": 631870980096
    },
    "spectral_strongpeak": {
        "dmean": 0.491218090057,
        "dmean2": 0.803282320499,
        "dvar": 0.439198434353,
        "dvar2": 0.938803613186,
        "max": 5.33165121078,
        "mean": 0.92647010088,
        "median": 0.506813168526,
        "min": 0.000310173083562,
        "stdev": 0.98144942522,
        "var": 0.96324300766
    },
    "zerocrossingrate": {
        "dmean": 0.00830078125,
        "dmean2": 0.00999273266643,
        "dvar": 5.29908793396e-05,
        "dvar2": 8.05127929198e-05,
        "max": 0.13134765625,
        "mean": 0.073155157268,
        "median": 0.07666015625,
        "min": 0.015625,
        "stdev": 0.0209831949323,
        "var": 0.000440294505097
    },
    "barkbands": {
        "dmean": [1.1314463336e-05, 0.000569872965571, 0.00177065120079, 0.00301279709674, 0.0012692004675, 0.000596792262513, 0.000707111845259, 0.00127302925102, 0.0018428475596, 0.000478638685308, 0.000138466260978, 0.000311470677843, 0.000276006845525, 0.000245754054049, 0.000254681712249, 0.000224632924073, 0.000175359426066, 0.000232409554883, 0.000127269289806, 0.000147351805936, 7.77579261921e-05, 5.34602077096e-05, 3.59229015885e-05, 2.65588714683e-05, 2.10284597415e-05, 1.31529877763e-05, 4.35058382209e-06],
        "dmean2": [2.08877609111e-05, 0.000913248630241, 0.00287430267781, 0.00521939387545, 0.002244269941, 0.000984243466519, 0.00115973874927, 0.00205170619301, 0.0027822998818, 0.00079708523117, 0.000224670293392, 0.00047418786562, 0.000437044305727, 0.000397944182623, 0.000403131532948, 0.000368073349819, 0.000286241236608, 0.000390025525121, 0.000206982324016, 0.000230542951613, 0.000125590828247, 7.84658041084e-05, 5.13065351697e-05, 3.88243643101e-05, 3.11816547764e-05, 1.9956012693e-05, 7.14598127161e-06],
        "dvar": [2.76749823058e-09, 6.74557099956e-07, 3.20891595038e-05, 0.000296318845358, 1.95533702936e-05, 1.25550627672e-06, 4.89827107231e-06, 2.93821449304e-05, 2.87494676741e-05, 1.44037164773e-06, 1.23293375509e-07, 2.40260675355e-07, 1.97367896249e-07, 1.32835779709e-07, 1.23945596897e-07, 9.93283535422e-08, 6.12940951328e-08, 1.13153987513e-07, 2.69926481167e-08, 4.50447359412e-08, 1.85067090541e-08, 1.24359145204e-08, 3.28707794317e-09, 1.69533254102e-09, 9.53045864449e-10, 2.97791846737e-10, 4.903872447e-11],
        "dvar2": [8.29349033893e-09, 1.89829654573e-06, 8.76671183505e-05, 0.000834395177662, 5.7794728491e-05, 3.47133868672e-06, 1.2655908904e-05, 8.28846168588e-05, 6.92028697813e-05, 4.04925322073e-06, 3.19256656667e-07, 5.9206735159e-07, 4.89210265187e-07, 3.13171284461e-07, 2.84347265733e-07, 2.30519219713e-07, 1.69792912175e-07, 2.75301147212e-07, 6.2949325752e-08, 9.77216956244e-08, 3.74462700847e-08, 2.73798015371e-08, 6.15617823385e-09, 3.23167492766e-09, 2.16611173443e-09, 6.72063293905e-10, 1.26039498283e-10],
        "max": [0.000778059300501, 0.00764217646793, 0.0694978609681, 0.211078286171, 0.0504544898868, 0.013244105503, 0.0350394695997, 0.0762264505029, 0.0677684769034, 0.011278222315, 0.00496640568599, 0.00528766168281, 0.0041664452292, 0.00311075197533, 0.00351813179441, 0.00257318094373, 0.00195583980531, 0.00370862265117, 0.00219194591045, 0.00262509612367, 0.00176062458195, 0.0020195087418, 0.000882414460648, 0.000609887181781, 0.000410465407185, 0.00016940497153, 4.98783738294e-05],
        "mean": [1.01813720903e-05, 0.00101537711453, 0.00237636594102, 0.00273536797613, 0.00243834871799, 0.00135297572706, 0.00102669652551, 0.00174340291414, 0.00308413407765, 0.000672610185575, 0.000268004165264, 0.000538554158993, 0.000445194193162, 0.000421692209784, 0.000486807228299, 0.000385707971873, 0.000325262226397, 0.000426607439294, 0.000305225083139, 0.000341695529642, 0.000205985023058, 0.000149192477693, 0.00010861834744, 9.29460875341e-05, 7.14132693247e-05, 4.26780025009e-05, 6.67510312269e-06],
        "median": [5.3922412917e-06, 0.000679871416651, 0.000780485570431, 0.000545374001376, 0.00145708664786, 0.000976260344032, 0.000422804703703, 0.000510784913786, 0.000786487245932, 0.000347593362676, 0.000126093102153, 0.000362589547876, 0.000246847252129, 0.000258256623056, 0.000325037894072, 0.000243038957706, 0.000218989895075, 0.00031421033782, 0.000219837529585, 0.00025383834145, 0.000133825960802, 9.37758450164e-05, 7.75551889092e-05, 5.98837141297e-05, 4.02415680583e-05, 1.90657519852e-05, 1.40351357913e-06],
        "min": [1.22413201537e-13, 2.75551925027e-11, 2.70325928309e-10, 1.36752609237e-09, 1.17665410748e-09, 2.80974993272e-10, 1.2135127625e-10, 2.29715801936e-10, 2.31050889532e-09, 3.96837979144e-10, 2.10357442576e-09, 2.44750303358e-10, 1.79311981929e-10, 1.8041187988e-10, 1.55067059193e-09, 2.87890822293e-11, 4.34665012317e-11, 3.86834564381e-10, 7.41712802288e-11, 2.05021805089e-10, 1.13912795863e-10, 1.46798517786e-10, 4.99806619703e-11, 4.14849612995e-11, 1.99003574036e-11, 2.77994294251e-11, 7.12233483996e-12],
        "stdev": [3.83930528187e-05, 0.00116533203982, 0.00526270223781, 0.0137077346444, 0.00414437521249, 0.00152563338634, 0.00227370066568, 0.00492494413629, 0.00625479035079, 0.001097499975, 0.000474588538054, 0.000618740450591, 0.000590526266024, 0.000493527390063, 0.000523716618773, 0.000429769570474, 0.000341192819178, 0.000448215636425, 0.000292577664368, 0.000349172914866, 0.000240327266511, 0.000183019801625, 0.000112342109787, 8.91734598554e-05, 6.90415254212e-05, 4.41188421973e-05, 9.83130667009e-06],
        "var": [1.47402656747e-09, 1.35799882628e-06, 2.76960363408e-05, 0.000187901998288, 1.71758456418e-05, 2.32755724028e-06, 5.16971431352e-06, 2.4255075914e-05, 3.91224020859e-05, 1.20450624763e-06, 2.25234273898e-07, 3.82839772328e-07, 3.48721243881e-07, 2.43569303393e-07, 2.74279074119e-07, 1.84701889339e-07, 1.16412543605e-07, 2.00897261493e-07, 8.56016910689e-08, 1.21921729601e-07, 5.77571945826e-08, 3.34962493298e-08, 1.26207488904e-08, 7.9519058005e-09, 4.76673234218e-09, 1.94647209462e-09, 9.66545871117e-11]
    },
    "erbbands": {
        "dmean": [0.00781350489706, 0.166879892349, 1.42325007915, 7.32344055176, 5.45449018478, 4.59126186371, 5.77590417862, 4.71012926102, 5.98359823227, 21.8788127899, 23.6942424774, 33.5298538208, 38.1240577698, 11.1939964294, 7.24028539658, 10.0189208984, 11.376914978, 14.8308172226, 11.9530143738, 12.2970056534, 12.6093206406, 8.79259395599, 12.1126289368, 7.29765319824, 6.75993776321, 7.14715719223, 3.7425391674, 2.84643650055, 1.95493245125, 1.47709524632, 1.04730141163, 0.699602901936, 0.403551459312, 0.299404412508, 0.140557900071, 0.0694021806121, 0.0256554540247, 0.00854021124542, 0.000343150575645, 1.35398950079e-05],
        "dmean2": [0.0127148199826, 0.269861459732, 2.34813332558, 12.5232448578, 9.63291358948, 8.117852211, 9.37560558319, 7.69885826111, 10.3528928757, 36.6170692444, 36.8570709229, 50.186340332, 59.9144515991, 17.5026664734, 11.2352800369, 14.8983840942, 18.0672893524, 23.5067863464, 19.032957077, 19.2783107758, 20.7655849457, 13.9815168381, 20.0453548431, 12.219745636, 10.4270505905, 11.1722135544, 5.84722518921, 4.54251432419, 3.05346083641, 2.28014326096, 1.5325756073, 1.02392983437, 0.59738278389, 0.45786651969, 0.199611082673, 0.110172256827, 0.0394964590669, 0.0132498797029, 0.000557076244149, 2.18932891585e-05],
        "dvar": [0.000119173542771, 0.0630075708032, 17.8770637512, 1612.12597656, 596.476745605, 271.877258301, 99.6241760254, 91.4257202148, 129.811935425, 13986.7792969, 4499.64111328, 14535.5556641, 12158.7275391, 410.842468262, 131.14541626, 288.614318848, 429.528198242, 577.487670898, 328.649078369, 307.521148682, 380.42364502, 164.833465576, 295.108154297, 91.1643218994, 64.5832214355, 102.607673645, 47.910572052, 25.4151554108, 21.147939682, 5.8864274025, 3.07913517952, 1.16913831234, 0.43497762084, 0.205948367715, 0.0321557968855, 0.00787957850844, 0.00121334148571, 0.000142153381603, 3.70093886204e-07, 9.56894563586e-10],
        "dvar2": [0.000338869198458, 0.179495662451, 49.1896896362, 4506.77490234, 1674.42626953, 824.502258301, 255.900543213, 255.099533081, 346.473480225, 39600.84375, 11524.7451172, 34914.8085938, 32704.6757812, 1017.09844971, 327.22668457, 690.360900879, 1087.87670898, 1318.71862793, 765.95892334, 763.002807617, 850.329345703, 426.595275879, 706.773620605, 218.907272339, 157.378753662, 227.992660522, 76.6820220947, 57.3892440796, 50.4738044739, 11.2896003723, 6.55331754684, 2.53225207329, 0.923465192318, 0.550604581833, 0.0657040476799, 0.0191976036876, 0.00282794726081, 0.000347954395693, 9.30470832827e-07, 2.50133935786e-09],
        "max": [0.0906501710415, 2.35422086716, 50.4881782532, 498.078796387, 281.009643555, 205.795135498, 100.126564026, 137.339324951, 126.274856567, 1865.54675293, 799.68157959, 1951.09509277, 1061.48022461, 147.8021698, 133.674804688, 185.238540649, 216.907867432, 205.921005249, 182.990966797, 207.859024048, 179.897750854, 134.760452271, 202.735656738, 114.046791077, 90.2098312378, 111.709144592, 104.560058594, 66.9759521484, 78.5941619873, 37.1267662048, 26.9108905792, 14.4337892532, 9.01221942902, 5.89926815033, 2.03583145142, 0.797470390797, 0.350439637899, 0.109948903322, 0.00467052310705, 0.000414317473769],
        "mean": [0.0156972836703, 0.298170864582, 2.00517916679, 7.5371556282, 6.5667424202, 7.35364198685, 13.9591913223, 10.5661811829, 10.6423225403, 28.5912075043, 37.895236969, 58.9700889587, 51.657245636, 22.9102668762, 14.3178796768, 18.8296909332, 19.9023609161, 23.9368801117, 22.8762931824, 23.4459877014, 23.1452159882, 17.8487110138, 23.450044632, 17.1453838348, 16.5840606689, 16.1554508209, 9.68770503998, 7.46133375168, 5.47881984711, 4.05747556686, 2.96665453911, 2.1726205349, 1.41836643219, 0.888656973839, 0.459962725639, 0.199737429619, 0.0746520906687, 0.0196723323315, 0.000620218983386, 3.95686220145e-05],
        "median": [0.0103245042264, 0.209249377251, 0.779014289379, 1.9467420578, 1.91095411777, 4.01655864716, 5.93360424042, 6.55819511414, 6.83059740067, 9.15147304535, 15.0965938568, 16.3364677429, 16.9960136414, 12.4034671783, 9.70576763153, 13.6072845459, 10.2189903259, 14.6473407745, 14.478143692, 15.3150501251, 16.0048007965, 12.1817016602, 17.6477279663, 13.1136655807, 12.7621994019, 11.9110202789, 6.53251314163, 4.83279037476, 3.31445407867, 2.77796077728, 2.07489061356, 1.41702866554, 0.967130184174, 0.528670847416, 0.273753374815, 0.0999834835529, 0.0355888269842, 0.00616791751236, 0.000163371150848, 3.56086165993e-05],
        "min": [6.27311758095e-10, 1.0606860279e-08, 2.15558770833e-07, 2.52829840974e-06, 6.34544448985e-06, 1.78300138032e-06, 1.49359891566e-06, 2.04811431104e-06, 1.80788856596e-06, 2.13315956898e-06, 1.12602619993e-05, 6.21589642833e-05, 1.3911948372e-05, 7.74161162553e-05, 3.81387289963e-05, 9.02163810679e-06, 8.83461598278e-06, 6.24047333986e-06, 2.58212239714e-05, 6.24810782028e-05, 4.30829641118e-06, 3.25641417476e-06, 2.25896710617e-05, 1.11388708319e-05, 7.10632366463e-06, 1.16243445518e-05, 6.68859456709e-06, 4.01643001169e-06, 4.5296060307e-06, 1.66706934124e-06, 1.56260841777e-06, 1.12112911665e-06, 6.96855295246e-07, 3.00651038287e-07, 1.14250475747e-07, 8.52058548162e-08, 4.94499055037e-08, 9.41698807821e-09, 1.35003208612e-09, 1.38448821851e-10],
        "stdev": [0.0157454516739, 0.344415664673, 3.98240995407, 32.4327392578, 21.1786766052, 14.5486707687, 17.7610569, 12.8283863068, 12.8899879456, 99.1603088379, 76.2778091431, 137.038726807, 110.036338806, 27.9686470032, 15.6745605469, 21.4956951141, 27.1244163513, 30.7116088867, 25.4535617828, 25.9995746613, 25.9819087982, 18.2881450653, 24.103307724, 16.2462100983, 15.015086174, 16.470199585, 12.3924589157, 8.54658412933, 7.00059652328, 4.37770748138, 3.11574625969, 2.12861132622, 1.36410331726, 0.883210003376, 0.440609812737, 0.205536961555, 0.078359529376, 0.02318594791, 0.000857699546032, 3.82562575396e-05],
        "var": [0.000247919233516, 0.118622153997, 15.8595895767, 1051.88269043, 448.536346436, 211.663833618, 315.45513916, 164.567489624, 166.151779175, 9832.76757812, 5818.30371094, 18779.6132812, 12107.9951172, 782.245239258, 245.691833496, 462.064910889, 735.733947754, 943.202880859, 647.883850098, 675.977844238, 675.059631348, 334.456268311, 580.969482422, 263.939361572, 225.452819824, 271.267456055, 153.573043823, 73.0441055298, 49.0083503723, 19.1643218994, 9.70787525177, 4.53098630905, 1.86077785492, 0.780059933662, 0.194137006998, 0.0422454401851, 0.00614021532238, 0.00053758820286, 7.35648541195e-07, 1.46354128816e-09]
    },
    "gfcc": {
        "mean": [-1.395835042, 69.2219085693, -129.116073608, 24.4061279297, -64.1530685425, 6.0181055069, -39.8253746033, 11.3741102219, -28.9917564392, 2.28219270706, -23.5786972046, -2.5091676712, -15.9588117599],
        "cov": [[12962.2958984, -667.073303223, 1917.44494629, 362.072021484, 282.363616943, 599.862609863, -73.0615997314, 436.336791992, 81.6220016479, 544.889343262, 77.624130249, 385.413024902, -201.643783569], [-667.073303223, 401.384216309, 25.1058387756, 82.9224472046, 30.1626415253, -8.81383037567, 35.6453590393, -32.2181015015, -30.4197063446, -104.30708313, -59.8998146057, -127.688186646, -28.515504837], [1917.44494629, 25.1058387756, 828.256164551, 265.814117432, 161.618713379, 223.255523682, 33.7028045654, 104.291481018, -20.8141860962, 92.6101150513, -10.5030422211, 44.8040351868, -71.3220825195], [362.072021484, 82.9224472046, 265.814117432, 256.027862549, 103.598976135, 89.6910400391, 25.223613739, 8.30692577362, -35.9499053955, -0.0778787359595, 2.78353190422, -7.82826328278, -26.5228385925], [282.363616943, 30.1626415253, 161.618713379, 103.598976135, 120.395294189, 83.9822006226, 23.7728595734, 25.8586139679, -7.55674362183, 7.82240343094, 1.08322715759, 12.7097702026, -12.0961933136], [599.862609863, -8.81383037567, 223.255523682, 89.6910400391, 83.9822006226, 136.314254761, 44.7159957886, 55.1219444275, -2.38940691948, 27.5197124481, -3.05988526344, 29.5344238281, -10.6240968704], [-73.0615997314, 35.6453590393, 33.7028045654, 25.223613739, 23.7728595734, 44.7159957886, 66.6692810059, 40.4545631409, 9.3275308609, -10.6262016296, -11.8277406693, -11.8081121445, -3.74593710899], [436.336791992, -32.2181015015, 104.291481018, 8.30692577362, 25.8586139679, 55.1219444275, 40.4545631409, 92.5486297607, 40.4812469482, 33.967502594, -0.460772305727, 19.1445178986, -10.9013271332], [81.6220016479, -30.4197063446, -20.8141860962, -35.9499053955, -7.55674362183, -2.38940691948, 9.3275308609, 40.4812469482, 65.2661972046, 42.3225784302, 10.5411958694, 5.51141309738, -3.80247831345], [544.889343262, -104.30708313, 92.6101150513, -0.0778787359595, 7.82240343094, 27.5197124481, -10.6262016296, 33.967502594, 42.3225784302, 108.51436615, 60.8269195557, 51.4222755432, -7.35755968094], [77.624130249, -59.8998146057, -10.5030422211, 2.78353190422, 1.08322715759, -3.05988526344, -11.8277406693, -0.460772305727, 10.5411958694, 60.8269195557, 79.7830276489, 53.8526954651, 6.23372936249], [385.413024902, -127.688186646, 44.8040351868, -7.82826328278, 12.7097702026, 29.5344238281, -11.8081121445, 19.1445178986, 5.51141309738, 51.4222755432, 53.8526954651, 97.7393112183, 27.9860706329], [-201.643783569, -28.515504837, -71.3220825195, -26.5228385925, -12.0961933136, -10.6240968704, -3.74593710899, -10.9013271332, -3.80247831345, -7.35755968094, 6.23372936249, 27.9860706329, 51.9503669739]],
        "icov": [[0.000184068238013, -4.82794566778e-05, -0.000100005177956, -5.90538875258e-05, 0.000174868837348, -0.000260205328232, 0.000621496583335, -0.000588808790781, 0.000511907099281, -0.000915052893106, 0.00093119504163, -0.000740813149605, 0.000624487001915], [-4.82794566778e-05, 0.0070763095282, -0.00226593157277, 0.000337361067068, -0.000930301961489, -0.00101266847923, -0.000241721048951, 0.00136608129833, -0.00439650984481, 0.0102894827724, -0.0101345190778, 0.0120639996603, -0.00354375410825], [-0.000100005177956, -0.00226593157277, 0.00508529134095, -0.00277630565688, -0.000154776949785, -0.00185674848035, 0.00119062513113, -0.00277565559372, 0.00549976713955, -0.00851730071008, 0.00841486919671, -0.00551177095622, 0.00417561316863], [-5.90538875258e-05, 0.000337361067068, -0.00277630565688, 0.00918829720467, -0.00437205517665, -0.00115091109183, -0.00107940973248, 0.00196443893947, 0.000886816298589, 0.00387158873491, -0.00703814392909, 0.00529803568497, -0.00147988926619], [0.000174868837348, -0.000930301961489, -0.000154776949785, -0.00437205517665, 0.0187789890915, -0.0104541471228, 0.00327016785741, -0.000175640219823, -0.00339002348483, 0.00354586378671, -0.00178568554111, -0.00225504650734, 0.00184018281288], [-0.000260205328232, -0.00101266847923, -0.00185674848035, -0.00115091109183, -0.0104541471228, 0.0293793473393, -0.0155889298767, -0.00193014985416, 0.00778802251443, -0.0107361730188, 0.0122657902539, -0.010234573856, 0.000433583161794], [0.000621496583335, -0.000241721048951, 0.00119062513113, -0.00107940973248, 0.00327016785741, -0.0155889298767, 0.0369768552482, -0.0172552932054, -0.00128426239826, 0.00900811608881, -0.00899793021381, 0.00991088524461, -0.00309562892653], [-0.000588808790781, 0.00136608129833, -0.00277565559372, 0.00196443893947, -0.000175640219823, -0.00193014985416, -0.0172552932054, 0.0343408174813, -0.0198637098074, 0.00453165639192, 0.00148382550105, -0.00568212056533, 0.0032537872903], [0.000511907099281, -0.00439650984481, 0.00549976713955, 0.000886816298589, -0.00339002348483, 0.00778802251443, -0.00128426239826, -0.0198637098074, 0.0465700626373, -0.0337195806205, 0.0195869188756, -0.00494485674426, 0.00306615838781], [-0.000915052893106, 0.0102894827724, -0.00851730071008, 0.00387158873491, 0.00354586378671, -0.0107361730188, 0.00900811608881, 0.00453165639192, -0.0337195806205, 0.062797755003, -0.0498950406909, 0.0226597338915, -0.00718419020995], [0.00093119504163, -0.0101345190778, 0.00841486919671, -0.00703814392909, -0.00178568554111, 0.0122657902539, -0.00899793021381, 0.00148382550105, 0.0195869188756, -0.0498950406909, 0.0679809972644, -0.0434765443206, 0.0173972155899], [-0.000740813149605, 0.0120639996603, -0.00551177095622, 0.00529803568497, -0.00225504650734, -0.010234573856, 0.00991088524461, -0.00568212056533, -0.00494485674426, 0.0226597338915, -0.0434765443206, 0.0576637946069, -0.0272112302482], [0.000624487001915, -0.00354375410825, 0.00417561316863, -0.00147988926619, 0.00184018281288, 0.000433583161794, -0.00309562892653, 0.0032537872903, 0.00306615838781, -0.00718419020995, 0.0173972155899, -0.0272112302482, 0.0374600142241]]
    },
    "melbands": {
        "dmean": [0.000114541122457, 0.000624898995738, 0.00112362694927, 0.000315882003633, 0.000195692657144, 0.000104391838249, 0.000100328863482, 0.000264374422841, 0.000174698740011, 0.000244749709964, 0.000186669582035, 4.56439738628e-05, 1.98840607482e-05, 4.05910686823e-05, 2.13613548112e-05, 3.12108495564e-05, 2.58905838564e-05, 1.95051507035e-05, 1.69230897882e-05, 1.4712648408e-05, 1.58836501214e-05, 8.25447659736e-06, 1.42090721056e-05, 1.25983106045e-05, 5.94408129473e-06, 5.0379599088e-06, 5.78266326556e-06, 5.08897255713e-06, 2.88210321742e-06, 2.05328615266e-06, 1.74467481884e-06, 1.32064212721e-06, 1.01842078948e-06, 8.38049970753e-07, 6.81961978444e-07, 5.77203934427e-07, 4.43594473154e-07, 3.1200542594e-07, 3.03065206708e-07, 2.64788354798e-07],
        "dmean2": [0.000182210889761, 0.00103673001286, 0.00190175406169, 0.000545722141396, 0.000326199253323, 0.000171442428837, 0.000172186541022, 0.000432860600995, 0.000266627437668, 0.000371891801478, 0.000292380427709, 7.11456086719e-05, 3.17710182571e-05, 6.15123935859e-05, 3.3614851418e-05, 4.89168560307e-05, 4.11092005379e-05, 3.19652790495e-05, 2.70193904726e-05, 2.29414963542e-05, 2.61105742538e-05, 1.3357484022e-05, 2.33819864661e-05, 2.13771436393e-05, 9.96543712972e-06, 8.11552308733e-06, 9.41171947488e-06, 8.10543133412e-06, 4.31009448221e-06, 3.29823319589e-06, 2.78667084785e-06, 2.10479493035e-06, 1.54759345605e-06, 1.34223841997e-06, 1.0148844467e-06, 9.15429438919e-07, 6.73728777656e-07, 4.78575714169e-07, 4.78215554267e-07, 4.07870516028e-07],
        "dvar": [2.4583473035e-08, 3.99578402721e-06, 3.7518060708e-05, 1.33872151764e-06, 1.48338529016e-07, 4.27213606713e-08, 4.56588438169e-08, 1.89352590496e-06, 1.85758366911e-07, 6.45711281777e-07, 2.87355561568e-07, 6.52999787576e-09, 1.67789548922e-09, 3.88227539005e-09, 1.55502599686e-09, 2.11437223285e-09, 1.68067459949e-09, 9.40435951335e-10, 5.05211705804e-10, 3.9786268724e-10, 5.96603266789e-10, 1.10523472319e-10, 1.16983434051e-09, 2.46949544147e-10, 6.63329183248e-11, 3.70609688771e-11, 5.42660777425e-11, 6.21693807545e-11, 2.72819006969e-11, 1.20632063366e-11, 8.30035692956e-12, 1.0071105408e-11, 2.58616348822e-12, 1.8405849761e-12, 1.17501223595e-12, 8.25545469658e-13, 4.04822551349e-13, 2.37727047249e-13, 2.25834636907e-13, 1.42164464879e-13],
        "dvar2": [7.11734742254e-08, 1.10910659714e-05, 0.000104904691398, 4.01683701057e-06, 4.01471851319e-07, 1.19666054843e-07, 1.19907937801e-07, 5.39817847311e-06, 4.53045288396e-07, 1.57903230047e-06, 7.69742996454e-07, 1.63574913614e-08, 4.46635706197e-09, 9.65980540002e-09, 3.92890298073e-09, 4.91630336441e-09, 3.89811294355e-09, 2.30218399899e-09, 1.15736664696e-09, 9.95845961249e-10, 1.36305089438e-09, 2.70286737436e-10, 2.96301450042e-09, 6.9969441352e-10, 1.64979183093e-10, 8.78606146171e-11, 1.40589984099e-10, 1.37389211119e-10, 4.22015582202e-11, 2.70787975376e-11, 2.0379416904e-11, 2.52116383326e-11, 5.2422142148e-12, 3.89496898276e-12, 2.53257462744e-12, 1.96734273837e-12, 8.88828507323e-13, 5.07917709627e-13, 5.89355007938e-13, 3.76718865521e-13],
        "max": [0.00129372859374, 0.0245184227824, 0.0762442499399, 0.0119165629148, 0.00416048197076, 0.00281090871431, 0.00283174961805, 0.0213302262127, 0.00457789329812, 0.0118200844154, 0.00521303433925, 0.000660088669974, 0.000606100540608, 0.000658824923448, 0.000343863765011, 0.000345922278939, 0.000354032003088, 0.000273827143246, 0.000228545482969, 0.000216878106585, 0.000219145877054, 8.86035631993e-05, 0.00047846545931, 0.00012575009896, 9.2302885605e-05, 6.74550974509e-05, 6.91737732268e-05, 8.92604948604e-05, 8.1708029029e-05, 4.18868512497e-05, 3.80438177672e-05, 5.45527946088e-05, 2.55542272498e-05, 1.78993359441e-05, 1.58223283506e-05, 1.27147304738e-05, 7.75043463364e-06, 6.41928227196e-06, 6.04036358709e-06, 4.4195812734e-06],
        "mean": [0.000214933301322, 0.000911756942514, 0.00122828187887, 0.000452722480986, 0.000472271232866, 0.000232270584092, 0.00017832510639, 0.000348942005076, 0.000302270665998, 0.000407727085985, 0.00025374328834, 9.09508380573e-05, 4.08947053074e-05, 6.6825086833e-05, 3.69779736502e-05, 4.82889845443e-05, 4.16323309764e-05, 3.4998076444e-05, 3.35850309057e-05, 2.63551319222e-05, 2.70406344498e-05, 1.65088349604e-05, 2.22728976951e-05, 2.12200029637e-05, 1.27417806652e-05, 1.12302232083e-05, 1.28228411995e-05, 1.02665790109e-05, 6.31081093161e-06, 4.82334871776e-06, 4.12704002883e-06, 3.20855065183e-06, 2.56767816609e-06, 2.11836413655e-06, 1.73618911958e-06, 1.5059370071e-06, 1.25847930121e-06, 1.01987996004e-06, 8.57621955674e-07, 7.114242635e-07],
        "median": [0.000155045621796, 0.000449279439636, 0.000336976663675, 0.000226148433285, 0.000212296465179, 0.000148190330947, 0.00010187868611, 0.000106062383566, 0.000124362733914, 0.000103908554593, 7.70700717112e-05, 4.65882476419e-05, 2.34646940953e-05, 4.40482726844e-05, 2.10900434467e-05, 2.60601336777e-05, 2.42571695708e-05, 1.98890375032e-05, 2.22094786295e-05, 1.66170793818e-05, 1.83145384653e-05, 1.05679609987e-05, 1.32174336613e-05, 1.46903930727e-05, 8.95210905583e-06, 8.27266649139e-06, 8.96789151739e-06, 7.25993140804e-06, 4.03415288019e-06, 3.1151478197e-06, 2.54623569163e-06, 1.95259076463e-06, 1.68468284301e-06, 1.48217770857e-06, 1.21885591398e-06, 1.01989144241e-06, 7.92840182839e-07, 7.0538737873e-07, 5.61200579341e-07, 4.24416612077e-07],
        "min": [6.54109362161e-12, 1.00549929494e-10, 5.80275216766e-10, 2.98377267338e-10, 4.64258492761e-11, 4.46989216474e-11, 2.74152089919e-11, 2.7056914001e-11, 8.95961985159e-11, 3.70291963758e-10, 4.76150785467e-11, 2.54086057749e-10, 2.04559494343e-10, 3.35197529455e-11, 1.04518364449e-11, 2.05119306956e-11, 8.77879539896e-12, 1.32495490274e-11, 1.51954671068e-10, 1.53549135212e-11, 2.96821356556e-12, 2.45602062993e-12, 3.86339788286e-12, 2.04492412587e-11, 6.34419296611e-12, 4.59095912328e-12, 3.57983651403e-12, 9.33160493322e-12, 4.34297823398e-12, 1.6294955836e-12, 2.65407140709e-12, 2.70698502676e-12, 9.33894888505e-13, 8.14311888319e-13, 6.81035306274e-13, 1.02772217819e-12, 5.21076562975e-13, 4.97333240129e-13, 3.31778604156e-13, 2.24398733102e-13],
        "stdev": [0.000224810748477, 0.00180785171688, 0.00499337911606, 0.00105371465907, 0.0006060442538, 0.000274061312666, 0.000239654676989, 0.00115272204857, 0.000536212173756, 0.000896605255548, 0.000542428460903, 0.000112585483294, 5.45894690731e-05, 7.80653645052e-05, 4.92362960358e-05, 6.02486798016e-05, 5.32273079443e-05, 4.08693013014e-05, 3.52478273271e-05, 2.95190038742e-05, 3.18338024954e-05, 1.64071916515e-05, 3.78712829843e-05, 2.16752614506e-05, 1.31365231937e-05, 1.05040862763e-05, 1.21888924696e-05, 1.1791603356e-05, 9.05230899662e-06, 5.75290141569e-06, 4.67569134344e-06, 4.40162284576e-06, 2.96638586406e-06, 2.28543058256e-06, 1.87895045656e-06, 1.55405655278e-06, 1.24189534745e-06, 9.93675598693e-07, 8.54327709021e-07, 7.20201626336e-07],
