{
"metadata": {
    "version": {
        "essentia": "2.1-beta6-dev",
        "essentia_git_sha": "v2.1_beta5-778-gc9eadba6",
        "extractor": "music 2.0"
    },
    "audio_properties": {
        "analysis": {
            "equal_loudness": 0,
            "length": 14.9999771118,
            "sample_rate": 44100,
            "start_time": 0,
            "downmix": "mix"
        },
        "bit_rate": 128000,
        "length": 15,
        "lossless": 0,
        "number_channels": 2,
        "replay_gain": 0.350391387939,
        "sample_rate": 48000,
        "codec": "mp3",
        "md5_encoded": "9a1e9d43e6f3c3c13e69934ce4d8c773"
    },
    "tags": {
        "file_name": "lordhuron-thenightwemet.mp3",
        "encoding": ["Lavf59.16.100"]
    }
},
"lowlevel": {
    "average_loudness": 0.907239198685,
    "barkbands_crest": {
        "dmean": 1.94953334332,
        "dmean2": 2.97363686562,
        "dvar": 3.60107159615,
        "dvar2": 9.65465545654,
        "max": 24.6037101746,
        "mean": 14.9926776886,
        "median": 15.252207756,
        "min": 2.85115146637,
        "stdev": 4.2629199028,
        "var": 18.1724872589
    },
    "barkbands_flatness_db": {
        "dmean": 0.0184292402118,
        "dmean2": 0.0288680270314,
        "dvar": 0.000368621957023,
        "dvar2": 0.000958881806582,
        "max": 0.465166538954,
        "mean": 0.331031173468,
        "median": 0.360054284334,
        "min": 0.0364334359765,
        "stdev": 0.0975582525134,
        "var": 0.00951761286706
    },
    "barkbands_kurtosis": {
        "dmean": 10.1666326523,
        "dmean2": 15.9045886993,
        "dvar": 219.364089966,
        "dvar2": 591.454101562,
        "max": 188.53187561,
        "mean": 29.7659549713,
        "median": 27.0317935944,
        "min": -1.77147459984,
        "stdev": 21.0838775635,
        "var": 444.529907227
    },
    "barkbands_skewness": {
        "dmean": 0.640134036541,
        "dmean2": 1.00929963589,
        "dvar": 0.662772476673,
        "dvar2": 1.85436749458,
        "max": 12.5969610214,
        "mean": 3.34360551834,
        "median": 3.32426738739,
        "min": -1.94453895092,
        "stdev": 1.66378700733,
        "var": 2.76818704605
    },
    "barkbands_spread": {
        "dmean": 1.79426789284,
        "dmean2": 3.03393435478,
        "dvar": 37.35131073,
        "dvar2": 102.427520752,
        "max": 131.337905884,
        "mean": 6.13693571091,
        "median": 1.35241317749,
        "min": 0.441356778145,
        "stdev": 15.6370172501,
        "var": 244.516296387
    },
    "dissonance": {
        "dmean": 0.0370251610875,
        "dmean2": 0.0630403310061,
        "dvar": 0.00130528141744,
        "dvar2": 0.00353539036587,
        "max": 0.499943554401,
        "mean": 0.364684432745,
        "median": 0.36202481389,
        "min": 0.181156381965,
        "stdev": 0.0735135152936,
        "var": 0.00540423672646
    },
    "dynamic_complexity": 7.26187229156,
    "erbbands_crest": {
        "dmean": 1.96804630756,
        "dmean2": 3.0497276783,
        "dvar": 3.69267868996,
        "dvar2": 9.55396652222,
        "max": 26.063249588,
        "mean": 16.5221233368,
        "median": 16.9641819,
        "min": 3.16025853157,
        "stdev": 4.99022960663,
        "var": 24.9023914337
    },
    "erbbands_flatness_db": {
        "dmean": 0.0133137954399,
        "dmean2": 0.0199930891395,
        "dvar": 0.000151200831169,
        "dvar2": 0.000326533248881,
        "max": 0.451770961285,
        "mean": 0.329004526138,
        "median": 0.359643489122,
        "min": 0.0688661858439,
        "stdev": 0.0875167548656,
        "var": 0.00765918241814
    },
    "erbbands_kurtosis": {
        "dmean": 5.42646884918,
        "dmean2": 8.25673484802,
        "dvar": 32.0750732422,
        "dvar2": 70.8990097046,
        "max": 62.1423187256,
        "mean": 15.2674102783,
        "median": 13.63164711,
        "min": -1.20014286041,
        "stdev": 11.199763298,
        "var": 125.434700012
    },
    "erbbands_skewness": {
        "dmean": 0.474317222834,
        "dmean2": 0.710061967373,
        "dvar": 0.179698064923,
        "dvar2": 0.4616099298,
        "max": 5.39266490936,
        "mean": 2.59970355034,
        "median": 2.82267308235,
        "min": -0.996710836887,
        "stdev": 1.25979840755,
        "var": 1.58709192276
    },
    "erbbands_spread": {
        "dmean": 1.95049118996,
        "dmean2": 3.0066010952,
        "dvar": 24.6026821136,
        "dvar2": 65.2350845337,
        "max": 112.419624329,
        "mean": 8.79330444336,
        "median": 4.83398723602,
        "min": 1.4432066679,
        "stdev": 10.6391601562,
        "var": 113.191726685
    },
    "hfc": {
        "dmean": 1.66564142704,
        "dmean2": 2.28552889824,
        "dvar": 4.19253587723,
        "dvar2": 9.64938735962,
        "max": 41.0483894348,
        "mean": 9.49125480652,
        "median": 8.74177265167,
        "min": 1.12862984466e-16,
        "stdev": 7.02728891373,
        "var": 49.3827896118
    },
    "loudness_ebu128": {
        "integrated": -24.0952281952,
        "loudness_range": 3.93790817261,
        "momentary": {
            "dmean": 0.977477371693,
            "dmean2": 0.746688783169,
            "dvar": 3.91817641258,
            "dvar2": 4.20944881439,
            "max": -19.9786281586,
            "mean": -28.9239368439,
            "median": -24.8206424713,
            "min": -92.0980758667,
            "stdev": 13.5523061752,
            "var": 183.665008545
        },
        "short_term": {
            "dmean": 0.0997055023909,
            "dmean2": 0.0448822230101,
            "dvar": 0.00574377225712,
            "dvar2": 0.00127568317112,
            "max": -22.1900997162,
            "mean": -24.6162853241,
            "median": -24.6972351074,
            "min": -26.7676715851,
            "stdev": 1.28087306023,
            "var": 1.64063572884
        }
    },
    "melbands_crest": {
        "dmean": 2.40457963943,
        "dmean2": 3.74763965607,
        "dvar": 7.65269994736,
        "dvar2": 22.1059494019,
        "max": 39.3264160156,
        "mean": 19.4260425568,
        "median": 19.4063587189,
        "min": 2.12368273735,
        "stdev": 5.81505680084,
        "var": 33.8148880005
    },
    "melbands_flatness_db": {
        "dmean": 0.0185510423034,
        "dmean2": 0.0294592007995,
        "dvar": 0.000576186110266,
        "dvar2": 0.00167243904434,
        "max": 0.502799332142,
        "mean": 0.390246748924,
        "median": 0.424616217613,
        "min": 0.00524582760409,
        "stdev": 0.105619810522,
        "var": 0.0111555438489
    },
    "melbands_kurtosis": {
        "dmean": 12.2716569901,
        "dmean2": 20.895488739,
        "dvar": 3836.76538086,
        "dvar2": 11206.6669922,
        "max": 1214.28857422,
        "mean": 28.2727336884,
        "median": 22.2963199615,
        "min": -1.33307361603,
        "stdev": 52.5632820129,
        "var": 2762.8984375
    },
    "melbands_skewness": {
        "dmean": 0.650600731373,
        "dmean2": 1.06192827225,
        "dvar": 2.31038355827,
        "dvar2": 6.94086360931,
        "max": 32.0988273621,
        "mean": 3.02295446396,
        "median": 2.86088562012,
        "min": -0.0624036602676,
        "stdev": 1.94890010357,
        "var": 3.79821181297
    },
    "melbands_spread": {
        "dmean": 2.27614164352,
        "dmean2": 3.98818922043,
        "dvar": 79.295211792,
        "dvar2": 250.723449707,
        "max": 146.02003479,
        "mean": 8.46286296844,
        "median": 1.88605427742,
        "min": 0.573743104935,
        "stdev": 21.3702316284,
        "var": 456.686767578
    },
    "pitch_salience": {
        "dmean": 0.0478450804949,
        "dmean2": 0.0734916105866,
        "dvar": 0.00255697499961,
        "dvar2": 0.00652441848069,
        "max": 0.842944920063,
        "mean": 0.516307473183,
        "median": 0.510603368282,
        "min": 0.0416592657566,
        "stdev": 0.117305867374,
        "var": 0.0137606672943
    },
    "silence_rate_20dB": {
        "dmean": 0,
        "dmean2": 0,
        "dvar": 0,
        "dvar2": 0,
        "max": 1,
        "mean": 1,
        "median": 1,
        "min": 1,
        "stdev": 0,
        "var": 0
    },
    "silence_rate_30dB": {
        "dmean": 0.0030959751457,
        "dmean2": 0.00620155036449,
        "dvar": 0.00308638415299,
        "dvar2": 0.0092638861388,
        "max": 1,
        "mean": 0.998454391956,
        "median": 1,
        "min": 0,
        "stdev": 0.0392836555839,
        "var": 0.00154320558067
    },
    "silence_rate_60dB": {
        "dmean": 0.0061919502914,
        "dmean2": 0.012403100729,
        "dvar": 0.00615362683311,
        "dvar2": 0.0122493086383,
        "max": 1,
        "mean": 0.16846986115,
        "median": 0,
        "min": 0,
        "stdev": 0.374282181263,
        "var": 0.140087142587
    },
    "spectral_centroid": {
        "dmean": 55.2644805908,
        "dmean2": 90.3232650757,
        "dvar": 96393.3515625,
        "dvar2": 204551.46875,
        "max": 11075.53125,
        "mean": 701.801025391,
        "median": 412.338867188,
        "min": 307.007568359,
        "stdev": 938.881774902,
        "var": 881499
    },
    "spectral_complexity": {
        "dmean": 0.792569637299,
        "dmean2": 1.3271317482,
        "dvar": 0.780503928661,
        "dvar2": 1.79220807552,
        "max": 12,
        "mean": 6.14837694168,
        "median": 7,
        "min": 0,
        "stdev": 2.89906430244,
        "var": 8.40457439423
    },
    "spectral_decrease": {
        "dmean": 1.08618036787e-09,
        "dmean2": 1.50676937594e-09,
        "dvar": 1.66727599601e-18,
        "dvar2": 4.00154080715e-18,
        "max": 8.02479276228e-29,
        "mean": -5.9595408608e-09,
        "median": -5.62407986848e-09,
        "min": -2.61944155255e-08,
        "stdev": 4.31370184018e-09,
        "var": 1.86080251038e-17
    },
    "spectral_energy": {
        "dmean": 0.00424849707633,
        "dmean2": 0.00589142832905,
        "dvar": 2.55594277405e-05,
        "dvar2": 6.12517033005e-05,
        "max": 0.10258680582,
        "mean": 0.0233535505831,
        "median": 0.0220245942473,
        "min": 1.06147564365e-20,
        "stdev": 0.0169075317681,
        "var": 0.000285864603939
    },
    "spectral_energyband_high": {
        "dmean": 2.2167298539e-06,
        "dmean2": 3.39529788107e-06,
        "dvar": 9.7527862522e-12,
        "dvar2": 2.31190309952e-11,
        "max": 5.34682330908e-05,
        "mean": 9.65204435488e-06,
        "median": 8.28261545394e-06,
        "min": 7.32506075596e-21,
        "stdev": 7.50751360101e-06,
        "var": 5.63627582106e-11
    },
    "spectral_energyband_low": {
        "dmean": 2.66847782768e-05,
        "dmean2": 3.90033819713e-05,
        "dvar": 4.60699700611e-09,
        "dvar2": 1.09155173789e-08,
        "max": 0.00131132942624,
        "mean": 6.72470632708e-05,
        "median": 8.28251086205e-06,
        "min": 6.41169609239e-23,
        "stdev": 0.00013211305486,
        "var": 1.74538605791e-08
    },
    "spectral_energyband_middle_high": {
        "dmean": 0.000180761737283,
        "dmean2": 0.000255343213212,
        "dvar": 6.81520262447e-08,
        "dvar2": 1.40838821494e-07,
        "max": 0.0038110294845,
        "mean": 0.000666007457767,
        "median": 0.000538974127267,
        "min": 1.36513043554e-21,
        "stdev": 0.000571446027607,
        "var": 3.26550576801e-07
    },
    "spectral_energyband_middle_low": {
        "dmean": 0.00423700176179,
        "dmean2": 0.00589457619935,
        "dvar": 2.53921589319e-05,
        "dvar2": 6.14453601884e-05,
        "max": 0.101263664663,
        "mean": 0.0226315073669,
        "median": 0.0212682839483,
        "min": 4.1561708558e-22,
        "stdev": 0.0165977422148,
        "var": 0.000275485042948
    },
    "spectral_entropy": {
        "dmean": 0.130701005459,
        "dmean2": 0.194204539061,
        "dvar": 0.0181016270071,
        "dvar2": 0.0375042520463,
        "max": 9.78940105438,
        "mean": 5.73744726181,
        "median": 5.38041257858,
        "min": 4.68549060822,
        "stdev": 1.01379704475,
        "var": 1.02778434753
    },
    "spectral_flux": {
        "dmean": 0.00972395669669,
        "dmean2": 0.0153473326936,
        "dvar": 0.000125225240481,
        "dvar2": 0.0002914777142,
        "max": 0.165796533227,
        "mean": 0.0331717245281,
        "median": 0.0295259673148,
        "min": 6.80615772075e-11,
        "stdev": 0.0238573327661,
        "var": 0.000569172319956
    },
    "spectral_kurtosis": {
        "dmean": 6.64467334747,
        "dmean2": 11.7071590424,
        "dvar": 35.921913147,
        "dvar2": 109.166107178,
        "max": 59.5515518188,
        "mean": 26.216129303,
        "median": 26.8760585785,
        "min": -1.20675098896,
        "stdev": 13.1097278595,
        "var": 171.864959717
    },
    "spectral_rms": {
        "dmean": 0.000414557376644,
        "dmean2": 0.000573351921048,
        "dvar": 2.0671329537e-07,
        "dvar2": 5.01192289448e-07,
        "max": 0.0100042335689,
        "mean": 0.00426930328831,
        "median": 0.00463545136154,
        "min": 3.21805212686e-12,
        "stdev": 0.00213471800089,
        "var": 4.55702138424e-06
    },
    "spectral_rolloff": {
        "dmean": 183.731887817,
        "dmean2": 339.656311035,
        "dvar": 1124067.875,
        "dvar2": 3575931.75,
        "max": 19272.2167969,
        "mean": 894.173400879,
        "median": 452.197265625,
        "min": 21.533203125,
        "stdev": 2074.39135742,
        "var": 4303099.5
    },
    "spectral_skewness": {
        "dmean": 0.453330546618,
        "dmean2": 0.784978508949,
        "dvar": 0.14721378684,
        "dvar2": 0.439667314291,
        "max": 6.55431079865,
        "mean": 4.13681268692,
        "median": 4.46433925629,
        "min": 0.00201120087877,
        "stdev": 1.32038724422,
        "var": 1.74342238903
    },
    "spectral_spread": {
        "dmean": 431486.21875,
        "dmean2": 737849.8125,
        "dvar": 1.63778645197e+12,
        "dvar2": 3.69442553856e+12,
        "max": 40772340,
        "mean": 2898771.75,
        "median": 2332673,
        "min": 1329906.5,
        "stdev": 2592442.75,
        "var": 6.72075979162e+12
    },
    "spectral_strongpeak": {
        "dmean": 0.293021529913,
        "dmean2": 0.446269840002,
        "dvar": 0.122599445283,
        "dvar2": 0.321759670973,
        "max": 3.86377763748,
        "mean": 1.48000061512,
        "median": 1.56074631214,
        "min": 0,
        "stdev": 0.952079474926,
        "var": 0.906455278397
    },
    "zerocrossingrate": {
        "dmean": 0.00420254468918,
        "dmean2": 0.00544073991477,
        "dvar": 0.000240992070758,
        "dvar2": 0.000340257480275,
        "max": 0.73046875,
        "mean": 0.0365516617894,
        "median": 0.02001953125,
        "min": 0.01220703125,
        "stdev": 0.0729496032,
        "var": 0.00532164471224
    },
    "barkbands": {
        "dmean": [3.22962932842e-07, 8.14051236375e-06, 1.50156865857e-05, 1.2502190657e-05, 0.000961724435911, 0.00220123701729, 0.00250374642201, 0.000437382201198, 1.8701859517e-05, 7.66488810768e-05, 8.08976474218e-05, 9.36833093874e-05, 3.19518403558e-05, 3.26712893184e-06, 1.75646027856e-06, 8.9333377673e-07, 9.28032875436e-07, 9.69662210082e-07, 1.18335242405e-06, 5.10529787334e-07, 5.58883471058e-07, 4.79809955323e-07, 1.0042674603e-06, 1.06303184566e-06, 2.55270236948e-07, 1.18679487571e-07, 7.20261716936e-09],
        "dmean2": [5.66990649986e-07, 1.30798116516e-05, 2.26293068408e-05, 1.79764829227e-05, 0.0013921840582, 0.00314724165946, 0.00336974905804, 0.000604496744927, 2.72133529506e-05, 0.000108435873699, 0.000114834270789, 0.000140534786624, 4.38276838395e-05, 4.90123147756e-06, 2.85574560621e-06, 1.49463198795e-06, 1.35835011861e-06, 1.62961941896e-06, 1.85136366326e-06, 8.7940566118e-07, 9.33191358854e-07, 7.67965161685e-07, 1.57634053721e-06, 1.74141496245e-06, 4.25308655849e-07, 1.92191762949e-07, 1.26569048575e-08],
        "dvar": [2.26815121589e-13, 4.87519802306e-10, 1.86507720379e-09, 8.48601244829e-10, 3.27066254613e-06, 1.10933506221e-05, 1.0823606317e-05, 1.39983376357e-06, 1.09244679969e-09, 8.05461475295e-09, 2.52133283141e-08, 3.01340854492e-08, 2.85124657218e-09, 1.0769639347e-10, 7.83171617835e-12, 5.22445238113e-12, 1.65459920071e-11, 4.23223175255e-12, 4.42861936359e-12, 3.99090699724e-12, 4.70023596866e-13, 4.81562923219e-13, 2.41967622154e-12, 2.20804733005e-12, 1.95800136087e-13, 3.48845437129e-14, 3.53275366504e-16],
        "dvar2": [6.61809149149e-13, 1.38541123018e-09, 4.32837055087e-09, 1.49306655928e-09, 7.93364506535e-06, 3.06352267216e-05, 2.54829428741e-05, 3.37901337844e-06, 2.03014782763e-09, 1.87598878654e-08, 4.76881929501e-08, 8.14337752786e-08, 4.44506831343e-09, 1.63393812369e-10, 2.01293513108e-11, 1.12882507161e-11, 2.46482487198e-11, 1.10987772792e-11, 8.78317123892e-12, 1.2081785225e-11, 1.25246872335e-12, 1.18041221329e-12, 4.47221339822e-12, 5.60331078411e-12, 4.68171183245e-13, 8.43610663097e-14, 9.39361126692e-16],
        "max": [4.31285843661e-06, 0.000296621699817, 0.000943932682276, 0.000473976979265, 0.0360516086221, 0.0643966197968, 0.052675422281, 0.0222897250205, 0.000460589886643, 0.000953553826548, 0.00224312162027, 0.0023607108742, 0.000974496360868, 0.000243953225436, 3.05304674839e-05, 4.42691853095e-05, 0.000101257013739, 3.7297988456e-05, 4.34493958892e-05, 3.57584358426e-05, 9.40007703321e-06, 9.52752088779e-06, 3.67236207239e-05, 1.88767226064e-05, 6.92348294251e-06, 2.71399244411e-06, 2.03123931897e-07],
        "mean": [3.61357990641e-07, 1.64113425853e-05, 3.36258162861e-05, 2.63546353381e-05, 0.0035148775205, 0.00843352731317, 0.00961723458022, 0.000987358391285, 4.68154830742e-05, 0.000198934663786, 0.000163173259352, 0.000216790460399, 7.10178210284e-05, 6.5087197072e-06, 2.90216621579e-06, 1.84100736078e-06, 1.55737268415e-06, 1.8108206632e-06, 2.4689793463e-06, 9.85456836133e-07, 1.43201862102e-06, 1.17648573905e-06, 2.31133003581e-06, 3.1524014048e-06, 6.52815003832e-07, 2.9184090522e-07, 6.31585583832e-09],
        "median": [1.81791264708e-07, 1.80151505447e-06, 3.18259958476e-06, 1.97117969947e-06, 0.00144678656943, 0.0054753436707, 0.00752768386155, 0.00019763338787, 1.73424359673e-05, 0.000160410956596, 4.98441004311e-05, 8.99649894563e-05, 3.08877315547e-05, 2.39070391217e-06, 1.61010314059e-06, 8.45643171488e-07, 5.36737502443e-07, 9.47461330725e-07, 1.47254445437e-06, 4.71450988471e-07, 1.19561673273e-06, 7.62428840062e-07, 1.57190572736e-06, 2.11307133213e-06, 3.89731837913e-07, 1.50952374156e-07, 7.59488916202e-10],
        "min": [9.63297141799e-24, 3.28223628755e-23, 1.20550165773e-23, 1.13273215801e-23, 7.16369889176e-23, 6.80309984348e-23, 4.03759994992e-23, 3.06464951723e-23, 8.86603043297e-23, 4.66813300048e-23, 2.45423589074e-23, 3.29179538845e-23, 9.14005168137e-23, 6.2415015609e-23, 7.50404882725e-23, 1.45664996306e-22, 1.19691403903e-22, 2.63889775258e-22, 1.94333018858e-22, 2.42377702456e-22, 4.51133925939e-22, 5.41449235204e-22, 6.68699592654e-22, 7.11832083571e-22, 1.00850502478e-21, 1.42116747917e-21, 2.07404350657e-21],
        "stdev": [4.94734592849e-07, 3.85623498005e-05, 8.44302339829e-05, 6.09621274634e-05, 0.00519893085584, 0.0103894546628, 0.00925593078136, 0.00251235160977, 7.35519206501e-05, 0.000182797186426, 0.00027963478351, 0.000282724300632, 0.000114762908197, 1.79074741027e-05, 3.72834892914e-06, 4.16209468312e-06, 6.19793627266e-06, 3.04862373923e-06, 3.94869766751e-06, 2.21862842409e-06, 1.13846613203e-06, 1.28792021314e-06, 2.88724459097e-06, 3.3199853533e-06, 8.16815088456e-07, 3.69033898551e-07, 1.81774080232e-08],
        "var": [2.44762299621e-13, 1.48705492364e-09, 7.12846492945e-09, 3.71638098073e-09, 2.70288819593e-05, 0.000107940773887, 8.56722472236e-05, 6.3119105107e-06, 5.40988542852e-09, 3.34148104741e-08, 7.81956188689e-08, 7.9933030861e-08, 1.3170525115e-08, 3.20677623344e-10, 1.39005855437e-11, 1.73230336326e-11, 3.84144140109e-11, 9.29410715056e-12, 1.55922132844e-11, 4.92231169019e-12, 1.29610525871e-12, 1.65873835934e-12, 8.33618070406e-12, 1.10223019947e-11, 6.67186846135e-13, 1.3618601147e-13, 3.30418155952e-16]
    },
    "erbbands": {
        "dmean": [8.8945897005e-05, 0.00245023821481, 0.0154106281698, 0.0314824990928, 0.217717006803, 3.11662507057, 12.0498209, 21.0340614319, 38.9468154907, 15.8712539673, 6.37686014175, 0.629034340382, 1.00429844856, 2.7479288578, 3.57449960709, 2.56785106659, 1.71267843246, 0.233365103602, 0.0846209079027, 0.0785892754793, 0.0353888757527, 0.0488435737789, 0.0412691868842, 0.0749011784792, 0.0313267856836, 0.0229681115597, 0.0303988587111, 0.0164311639965, 0.0210573598742, 0.00555667234585, 0.0339056923985, 0.0373697169125, 0.00858170539141, 0.00346409156919, 0.0015163506614, 0.000690387038048, 0.000163313743542, 4.23224373662e-05, 2.38467964664e-06, 4.73278805657e-06],
        "dmean2": [0.000150887964992, 0.00394224142656, 0.0238239560276, 0.0447058789432, 0.332329958677, 4.92139196396, 16.9045219421, 30.916519165, 52.6324729919, 21.9192237854, 8.18139362335, 0.854079782963, 1.45144343376, 3.89471149445, 5.18035984039, 3.82807779312, 2.37777113914, 0.336915612221, 0.134344443679, 0.126108169556, 0.0580618493259, 0.0725905224681, 0.067887365818, 0.118264868855, 0.050864636898, 0.0391433537006, 0.0520676262677, 0.0261234026402, 0.0338563062251, 0.00930883921683, 0.0538699291646, 0.0601350404322, 0.013994959183, 0.00574801536277, 0.00248320703395, 0.00117403699551, 0.000267934985459, 6.83311664034e-05, 3.2930645375e-06, 6.55288886264e-06],
        "dvar": [2.19982023708e-08, 4.98003209941e-05, 0.00226977677085, 0.00530068809167, 0.277418792248, 43.6089668274, 311.454650879, 1179.02636719, 2471.39257812, 1044.71850586, 274.650817871, 0.917084217072, 1.98310124874, 13.0640687943, 38.7007255554, 19.2014369965, 7.49655199051, 0.450075268745, 0.0134800886735, 0.0299245230854, 0.00401334650815, 0.0430818945169, 0.0133070545271, 0.0161160062999, 0.00232577021234, 0.00518293352798, 0.00372951989993, 0.000379496254027, 0.00101948936936, 4.03701124014e-05, 0.00240213004872, 0.00266699469648, 0.000150411520735, 3.5130426113e-05, 6.25810207566e-06, 1.12811278541e-06, 9.07792738758e-08, 7.63400809234e-09, 7.43356071142e-12, 3.17520940096e-11],
        "dvar2": [5.94954556732e-08, 0.000143086857861, 0.00593122560531, 0.00808170344681, 0.704813838005, 121.602737427, 716.94934082, 3473.19335938, 5932.67285156, 2846.05029297, 541.297729492, 1.73129034042, 4.38309288025, 24.6501369476, 92.2826385498, 45.8621063232, 11.8161020279, 0.752690732479, 0.0339479930699, 0.0699856355786, 0.00924475956708, 0.0658171102405, 0.0268441792578, 0.032990783453, 0.00581161864102, 0.0145534481853, 0.0110931554809, 0.000918540172279, 0.00259401998483, 0.000116615578008, 0.00502926018089, 0.00666923681274, 0.000388199550798, 8.7545333372e-05, 1.50413516167e-05, 3.09854226543e-06, 2.1604687106e-07, 1.86260127322e-08, 1.67678770174e-11, 7.58570081749e-11],
        "max": [0.00189838954248, 0.0965005084872, 0.924242794514, 1.24272489548, 8.15946674347, 108.988937378, 235.258071899, 691.064453125, 825.994995117, 631.700561523, 381.854980469, 14.3242416382, 18.3365077972, 50.9843521118, 90.0192108154, 54.8402862549, 48.0892448425, 15.9633340836, 1.24132025242, 2.94285678864, 1.11260592937, 5.01842689514, 2.46089792252, 2.38985729218, 0.714046120644, 1.18981993198, 0.96514737606, 0.25775372982, 0.331674039364, 0.0665857344866, 1.03000283241, 0.667984545231, 0.187243148685, 0.0924409553409, 0.0439530648291, 0.0136258639395, 0.00348551035859, 0.000701754237525, 5.00968890265e-05, 0.000114583905088],
        "mean": [0.00017022243992, 0.00517997937277, 0.0359556637704, 0.0842227563262, 0.640229403973, 9.87912940979, 43.9561347961, 85.6211853027, 161.546646118, 56.9881134033, 16.9004497528, 1.88125479221, 2.67439293861, 7.61696958542, 8.4587392807, 6.6581568718, 4.11926269531, 0.555478870869, 0.176466614008, 0.147119656205, 0.0738637968898, 0.0875299796462, 0.0843642205, 0.158514782786, 0.0734978094697, 0.0480736047029, 0.0659399479628, 0.0497163012624, 0.0505050420761, 0.0138239348307, 0.0811154320836, 0.110761754215, 0.0248700100929, 0.00895413849503, 0.0039819739759, 0.00180380640086, 0.00031205144478, 5.82452412345e-05, 1.22545743579e-05, 2.61300374405e-05],
        "median": [6.14691889496e-05, 0.000485015101731, 0.00334554421715, 0.00991985574365, 0.116852365434, 3.69014954567, 30.3316993713, 50.9394874573, 121.357810974, 34.4314079285, 5.63473749161, 1.12463283539, 1.90190064907, 6.26648759842, 5.94663906097, 3.02335500717, 1.84413719177, 0.278074204922, 0.12150978297, 0.0687086358666, 0.0442391261458, 0.0332096889615, 0.0436787754297, 0.0946568697691, 0.0488699711859, 0.0248607639223, 0.0539751760662, 0.0372103564441, 0.0316805392504, 0.0107328305021, 0.0549605041742, 0.0786270052195, 0.0176126286387, 0.00533999223262, 0.00267736543901, 0.00109656399582, 0.000134095345857, 5.43101486983e-06, 1.16047040137e-05, 2.45937826548e-05],
        "min": [9.1897271992e-22, 5.00935287914e-21, 9.47115419804e-21, 3.50446795671e-20, 7.79363046175e-20, 1.87586610523e-19, 1.10990267412e-19, 7.15264213048e-19, 8.83870195063e-19, 1.12145476836e-18, 4.63057464666e-19, 1.36006090971e-18, 2.94050775682e-18, 6.54540574088e-19, 1.27786510962e-18, 1.62831351441e-18, 3.67879230292e-18, 3.04047398142e-18, 4.12481842897e-18, 5.9007929885e-18, 6.55094081995e-18, 8.0323753885e-18, 1.41747340672e-17, 1.22592625284e-17, 1.01765061184e-17, 1.19231318962e-17, 1.95602919686e-17, 1.68654301771e-17, 2.02538283183e-17, 1.56107791676e-17, 1.65767722675e-17, 1.2480980847e-17, 1.33019526418e-17, 9.1407047651e-18, 7.62151477825e-18, 4.34006199129e-18, 2.93414611753e-18, 1.14964921954e-18, 2.94604898805e-19, 2.91621749474e-20],
        "stdev": [0.000267771305516, 0.0120696658269, 0.0884963423014, 0.162612438202, 1.28062260151, 14.887928009, 48.9958763123, 113.97051239, 154.514602661, 64.1994094849, 40.3388442993, 2.33568120003, 2.86372685432, 6.88522958755, 9.75210189819, 8.41850280762, 6.12841272354, 1.17318570614, 0.176410406828, 0.258955985308, 0.10975843668, 0.319083184004, 0.192816108465, 0.234125837684, 0.0883839279413, 0.0920087918639, 0.0669997781515, 0.0439141504467, 0.0567395575345, 0.0116493217647, 0.093304052949, 0.110847271979, 0.0251102782786, 0.0105856088921, 0.00498610269278, 0.00214178604074, 0.000454442430055, 0.000120635500934, 8.68005099619e-06, 1.8891725631e-05],
        "var": [7.17014785323e-08, 0.000145676822285, 0.00783160235733, 0.0264428034425, 1.63999426365, 221.650405884, 2400.59594727, 12989.2783203, 23874.7636719, 4121.56396484, 1627.22241211, 5.45540618896, 8.20093154907, 47.4063835144, 95.1034851074, 70.8711853027, 37.5574417114, 1.37636470795, 0.0311206337065, 0.067058198154, 0.0120469145477, 0.101814068854, 0.0371780507267, 0.0548149049282, 0.0078117181547, 0.00846561789513, 0.0044889706187, 0.0019284527516, 0.00321937748231, 0.000135706693982, 0.00870564673096, 0.0122871184722, 0.000630526104942, 0.000112055109639, 2.48612177529e-05, 4.58724753116e-06, 2.06517924539e-07, 1.45529233109e-08, 7.53432802258e-11, 3.568972895e-10]
    },
    "gfcc": {
        "mean": [-199.460449219, 116.383056641, -105.847465515, -30.602809906, -111.405944824, -13.3408250809, -50.9416465759, -15.7713518143, -26.0585269928, 2.98713684082, 21.4448852539, 8.39785289764, 0.440718352795],
        "cov": [[26964.4804688, 6004.59277344, -637.267700195, -2611.53417969, -4099.00390625, -2004.60095215, -1657.2265625, -1313.31738281, -735.613464355, -1051.8828125, 991.203369141, 305.147583008, 423.801361084], [6004.59277344, 1893.859375, 139.177001953, -503.609710693, -901.192504883, -545.118408203, -488.335174561, -428.651367188, -251.919570923, -444.867004395, 198.087249756, -7.00193405151, 170.096939087], [-637.267700195, 139.177001953, 652.164367676, 182.276473999, 188.100418091, 93.0779647827, -15.9174985886, -36.106918335, -105.435096741, -204.071792603, -107.054725647, -32.5743904114, 24.0854911804], [-2611.53417969, -503.609710693, 182.276473999, 956.20904541, 846.637695312, 429.764221191, 97.3784484863, 177.900878906, -96.3509521484, -3.70218849182, -421.938568115, -163.238082886, -38.09582901], [-4099.00390625, -901.192504883, 188.100418091, 846.637695312, 1027.26599121, 509.25213623, 234.977752686, 238.460281372, 14.5338058472, 117.012809753, -360.483032227, -111.055870056, -93.9702453613], [-2004.60095215, -545.118408203, 93.0779647827, 429.764221191, 509.25213623, 383.215789795, 172.36756897, 152.356124878, 18.978105545, 90.2178268433, -191.029418945, -39.6669921875, -65.9876861572], [-1657.2265625, -488.335174561, -15.9174985886, 97.3784484863, 234.977752686, 172.36756897, 193.454223633, 118.209899902, 98.7487640381, 133.54989624, -20.4243564606, 11.8599338531, -58.1072845459], [-1313.31738281, -428.651367188, -36.106918335, 177.900878906, 238.460281372, 152.356124878, 118.209899902, 184.649642944, 59.0064582825, 92.740020752, -94.0595626831, -12.0358772278, -42.8596611023], [-735.613464355, -251.919570923, -105.435096741, -96.3509521484, 14.5338058472, 18.978105545, 98.7487640381, 59.0064582825, 141.246734619, 125.218254089, 72.2660369873, 27.6393222809, -29.7094039917], [-1051.8828125, -444.867004395, -204.071792603, -3.70218849182, 117.012809753, 90.2178268433, 133.54989624, 92.740020752, 125.218254089, 228.504669189, 41.6716117859, 21.8694324493, -57.5392189026], [991.203369141, 198.087249756, -107.054725647, -421.938568115, -360.483032227, -191.029418945, -20.4243564606, -94.0595626831, 72.2660369873, 41.6716117859, 260.029937744, 78.3777236938, 21.4914932251], [305.147583008, -7.00193405151, -32.5743904114, -163.238082886, -111.055870056, -39.6669921875, 11.8599338531, -12.0358772278, 27.6393222809, 21.8694324493, 78.3777236938, 73.6127166748, 4.52362775803], [423.801361084, 170.096939087, 24.0854911804, -38.09582901, -93.9702453613, -65.9876861572, -58.1072845459, -42.8596611023, -29.7094039917, -57.5392189026, 21.4914932251, 4.52362775803, 71.4254760742]],
        "icov": [[0.000383284495911, -0.00100426119752, 0.000260917411651, -0.000375228642952, 0.00117954530288, -0.000622022838797, 0.000861271633767, -0.000396634015488, 0.00067150342511, -0.000658355187625, 0.000180902876309, -0.00147436128464, 0.00105703866575], [-0.00100426119752, 0.00571355037391, -0.000647163193207, 5.96156060055e-05, -0.00130178965628, 0.00113554834388, 0.00104717351496, 0.00316251558252, -0.00229229638353, 0.00483278790489, -0.00196854793467, 0.00519908545539, -0.00210899533704], [0.000260917411651, -0.000647163193207, 0.00327243818901, 0.000599673192482, -0.000527773750946, -0.00124853302259, -0.000714831112418, 0.000279606465483, 0.00075936014764, 0.0037930875551, -0.00045461312402, -0.000631831062492, 0.000496099004522], [-0.000375228642952, 5.96156060055e-05, 0.000599673192482, 0.0117902569473, -0.0077165691182, -0.00206508906558, -6.11057766946e-05, -0.000648982590064, 0.00294727785513, -0.000757541914936, 0.00544609455392, 0.00880394782871, -0.00590913835913], [0.00117954530288, -0.00130178965628, -0.000527773750946, -0.0077165691182, 0.0123688010499, -0.00327843194827, 0.00196205126122, 0.000580017745961, -0.000511258433107, -0.0019353980897, 0.000624984386377, -0.00593929784372, 0.00576820690185], [-0.000622022838797, 0.00113554834388, -0.00124853302259, -0.00206508906558, -0.00327843194827, 0.0130660515279, -0.00885202083737, 0.000586408190429, 0.00105638359673, -0.001255055191, 0.00261547695845, -0.00163463014178, -4.05389400839e-05], [0.000861271633767, 0.00104717351496, -0.000714831112418, -6.11057766946e-05, 0.00196205126122, -0.00885202083737, 0.0282537974417, -0.00382118741982, -0.0058507299982, -0.00110814184882, -0.00512861041352, -0.00329910428263, 0.00612595072016], [-0.000396634015488, 0.00316251558252, 0.000279606465483, -0.000648982590064, 0.000580017745961, 0.000586408190429, -0.00382118741982, 0.0156216863543, -0.00524799944833, 0.00148841110058, 0.00597808323801, 0.000205529548111, -0.000843918474857], [0.00067150342511, -0.00229229638353, 0.00075936014764, 0.00294727785513, -0.000511258433107, 0.00105638359673, -0.0058507299982, -0.00524799944833, 0.0237721670419, -0.00773752713576, -0.00368388369679, 0.00105518987402, -0.000118582138384], [-0.000658355187625, 0.00483278790489, 0.0037930875551, -0.000757541914936, -0.0019353980897, -0.001255055191, -0.00110814184882, 0.00148841110058, -0.00773752713576, 0.0214887987822, -0.00651543820277, 0.00329669332132, 0.00284422840923], [0.000180902876309, -0.00196854793467, -0.00045461312402, 0.00544609455392, 0.000624984386377, 0.00261547695845, -0.00512861041352, 0.00597808323801, -0.00368388369679, -0.00651543820277, 0.0215080361813, -0.00426220986992, -0.00365653843619], [-0.00147436128464, 0.00519908545539, -0.000631831062492, 0.00880394782871, -0.00593929784372, -0.00163463014178, -0.00329910428263, 0.000205529548111, 0.00105518987402, 0.00329669332132, -0.00426220986992, 0.0338353514671, -0.00837509986013], [0.00105703866575, -0.00210899533704, 0.000496099004522, -0.00590913835913, 0.00576820690185, -4.05389400839e-05, 0.00612595072016, -0.000843918474857, -0.000118582138384, 0.00284422840923, -0.00365653843619, -0.00837509986013, 0.0253334809095]]
    },
    "melbands": {
        "dmean": [1.44342936892e-06, 6.22560173724e-06, 7.81435392128e-06, 9.46880827541e-05, 0.000374624913093, 0.000446034886409, 0.000575460435357, 0.000151599553647, 3.97371186409e-05, 2.64553136731e-06, 5.71251302972e-06, 1.18158523037e-05, 1.32277300509e-05, 1.0867799574e-05, 5.92584183323e-06, 2.04226444112e-06, 3.4116700931e-07, 1.34023139253e-07, 1.28130565713e-07, 9.27538010842e-08, 3.6326369468e-08, 4.91278449033e-08, 5.41333164961e-08, 4.96885625978e-08, 6.76177691616e-08, 3.73797384157e-08, 1.33251587542e-08, 1.93886524613e-08, 2.23350369311e-08, 1.61018398614e-08, 1.07552571293e-08, 1.70003797706e-08, 4.17079881743e-09, 3.09933412268e-09, 1.64687001813e-08, 2.96244380138e-08, 2.4324968706e-08, 8.11255240762e-09, 2.29988383893e-09, 3.83389275882e-09],
        "dmean2": [2.36460368797e-06, 9.49518289417e-06, 1.16599367175e-05, 0.000151306114276, 0.000525223615114, 0.000648288754746, 0.000764164607972, 0.000212861632463, 5.05284697283e-05, 3.80941787625e-06, 8.28185875434e-06, 1.66255467775e-05, 1.8982180336e-05, 1.62295600603e-05, 8.69907580636e-06, 2.73269733952e-06, 5.16178261023e-07, 2.14882092564e-07, 2.10202657058e-07, 1.5120915009e-07, 6.10822254998e-08, 7.41542933724e-08, 8.31914235278e-08, 8.22860286576e-08, 1.06669872935e-07, 5.88477639951e-08, 2.26943264181e-08, 3.35631362702e-08, 3.88136882634e-08, 2.69546003295e-08, 1.67829785624e-08, 2.71461235712e-08, 7.16697456937e-09, 5.25825738507e-09, 2.70178190931e-08, 4.72729695389e-08, 4.01836715014e-08, 1.34216264769e-08, 3.9140672925e-09, 6.44749764689e-09],
        "dvar": [1.13160279758e-11, 3.35507011062e-10, 2.51227039172e-10, 4.3730121746e-08, 3.16695548008e-07, 4.97510541209e-07, 5.25728637513e-07, 1.06059708571e-07, 1.1376822151e-08, 2.15389806685e-11, 6.45056924542e-11, 2.24571250484e-10, 5.50118173237e-10, 4.87428652995e-10, 1.18908285995e-10, 1.16486074259e-11, 1.24885973958e-12, 3.4392891909e-14, 6.07427790792e-14, 6.35303780611e-14, 3.77616351139e-15, 2.99049386599e-14, 5.39868171869e-14, 1.48152923442e-14, 1.3417605819e-14, 3.68491265198e-15, 6.61384553979e-16, 4.84534101345e-15, 4.07867794037e-15, 4.83160880943e-16, 2.0479284666e-16, 7.06727286437e-16, 3.09796311671e-17, 1.77078739263e-17, 6.17299347811e-16, 2.15303704973e-15, 1.17533190618e-15, 1.58691675608e-16, 8.54387161926e-18, 4.81287727137e-17],
        "dvar2": [3.12564453486e-11, 8.90266471654e-10, 5.27904553405e-10, 1.24346641428e-07, 7.3882262086e-07, 1.42664987379e-06, 1.21091272831e-06, 2.82802659513e-07, 2.22438814035e-08, 4.0487023456e-11, 1.46120421318e-10, 4.43338171729e-10, 1.13403320068e-09, 1.28126920185e-09, 2.7322971663e-10, 1.63499457029e-11, 2.09367484287e-12, 8.96149474072e-14, 1.57286117182e-13, 1.38241591026e-13, 9.645565664e-15, 4.93722968867e-14, 8.25985737056e-14, 3.90530062986e-14, 2.70591044688e-14, 7.81068138905e-15, 1.75801179983e-15, 1.40213022941e-14, 1.25552602101e-14, 1.26171666719e-15, 4.66219004388e-16, 1.8107268953e-15, 8.79316615422e-17, 4.89209834387e-17, 1.52365017118e-15, 3.91913420255e-15, 2.97738624289e-15, 4.38349317553e-16, 2.14400417126e-17, 1.2386128377e-16],
        "max": [4.77008070447e-05, 0.000335327087669, 0.000210547732422, 0.00358525360934, 0.00881294347346, 0.0140992682427, 0.0126903476194, 0.0059677879326, 0.00244939164259, 6.81285164319e-05, 0.000100819699583, 0.000187994432054, 0.000302601489238, 0.00030293589225, 0.000182891177246, 5.9536054323e-05, 2.58227046288e-05, 1.97984741135e-06, 2.81658299173e-06, 4.69854376206e-06, 9.81909124675e-07, 3.90038712794e-06, 5.9730959947e-06, 2.73642922366e-06, 2.28333510677e-06, 1.12670295493e-06, 6.39499376121e-07, 1.1164498801e-06, 1.08646224817e-06, 2.70364040489e-07, 2.28988156437e-07, 2.66083219458e-07, 6.56010286093e-08, 4.60742199948e-08, 3.30237924118e-07, 1.12155817078e-06, 4.54308064946e-07, 1.79123304633e-07, 3.90602252764e-08, 1.03256382999e-07],
        "mean": [2.83955318992e-06, 1.47416976688e-05, 2.050515468e-05, 0.000301075255265, 0.00141132401768, 0.00180175865535, 0.00241975416429, 0.0005018155789, 9.93735084194e-05, 6.74732427797e-06, 1.44552250276e-05, 3.24421089317e-05, 2.86678186967e-05, 2.49752847594e-05, 1.41850132422e-05, 4.44823263024e-06, 6.77987145536e-07, 2.52602006867e-07, 2.06609030329e-07, 1.80858179988e-07, 6.42632898007e-08, 8.35437177216e-08, 8.53660750977e-08, 8.91602667252e-08, 1.37532296662e-07, 7.73984822899e-08, 2.93375865823e-08, 3.28226192892e-08, 4.01705548825e-08, 3.85486913501e-08, 2.727283821e-08, 3.80460924987e-08, 8.42667713385e-09, 4.97870811245e-09, 3.5201857429e-08, 7.45444594941e-08, 6.59876846498e-08, 1.86222504084e-08, 5.40364064605e-09, 8.41953529118e-09],
        "median": [4.59459016611e-07, 1.37496908792e-06, 1.30024830014e-06, 8.74839461176e-05, 0.000935431919061, 0.0011054254137, 0.00180443783756, 0.000314701232128, 2.68405001407e-05, 2.59693206317e-06, 9.97018105409e-06, 2.65075777861e-05, 1.73576463567e-05, 9.25690983422e-06, 3.9819851736e-06, 2.0978941393e-06, 2.15625703959e-07, 1.69117015503e-07, 1.09581570484e-07, 7.13118097906e-08, 4.29127133827e-08, 3.04805745088e-08, 3.07922825016e-08, 4.43491465774e-08, 7.84686662314e-08, 4.87553002415e-08, 1.8661793888e-08, 1.38498110758e-08, 2.87639601027e-08, 2.67013824384e-08, 1.90638456132e-08, 2.19393339052e-08, 5.77780756572e-09, 2.79864020847e-09, 2.21182592242e-08, 5.48425020952e-08, 3.9650622341e-08, 1.21894236926e-08, 4.81253215057e-09, 4.07898825827e-09],
        "min": [1.12539370055e-23, 6.2175937901e-24, 7.47827753033e-24, 8.21207673323e-24, 4.23679127279e-24, 1.61583625617e-23, 1.20483451806e-23, 1.08288585179e-23, 2.95109117554e-24, 1.06979691388e-23, 1.4108543787e-23, 1.65342819987e-24, 3.7320504555e-24, 3.59894950484e-24, 4.27306270279e-24, 9.38238580714e-24, 5.58701230349e-24, 6.61874730978e-24, 5.85585452227e-24, 9.34953448361e-24, 6.79694073308e-24, 6.30294814562e-24, 1.64211589505e-23, 9.23630848902e-24, 1.01413228516e-23, 5.99428935594e-24, 8.31738887522e-24, 7.33186573518e-24, 1.23690699923e-23, 1.1137942898e-23, 8.9324518901e-24, 1.34534405592e-23, 7.36537891302e-24, 8.49683895394e-24, 9.49934626926e-24, 7.36000203709e-24, 7.80097054994e-24, 9.70716141955e-24, 7.74160403366e-24, 7.42318742902e-24],
