{
"metadata": {
    "version": {
        "essentia": "2.1-beta6-dev",
        "essentia_git_sha": "v2.1_beta5-778-gc9eadba6",
        "extractor": "music 2.0"
    },
    "audio_properties": {
        "analysis": {
            "equal_loudness": 0,
            "length": 16.9999771118,
            "sample_rate": 44100,
            "start_time": 0,
            "downmix": "mix"
        },
        "bit_rate": 128000,
        "length": 17,
        "lossless": 0,
        "number_channels": 2,
        "replay_gain": -10.7105712891,
        "sample_rate": 48000,
        "codec": "mp3",
        "md5_encoded": "cf62dd2da693ac2e7a513d1889687018"
    },
    "tags": {
        "file_name": "lorn-acidrain1.mp3",
        "encoding": ["Lavf59.16.100"]
    }
},
"lowlevel": {
    "average_loudness": 0.977660059929,
    "barkbands_crest": {
        "dmean": 2.14210176468,
        "dmean2": 3.29130005836,
        "dvar": 4.03209877014,
        "dvar2": 9.7788848877,
        "max": 25.3055648804,
        "mean": 13.6445589066,
        "median": 13.2958850861,
        "min": 4.29195594788,
        "stdev": 4.39845132828,
        "var": 19.3463726044
    },
    "barkbands_flatness_db": {
        "dmean": 0.0195512957871,
        "dmean2": 0.0310804937035,
        "dvar": 0.000280982319964,
        "dvar2": 0.000663117622025,
        "max": 0.461701244116,
        "mean": 0.315677404404,
        "median": 0.32164144516,
        "min": 0.0463907085359,
        "stdev": 0.0594814829528,
        "var": 0.00353804696351
    },
    "barkbands_kurtosis": {
        "dmean": 3.27460551262,
        "dmean2": 4.88240814209,
        "dvar": 26.7721672058,
        "dvar2": 66.3296203613,
        "max": 81.513961792,
        "mean": 10.03216362,
        "median": 7.91591882706,
        "min": -1.65934634209,
        "stdev": 8.70839691162,
        "var": 75.8361740112
    },
    "barkbands_skewness": {
        "dmean": 0.401308178902,
        "dmean2": 0.592524349689,
        "dvar": 0.198195040226,
        "dvar2": 0.461505442858,
        "max": 7.44547224045,
        "mean": 2.22209620476,
        "median": 2.15024733543,
        "min": -2.04733419418,
        "stdev": 1.15727722645,
        "var": 1.33929049969
    },
    "barkbands_spread": {
        "dmean": 1.23461902142,
        "dmean2": 1.6996897459,
        "dvar": 13.2009000778,
        "dvar2": 19.8492050171,
        "max": 118.293830872,
        "mean": 6.1038942337,
        "median": 4.56962585449,
        "min": 0.729751944542,
        "stdev": 8.92294883728,
        "var": 79.6190109253
    },
    "dissonance": {
        "dmean": 0.0255304183811,
        "dmean2": 0.042637873441,
        "dvar": 0.0005449160235,
        "dvar2": 0.00121558271348,
        "max": 0.499999880791,
        "mean": 0.428580760956,
        "median": 0.433911621571,
        "min": 0.086112357676,
        "stdev": 0.0432783141732,
        "var": 0.00187301263213
    },
    "dynamic_complexity": 2.03809595108,
    "erbbands_crest": {
        "dmean": 1.87684071064,
        "dmean2": 2.7483317852,
        "dvar": 3.22056698799,
        "dvar2": 7.47544574738,
        "max": 25.0186042786,
        "mean": 10.215139389,
        "median": 9.19292068481,
        "min": 2.4402961731,
        "stdev": 4.31537485123,
        "var": 18.6224594116
    },
    "erbbands_flatness_db": {
        "dmean": 0.00976102240384,
        "dmean2": 0.0138611244038,
        "dvar": 7.52770574763e-05,
        "dvar2": 0.000142917735502,
        "max": 0.341769516468,
        "mean": 0.275014251471,
        "median": 0.277085363865,
        "min": 0.0681056007743,
        "stdev": 0.0392548665404,
        "var": 0.00154094456229
    },
    "erbbands_kurtosis": {
        "dmean": 0.584783256054,
        "dmean2": 0.858067333698,
        "dvar": 0.326896607876,
        "dvar2": 0.799697101116,
        "max": 6.96484470367,
        "mean": 0.586592137814,
        "median": 0.290728926659,
        "min": -1.21193158627,
        "stdev": 1.18365871906,
        "var": 1.40104806423
    },
    "erbbands_skewness": {
        "dmean": 0.22818082571,
        "dmean2": 0.337275356054,
        "dvar": 0.0403937026858,
        "dvar2": 0.0936416685581,
        "max": 2.52575731277,
        "mean": 0.838874161243,
        "median": 0.785504460335,
        "min": -1.33359837532,
        "stdev": 0.509983658791,
        "var": 0.260083347559
    },
    "erbbands_spread": {
        "dmean": 2.80739498138,
        "dmean2": 4.21413469315,
        "dvar": 6.83721065521,
        "dvar2": 16.0139961243,
        "max": 52.9009590149,
        "mean": 23.5706672668,
        "median": 23.0352401733,
        "min": 11.4573221207,
        "stdev": 6.11205768585,
        "var": 37.3572502136
    },
    "hfc": {
        "dmean": 1.80513632298,
        "dmean2": 2.64534282684,
        "dvar": 3.31907057762,
        "dvar2": 7.44821882248,
        "max": 42.9316291809,
        "mean": 10.923377037,
        "median": 10.3059329987,
        "min": 1.12366781978e-16,
        "stdev": 6.58158683777,
        "var": 43.3172874451
    },
    "loudness_ebu128": {
        "integrated": -11.9354887009,
        "loudness_range": 0.844387054443,
        "momentary": {
            "dmean": 0.862899065018,
            "dmean2": 0.503370881081,
            "dvar": 11.031255722,
            "dvar2": 1.60125255585,
            "max": -10.0949306488,
            "mean": -13.7282075882,
            "median": -11.9007778168,
            "min": -103.678405762,
            "stdev": 9.20803833008,
            "var": 84.7879638672
        },
        "short_term": {
            "dmean": 0.063127912581,
            "dmean2": 0.0442820973694,
            "dvar": 0.0040579456836,
            "dvar2": 0.00126958207693,
            "max": -11.2617435455,
            "mean": -11.8282823563,
            "median": -11.7460069656,
            "min": -14.4525051117,
            "stdev": 0.514477908611,
            "var": 0.264687538147
        }
    },
    "melbands_crest": {
        "dmean": 2.32027029991,
        "dmean2": 3.56065797806,
        "dvar": 4.48985385895,
        "dvar2": 11.3631305695,
        "max": 27.4700298309,
        "mean": 16.7103157043,
        "median": 16.7518863678,
        "min": 1.7458615303,
        "stdev": 4.61024665833,
        "var": 21.2543754578
    },
    "melbands_flatness_db": {
        "dmean": 0.0187333859503,
        "dmean2": 0.0273362100124,
        "dvar": 0.000331178598572,
        "dvar2": 0.000696122297086,
        "max": 0.592431306839,
        "mean": 0.412327319384,
        "median": 0.422877907753,
        "min": 0.00435373000801,
        "stdev": 0.0847213193774,
        "var": 0.00717770168558
    },
    "melbands_kurtosis": {
        "dmean": 4.93410253525,
        "dmean2": 7.29093170166,
        "dvar": 38.6480484009,
        "dvar2": 90.2972488403,
        "max": 83.2323379517,
        "mean": 16.9390182495,
        "median": 13.737575531,
        "min": -1.37694180012,
        "stdev": 13.3032846451,
        "var": 176.977386475
    },
    "melbands_skewness": {
        "dmean": 0.446412354708,
        "dmean2": 0.659899294376,
        "dvar": 0.196450024843,
        "dvar2": 0.436124235392,
        "max": 6.70249223709,
        "mean": 2.91293096542,
        "median": 2.78207921982,
        "min": -0.259486466646,
        "stdev": 1.23754715919,
        "var": 1.53152287006
    },
    "melbands_spread": {
        "dmean": 1.73774766922,
        "dmean2": 2.73454380035,
        "dvar": 28.5930767059,
        "dvar2": 83.4909744263,
        "max": 157.38973999,
        "mean": 8.50565338135,
        "median": 4.74841117859,
        "min": 0.769179224968,
        "stdev": 18.7826557159,
        "var": 352.788146973
    },
    "pitch_salience": {
        "dmean": 0.0526627078652,
        "dmean2": 0.0798441022635,
        "dvar": 0.00279316841625,
        "dvar2": 0.0071266675368,
        "max": 0.961406648159,
        "mean": 0.505065143108,
        "median": 0.502889513969,
        "min": 0.139636963606,
        "stdev": 0.125431850553,
        "var": 0.0157331507653
    },
    "silence_rate_20dB": {
        "dmean": 0,
        "dmean2": 0,
        "dvar": 0,
        "dvar2": 0,
        "max": 1,
        "mean": 1,
        "median": 1,
        "min": 1,
        "stdev": 0,
        "var": 0
    },
    "silence_rate_30dB": {
        "dmean": 0.00272851297632,
        "dmean2": 0.00546448072419,
        "dvar": 0.00272102677263,
        "dvar2": 0.00816699955612,
        "max": 1,
        "mean": 0.998637616634,
        "median": 1,
        "min": 0,
        "stdev": 0.036885432899,
        "var": 0.0013605352724
    },
    "silence_rate_60dB": {
        "dmean": 0.00545702595264,
        "dmean2": 0.0109289614484,
        "dvar": 0.00542726879939,
        "dvar2": 0.0162740014493,
        "max": 1,
        "mean": 0.0599455051124,
        "median": 0,
        "min": 0,
        "stdev": 0.237385809422,
        "var": 0.05635201931
    },
    "spectral_centroid": {
        "dmean": 66.4501647949,
        "dmean2": 101.802688599,
        "dvar": 81852.671875,
        "dvar2": 162316.171875,
        "max": 12089.1181641,
        "mean": 610.907958984,
        "median": 357.541442871,
        "min": 172.570968628,
        "stdev": 1446.30236816,
        "var": 2091790.625
    },
    "spectral_complexity": {
        "dmean": 1.60163712502,
        "dmean2": 2.72950816154,
        "dvar": 2.30514574051,
        "dvar2": 6.07439136505,
        "max": 27,
        "mean": 11.7425069809,
        "median": 12,
        "min": 0,
        "stdev": 4.57787227631,
        "var": 20.9569149017
    },
    "spectral_decrease": {
        "dmean": 2.89299895151e-09,
        "dmean2": 4.55820803325e-09,
        "dvar": 1.36139800581e-17,
        "dvar2": 3.53639067893e-17,
        "max": 9.11989879723e-29,
        "mean": -1.26361907604e-08,
        "median": -1.26401653588e-08,
        "min": -3.74637423306e-08,
        "stdev": 6.27629193062e-09,
        "var": 3.93918429298e-17
    },
    "spectral_energy": {
        "dmean": 0.0110535239801,
        "dmean2": 0.017406385392,
        "dvar": 0.000197053348529,
        "dvar2": 0.000512364727911,
        "max": 0.142691239715,
        "mean": 0.0486826524138,
        "median": 0.0489672608674,
        "min": 1.03790624685e-20,
        "stdev": 0.0239786412567,
        "var": 0.000574975216296
    },
    "spectral_energyband_high": {
        "dmean": 1.58037187248e-06,
        "dmean2": 2.60231331595e-06,
        "dvar": 6.85336943446e-12,
        "dvar2": 1.74705683947e-11,
        "max": 5.57782514079e-05,
        "mean": 5.57711337024e-06,
        "median": 3.18393131238e-06,
        "min": 7.32215269912e-21,
        "stdev": 7.06024411556e-06,
        "var": 4.98470466292e-11
    },
    "spectral_energyband_low": {
        "dmean": 0.00859910529107,
        "dmean2": 0.013839523308,
        "dvar": 0.000188055913895,
        "dvar2": 0.0004663670843,
        "max": 0.137757241726,
        "mean": 0.0253732111305,
        "median": 0.0184032414109,
        "min": 1.63470880669e-23,
        "stdev": 0.0238586291671,
        "var": 0.0005692341947
    },
    "spectral_energyband_middle_high": {
        "dmean": 0.000270870397799,
        "dmean2": 0.000396538089262,
        "dvar": 3.2739384892e-07,
        "dvar2": 6.04322963227e-07,
        "max": 0.0181313101202,
        "mean": 0.00145940447692,
        "median": 0.000902100466192,
        "min": 1.21605364737e-21,
        "stdev": 0.00219187582843,
        "var": 4.80431936012e-06
    },
    "spectral_energyband_middle_low": {
        "dmean": 0.00521659478545,
        "dmean2": 0.00737535813823,
        "dvar": 3.29422400682e-05,
        "dvar2": 8.03735165391e-05,
        "max": 0.0806159079075,
        "mean": 0.0234441570938,
        "median": 0.0218039117754,
        "min": 2.12656730452e-22,
        "stdev": 0.0158591996878,
        "var": 0.000251514196862
    },
    "spectral_entropy": {
        "dmean": 0.136018306017,
        "dmean2": 0.200698837638,
        "dvar": 0.0184958167374,
        "dvar2": 0.0389002300799,
        "max": 9.81279182434,
        "mean": 6.51614713669,
        "median": 6.47421979904,
        "min": 5.61613225937,
        "stdev": 0.570561766624,
        "var": 0.325540721416
    },
    "spectral_flux": {
        "dmean": 0.0201608873904,
        "dmean2": 0.0343057252467,
        "dvar": 0.000568137445953,
        "dvar2": 0.00151539104991,
        "max": 0.215435624123,
        "mean": 0.0657499358058,
        "median": 0.0567348152399,
        "min": 6.53978399212e-11,
        "stdev": 0.0396084748209,
        "var": 0.00156883115415
    },
    "spectral_kurtosis": {
        "dmean": 11.3013277054,
        "dmean2": 19.6811275482,
        "dvar": 79.2718734741,
        "dvar2": 225.636291504,
        "max": 58.7207641602,
        "mean": 20.3874282837,
        "median": 19.1537322998,
        "min": -1.23052811623,
        "stdev": 12.2074298859,
        "var": 149.021347046
    },
    "spectral_rms": {
        "dmean": 0.000738991657272,
        "dmean2": 0.00114426540677,
        "dvar": 7.14222437637e-07,
        "dvar2": 1.87238504168e-06,
        "max": 0.0117987701669,
        "mean": 0.00653608469293,
        "median": 0.00691179651767,
        "min": 3.18212426895e-12,
        "stdev": 0.0021851377096,
        "var": 4.77482717542e-06
    },
    "spectral_rolloff": {
        "dmean": 98.1476821899,
        "dmean2": 152.467559814,
        "dvar": 196437.5625,
        "dvar2": 215859.171875,
        "max": 19530.6152344,
        "mean": 814.948425293,
        "median": 258.3984375,
        "min": 86.1328125,
        "stdev": 2829.76879883,
        "var": 8007592
    },
    "spectral_skewness": {
        "dmean": 0.796361923218,
        "dmean2": 1.38420653343,
        "dvar": 0.381754368544,
        "dvar2": 1.08141469955,
        "max": 5.6186747551,
        "mean": 2.73406553268,
        "median": 2.67545032501,
        "min": -0.118003457785,
        "stdev": 0.940755307674,
        "var": 0.885020494461
    },
    "spectral_spread": {
        "dmean": 289458.5,
        "dmean2": 471262.25,
        "dvar": 2.14628905779e+12,
        "dvar2": 3.5155321815e+12,
        "max": 41915776,
        "mean": 2432452,
        "median": 1616938,
        "min": 1007393.5625,
        "stdev": 5292347,
        "var": 2.80089350636e+13
    },
    "spectral_strongpeak": {
        "dmean": 0.235449835658,
        "dmean2": 0.370189517736,
        "dvar": 0.140277326107,
        "dvar2": 0.349969238043,
        "max": 5.11794471741,
        "mean": 0.798141121864,
        "median": 0.490995377302,
        "min": 0,
        "stdev": 0.694734632969,
        "var": 0.482656240463
    },
    "zerocrossingrate": {
        "dmean": 0.0034506097436,
        "dmean2": 0.00384354731068,
        "dvar": 0.000222086411668,
        "dvar2": 0.000116179908218,
        "max": 0.7470703125,
        "mean": 0.028566448018,
        "median": 0.013671875,
        "min": 0.001953125,
        "stdev": 0.0864077880979,
        "var": 0.0074663059786
    },
    "barkbands": {
        "dmean": [0.000269678828772, 0.00713381543756, 0.00279366737232, 0.0011629400542, 0.00458974484354, 0.000210919533856, 0.000749816943426, 0.000298880971968, 0.000755434855819, 0.000151223837747, 6.48265340715e-05, 8.53659585118e-05, 6.06234425504e-05, 4.7182355047e-05, 5.54189246031e-05, 3.41265986208e-05, 2.66635306616e-05, 1.45115409396e-05, 1.12173329399e-05, 2.88596629616e-06, 7.11560403488e-07, 1.07553780992e-07, 1.89020550323e-08, 7.61343699196e-09, 4.11084810636e-09, 2.1968549202e-09, 1.68256009125e-09],
        "dmean2": [0.000425449397881, 0.0112456325442, 0.00450967811048, 0.00174020696431, 0.00643641548231, 0.000332998519298, 0.000908557442017, 0.00046000975999, 0.000942897924688, 0.000226465243031, 9.72159905359e-05, 0.000132493849378, 8.95898192539e-05, 7.29721141397e-05, 9.04446205823e-05, 5.75512203795e-05, 4.10643369833e-05, 2.42837959377e-05, 1.81083814823e-05, 4.71472139907e-06, 1.21628966099e-06, 1.76826702614e-07, 3.02052889367e-08, 1.2960417628e-08, 6.89452628322e-09, 4.01107369541e-09, 3.05921288302e-09],
        "dvar": [1.7655047202e-07, 0.000149191051605, 1.6615340428e-05, 3.09033089252e-06, 2.63571146206e-05, 2.37821396354e-07, 1.0376403452e-06, 6.58175110857e-07, 9.65143158282e-07, 1.53798453084e-07, 7.14411019231e-09, 1.91903382074e-08, 1.49717021003e-08, 9.6695069729e-09, 9.61513624276e-09, 5.09633135692e-09, 2.56930143827e-09, 5.27391741389e-10, 2.7274754677e-10, 2.01602189803e-11, 2.019140714e-12, 4.15555922464e-14, 8.29920510028e-15, 9.90362992149e-16, 1.05361773182e-16, 5.91305362498e-17, 3.82896859749e-18],
        "dvar2": [4.5785805014e-07, 0.000373453513021, 4.46070080216e-05, 6.87912597641e-06, 6.21530271019e-05, 6.1333952317e-07, 1.8458466684e-06, 1.36350968205e-06, 1.62938442827e-06, 3.26924890715e-07, 1.47333087952e-08, 4.83572222265e-08, 2.40842670252e-08, 2.27377103812e-08, 2.38831834309e-08, 1.11597016073e-08, 6.08822592341e-09, 1.45960032949e-09, 7.07409075762e-10, 5.17613070461e-11, 5.96448628334e-12, 1.1647310178e-13, 2.00151225753e-14, 2.08747564082e-15, 2.73947766378e-16, 1.66139967185e-16, 1.11818002235e-17],
        "max": [0.00346920709126, 0.112985081971, 0.0361332260072, 0.0189715437591, 0.0760110244155, 0.00909075513482, 0.0174191705883, 0.0168440323323, 0.0131972460076, 0.00851373095065, 0.00121283321641, 0.00272741937079, 0.00370898749679, 0.00188660342246, 0.00178870861419, 0.00173971080221, 0.00127585616428, 0.000367194734281, 0.000237410204136, 8.52935918374e-05, 2.81572010863e-05, 3.96205223296e-06, 2.19694356929e-06, 6.55126825677e-07, 1.6789859103e-07, 1.5125320374e-07, 1.07553432827e-08],
        "mean": [0.000648730900139, 0.0173979345709, 0.00577113730833, 0.00286969589069, 0.0150192715228, 0.000598835933488, 0.00219996762462, 0.000866532092914, 0.00180201872718, 0.000491121958476, 0.000167122052517, 0.00020658626454, 0.00014587174519, 0.000125185004435, 0.000130378684844, 9.31237882469e-05, 6.4337378717e-05, 4.17902629124e-05, 3.22589403368e-05, 8.62980687089e-06, 1.87594014278e-06, 2.38453168322e-07, 4.77700972112e-08, 2.00573175846e-08, 6.92913237899e-09, 1.76210979141e-09, 1.41753064842e-09],
        "median": [0.00033655052539, 0.00985429342836, 0.00329510262236, 0.00145676219836, 0.0114053431898, 0.00029500835808, 0.00112448725849, 0.000323108630255, 0.00100362289231, 0.000162396056112, 0.000107177038444, 0.000152450491441, 8.59805440996e-05, 6.36521363049e-05, 7.42403499316e-05, 4.91733990202e-05, 4.15199792769e-05, 2.64106529357e-05, 1.80609204108e-05, 5.18783963344e-06, 1.06582956505e-06, 1.51553194883e-07, 3.79820050966e-08, 1.76648757844e-08, 5.51411094563e-09, 5.89503668103e-10, 6.01513783227e-10],
        "min": [8.86882296113e-25, 2.42360710392e-24, 1.68475662743e-24, 1.66923302811e-24, 2.08861905601e-23, 9.07506453113e-24, 1.98251205778e-23, 1.8037269888e-23, 2.91854174907e-23, 1.04102557894e-23, 2.6735165032e-23, 1.36488161619e-23, 3.35702818997e-23, 6.21960593761e-23, 5.46404316675e-23, 6.58252676132e-23, 1.36188934056e-22, 1.37327405492e-22, 1.83712628668e-22, 1.98143065569e-22, 2.83834476105e-22, 3.64018160775e-22, 4.175631865e-22, 7.11138542306e-22, 9.43045776009e-22, 1.4409070257e-21, 1.86557097009e-21],
        "stdev": [0.000770484097302, 0.0189136713743, 0.00638111867011, 0.00345432641916, 0.0132836662233, 0.00107441085856, 0.00252321758308, 0.00205726828426, 0.00201148865744, 0.00111877708696, 0.000181483876077, 0.000261240871623, 0.000272623146884, 0.000241644869675, 0.000191553364857, 0.000190565711819, 9.76038718363e-05, 5.25141840626e-05, 3.70539128198e-05, 1.10868222691e-05, 2.43327713179e-06, 3.13404171948e-07, 9.33806347803e-08, 3.40096164564e-08, 1.11266746927e-08, 6.33695140806e-09, 1.90176119297e-09],
        "var": [5.93645779645e-07, 0.000357726938091, 4.07186744269e-05, 1.19323713079e-05, 0.000176455796463, 1.15435875614e-06, 6.36662662146e-06, 4.23235269409e-06, 4.04608636018e-06, 1.25166218368e-06, 3.29363949447e-08, 6.82467984348e-08, 7.43233741218e-08, 5.83922457054e-08, 3.66926933282e-08, 3.63152921068e-08, 9.5265155764e-09, 2.7577393702e-09, 1.37299249747e-09, 1.22917634404e-10, 5.9208380386e-12, 9.82221777328e-14, 8.7199424588e-15, 1.15665408854e-15, 1.23802891436e-16, 4.01569552179e-17, 3.61669544075e-18]
    },
    "erbbands": {
        "dmean": [0.203316867352, 1.69106769562, 3.28001737595, 3.38062691689, 7.1289024353, 23.3038635254, 7.92243719101, 1.26754212379, 5.69649934769, 12.9149112701, 6.88969707489, 13.3832798004, 11.7764120102, 3.84569883347, 3.07413554192, 3.15579676628, 2.18132090569, 2.1158657074, 2.80879092216, 2.98954224586, 1.89945423603, 1.2541205883, 0.803922116756, 0.658333182335, 0.367789775133, 0.13107162714, 0.0476557761431, 0.0153692504391, 0.00414967071265, 0.00123887648806, 0.000485953380121, 0.000223701150389, 0.00010709981143, 5.46783048776e-05, 2.88394876407e-05, 1.29863210532e-05, 5.14428847964e-06, 1.13513226552e-06, 4.92467506774e-06, 1.19995829664e-05],
        "dmean2": [0.314769804478, 2.67616248131, 5.38449764252, 5.14441108704, 10.9842729568, 30.8744716644, 12.1063213348, 1.92114806175, 8.37599849701, 14.9192991257, 10.5834302902, 17.066865921, 14.9823875427, 5.75306892395, 4.62912368774, 5.02136468887, 3.25459694862, 3.22257661819, 4.59030199051, 4.70270681381, 3.03207945824, 1.97753083706, 1.34697055817, 1.05718100071, 0.596035122871, 0.213374465704, 0.0795021280646, 0.0261860825121, 0.00688469037414, 0.00199939636514, 0.00078177038813, 0.000372529233573, 0.00018641682982, 9.18544756132e-05, 4.94351006637e-05, 2.23653405556e-05, 8.53328583617e-06, 1.99660144062e-06, 7.71036684455e-06, 1.88799604075e-05],
        "dvar": [0.108594365418, 8.15892982483, 23.2606258392, 19.17253685, 163.208938599, 752.415405273, 283.036590576, 3.88918185234, 183.155014038, 249.081039429, 410.575378418, 291.508789062, 246.477081299, 84.6467437744, 32.3454170227, 14.667599678, 21.8246536255, 11.7312841415, 44.8513870239, 25.3561687469, 10.322520256, 4.35346603394, 1.47980010509, 0.843799233437, 0.338532954454, 0.0324062779546, 0.00646058004349, 0.000891535484698, 6.19662096142e-05, 1.60760973813e-05, 5.03030696564e-06, 1.11035262762e-06, 1.16495726843e-07, 1.73351200061e-08, 6.07347283577e-09, 2.7072049047e-09, 8.95621563024e-11, 1.51584268141e-12, 3.82416945333e-11, 2.30045857363e-10],
        "dvar2": [0.269262731075, 20.5893592834, 62.3061828613, 45.7930107117, 381.819671631, 1441.08520508, 849.084716797, 10.7749919891, 457.346191406, 287.919952393, 776.698486328, 508.663848877, 405.967590332, 178.261856079, 71.0594406128, 35.3211097717, 37.7360153198, 26.8945446014, 112.501106262, 60.6991348267, 21.7493591309, 11.2671899796, 3.97356772423, 2.08667850494, 0.928145110607, 0.0781519114971, 0.018290951848, 0.00280956318602, 0.000176682980964, 3.67416796507e-05, 1.20042477647e-05, 2.41489397013e-06, 2.70510923883e-07, 4.53569981573e-08, 1.64159583704e-08, 7.61410845485e-09, 2.472995142e-10, 4.40731826035e-12, 9.95632465361e-11, 5.98816662922e-10],
        "max": [3.57988452911, 25.606420517, 40.2756347656, 43.5965156555, 164.784317017, 467.610076904, 244.002929688, 38.2348556519, 284.996795654, 221.972229004, 428.266845703, 214.930358887, 201.246490479, 210.912139893, 119.289169312, 56.1733360291, 132.728393555, 78.7128448486, 144.756118774, 94.6792678833, 76.2032928467, 43.8004112244, 23.4986801147, 16.1664428711, 10.9715394974, 3.61400389671, 1.53724944592, 0.528135180473, 0.142391622066, 0.0973353609443, 0.0538749843836, 0.0240373518318, 0.00596274854615, 0.00227695447393, 0.00120029633399, 0.00105026608799, 0.000196208085981, 1.21331841001e-05, 6.3076535298e-05, 0.000154395835125],
        "mean": [0.526101112366, 3.68590307236, 7.61890935898, 8.38064289093, 21.0669670105, 74.1711807251, 23.5212345123, 4.30696868896, 15.6883792877, 39.6740074158, 21.2597866058, 33.0669021606, 32.8377037048, 12.5957975388, 8.22737121582, 8.10153961182, 6.10589313507, 5.96895074844, 7.0945482254, 7.13174200058, 5.2214512825, 3.4765958786, 2.50378417969, 1.94835448265, 1.10236763954, 0.435776889324, 0.14749352634, 0.0438364930451, 0.0106081692502, 0.00281457672827, 0.0012955586426, 0.000609873968642, 0.000284361478407, 0.0001298464922, 6.29424976069e-05, 3.04436580336e-05, 1.62280794029e-05, 2.50621701525e-06, 2.22974358621e-05, 5.34020000487e-05],
        "median": [0.292583703995, 2.01932621002, 4.31202507019, 5.3753156662, 14.1767730713, 47.1893768311, 11.8984727859, 2.94474601746, 8.77688884735, 20.4155769348, 8.58487701416, 19.4006576538, 18.941701889, 5.57071495056, 4.72783565521, 6.08027362823, 3.8362698555, 3.66913676262, 3.37308287621, 4.1589012146, 3.03219747543, 2.28096866608, 1.633253932, 1.17307496071, 0.650844275951, 0.253431290388, 0.0853849127889, 0.0261338371783, 0.00653241109103, 0.00190476956777, 0.00104055553675, 0.000529464217834, 0.000255951075815, 0.000119037955301, 5.57811254112e-05, 2.70509699476e-05, 1.56549722305e-05, 2.19680418923e-06, 2.26033007493e-05, 5.39727407158e-05],
        "min": [1.01078420171e-22, 7.00466579545e-22, 2.57754345828e-21, 1.04982217131e-20, 1.02698188899e-20, 7.04515349955e-20, 1.18472322847e-19, 8.23755180088e-20, 2.15437549103e-19, 4.29758921367e-19, 4.70990798825e-19, 7.25612604403e-19, 5.09886485588e-19, 1.14727221265e-18, 1.31287273731e-18, 8.79951116719e-19, 1.50751702084e-18, 3.36376656369e-18, 3.80407335618e-18, 4.39962395848e-18, 5.92307433907e-18, 6.47956671361e-18, 7.49681151064e-18, 1.00357108792e-17, 7.14968185786e-18, 1.03014608489e-17, 1.34051765105e-17, 1.09318030814e-17, 1.29363942322e-17, 1.38384388261e-17, 9.98622149029e-18, 1.29358276135e-17, 1.38412512402e-17, 9.51001278446e-18, 6.6865004195e-18, 4.74572997525e-18, 2.42129806685e-18, 9.95933625922e-19, 2.40633276691e-19, 3.05191615111e-20],
        "stdev": [0.588834226131, 4.32023382187, 8.43222522736, 8.53092670441, 22.5409202576, 80.945022583, 33.2295799255, 4.49729967117, 27.1907730103, 44.5492134094, 49.7639312744, 35.5694389343, 36.8371925354, 25.3994312286, 11.9049196243, 7.84692239761, 10.4678211212, 8.93870449066, 13.9796066284, 10.1514034271, 8.30747127533, 4.67695713043, 2.98325252533, 2.28804445267, 1.28456473351, 0.502653598785, 0.184603348374, 0.0550621822476, 0.0139263859019, 0.00488589936867, 0.00234117894433, 0.0011099196272, 0.000370123656467, 0.000147709011799, 7.98833061708e-05, 4.5239332394e-05, 1.09491338662e-05, 1.66590439221e-06, 1.07690229925e-05, 2.60580636677e-05],
        "var": [0.34672576189, 18.6644191742, 71.1024246216, 72.7767105103, 508.093078613, 6552.09716797, 1104.20507812, 20.2257022858, 739.338134766, 1984.63232422, 2476.44897461, 1265.18493652, 1356.97875977, 645.131103516, 141.727111816, 61.5741920471, 109.575286865, 79.9004440308, 195.429412842, 103.050987244, 69.0140762329, 21.8739299774, 8.89979553223, 5.23514795303, 1.65010654926, 0.252660632133, 0.0340783968568, 0.00303184404038, 0.000193944215425, 2.38720131165e-05, 5.4811193877e-06, 1.23192148749e-06, 1.36991531008e-07, 2.18179518896e-08, 6.38134300956e-09, 2.046597114e-09, 1.19883533656e-10, 2.77523750508e-12, 1.15971864056e-10, 6.79022726935e-10]
    },
    "gfcc": {
        "mean": [-142.940261841, 231.381851196, -124.39691925, 15.3111505508, -6.84717273712, -27.2356185913, -4.40989160538, -4.70564508438, -8.26393604279, -15.7833251953, -4.89636993408, -17.9676036835, 2.66638851166],
        "cov": [[36085.5, 7552.83154297, -3710.40136719, 111.4141922, -113.305366516, -1247.99609375, -109.946113586, -195.33946228, -6.57674407959, -416.177429199, -51.3649978638, -605.34967041, 316.614135742], [7552.83154297, 1861.20629883, -647.139953613, 34.1643981934, 68.0911254883, -226.758895874, 36.3084564209, -68.6186828613, -17.1703662872, -129.632369995, 16.4473266602, -111.460876465, 43.6745605469], [-3710.40136719, -647.139953613, 766.031738281, 8.35768985748, 202.789016724, 253.208511353, 78.6530609131, 48.081035614, 8.25625896454, 34.3367652893, 27.7605304718, 71.5814208984, -48.4093742371], [111.4141922, 34.1643981934, 8.35768985748, 75.407913208, 32.7735519409, 23.9551315308, 10.1478891373, 0.12951079011, 0.365857720375, -1.1236011982, 0.6527556777, -6.6990942955, -9.57522964478], [-113.305366516, 68.0911254883, 202.789016724, 32.7735519409, 153.943405151, 98.8388061523, 58.3417396545, 8.41910743713, 6.59142255783, 3.76512432098, 21.136384964, 13.6536750793, -14.5256814957], [-1247.99609375, -226.758895874, 253.208511353, 23.9551315308, 98.8388061523, 184.138809204, 57.3371276855, 24.9112968445, 3.01780867577, 17.5157470703, 19.3051509857, 32.0569763184, -37.6683540344], [-109.946113586, 36.3084564209, 78.6530609131, 10.1478891373, 58.3417396545, 57.3371276855, 74.7233047485, 29.5702400208, 22.1995716095, 12.2168397903, 17.0065822601, 16.0357055664, -10.3713312149], [-195.33946228, -68.6186828613, 48.081035614, 0.12951079011, 8.41910743713, 24.9112968445, 29.5702400208, 61.8449325562, 36.6515159607, 27.0966815948, 6.69598674774, 1.8244831562, 0.315989643335], [-6.57674407959, -17.1703662872, 8.25625896454, 0.365857720375, 6.59142255783, 3.01780867577, 22.1995716095, 36.6515159607, 60.0855445862, 40.4739685059, 13.9683818817, 4.94347715378, 10.7222595215], [-416.177429199, -129.632369995, 34.3367652893, -1.1236011982, 3.76512432098, 17.5157470703, 12.2168397903, 27.0966815948, 40.4739685059, 58.3664932251, 18.5161685944, 16.1162872314, 9.4101896286], [-51.3649978638, 16.4473266602, 27.7605304718, 0.6527556777, 21.136384964, 19.3051509857, 17.0065822601, 6.69598674774, 13.9683818817, 18.5161685944, 36.1253852844, 21.7837791443, 4.73502874374], [-605.34967041, -111.460876465, 71.5814208984, -6.6990942955, 13.6536750793, 32.0569763184, 16.0357055664, 1.8244831562, 4.94347715378, 16.1162872314, 21.7837791443, 49.7588157654, 8.28509140015], [316.614135742, 43.6745605469, -48.4093742371, -9.57522964478, -14.5256814957, -37.6683540344, -10.3713312149, 0.315989643335, 10.7222595215, 9.4101896286, 4.73502874374, 8.28509140015, 40.3316917419]],
        "icov": [[0.000519687484484, -0.00188085879199, 0.00116300885566, 0.000158968992764, -0.000828308984637, -0.000625825836323, 0.00169533817098, -0.00178455805872, 0.000680020835716, -0.00127600017004, 0.00122769770678, 0.000614385062363, -0.00119554041885], [-0.00188085879199, 0.00938533898443, -0.00168787757866, 7.91568381828e-05, -0.00186564296018, 0.00416575558484, -0.00835308525711, 0.00714550353587, -0.00438369438052, 0.0108448043466, -0.00921982340515, 0.00128771550953, 0.00306261400692], [0.00116300885566, -0.00168787757866, 0.00860620755702, 0.00266060535796, -0.0108378184959, -0.00181506364606, 0.00443843845278, -0.00610390957445, 0.000266007788014, 0.0023988680914, 0.000733677239623, 0.000415972492192, -0.00155195477419], [0.000158968992764, 7.91568381828e-05, 0.00266060535796, 0.0162542257458, -0.00644909217954, -0.00160153745674, 0.00151354481932, -0.000572851335164, -0.000660781108309, 0.000314974604407, 0.000326450361172, 0.00231405091472, 0.00188249442726], [-0.000828308984637, -0.00186564296018, -0.0108378184959, -0.00644909217954, 0.0294840037823, -0.00667145149782, -0.00959660764784, 0.00946480501443, 0.000661391823087, -0.00642263283953, -0.00072715600254, 0.00229127216153, -0.00323342555203], [-0.000625825836323, 0.00416575558484, -0.00181506364606, -0.00160153745674, -0.00667145149782, 0.0179906655103, -0.00671740062535, -0.000695424329024, 0.00240159151144, 0.00174696324393, -0.00457833101973, -0.00406238529831, 0.0108469380066], [0.00169533817098, -0.00835308525711, 0.00443843845278, 0.00151354481932, -0.00959660764784, -0.00671740062535, 0.0382488630712, -0.018534630537, -0.00371416285634, -0.00298444204964, 0.00654600281268, -0.0113010713831, 0.00491089839488], [-0.00178455805872, 0.00714550353587, -0.00610390957445, -0.000572851335164, 0.00946480501443, -0.000695424329024, -0.018534630537, 0.040480364114, -0.0176023002714, 0.00290390709415, -0.00462237978354, 0.00828295666724, -0.000671749585308], [0.000680020835716, -0.00438369438052, 0.000266007788014, -0.000660781108309, 0.000661391823087, 0.00240159151144, -0.00371416285634, -0.0176023002714, 0.0486603863537, -0.031331397593, 0.0019872635603, 0.00342606916092, -0.0053282068111], [-0.00127600017004, 0.0108448043466, 0.0023988680914, 0.000314974604407, -0.00642263283953, 0.00174696324393, -0.00298444204964, 0.00290390709415, -0.031331397593, 0.0591953471303, -0.0237536560744, 0.00174064747989, -0.00329517782666], [0.00122769770678, -0.00921982340515, 0.000733677239623, 0.000326450361172, -0.00072715600254, -0.00457833101973, 0.00654600281268, -0.00462237978354, 0.0019872635603, -0.0237536560744, 0.0596056506038, -0.0243689119816, 0.00150802917778], [0.000614385062363, 0.00128771550953, 0.000415972492192, 0.00231405091472, 0.00229127216153, -0.00406238529831, -0.0113010713831, 0.00828295666724, 0.00342606916092, 0.00174064747989, -0.0243689119816, 0.0485118702054, -0.0195302292705], [-0.00119554041885, 0.00306261400692, -0.00155195477419, 0.00188249442726, -0.00323342555203, 0.0108469380066, 0.00491089839488, -0.000671749585308, -0.0053282068111, -0.00329517782666, 0.00150802917778, -0.0195302292705, 0.045701880008]]
    },
    "melbands": {
        "dmean": [0.0018525213236, 0.00168672739528, 0.000610727991443, 0.00104066706263, 0.00046656106133, 3.06456604449e-05, 0.000104231221485, 0.000122945319163, 5.16017134942e-05, 0.000105635619548, 6.19557831669e-05, 1.73705866473e-05, 1.03784168459e-05, 8.46235707286e-06, 8.48908257467e-06, 4.9956379371e-06, 4.13230191043e-06, 5.57078101338e-06, 3.67850475413e-06, 2.83471308649e-06, 2.40176063926e-06, 1.74544823039e-06, 9.61852833825e-07, 8.76610727119e-07, 6.05695447575e-07, 3.73068587578e-07, 2.04031067597e-07, 8.46971701662e-08, 3.94953012517e-08, 1.81691923729e-08, 7.24436421962e-09, 2.86613799361e-09, 1.35214095476e-09, 5.49788825577e-10, 3.24071297575e-10, 2.20247792226e-10, 1.18673168514e-10, 8.48261322295e-11, 6.02882119227e-11, 4.50892587156e-11],
        "dmean2": [0.00292358244769, 0.00270926230587, 0.000932503840886, 0.00145205215085, 0.000651121430565, 4.68180551252e-05, 0.000140648829984, 0.000147731683683, 8.06344905868e-05, 0.000131684180815, 7.89438345237e-05, 2.59462849499e-05, 1.55972047651e-05, 1.28149222292e-05, 1.25694868984e-05, 7.79960555519e-06, 6.26653309155e-06, 8.97255540622e-06, 5.95921710556e-06, 4.47464981335e-06, 3.74995738639e-06, 2.73487489721e-06, 1.56977603183e-06, 1.51035123963e-06, 9.75557213678e-07, 6.12726978488e-07, 3.39201989163e-07, 1.41455160474e-07, 6.75638531789e-08, 3.18082129525e-08, 1.23000303276e-08, 4.82577711125e-09, 2.31398655792e-09, 8.81275830089e-10, 5.2880649859e-10, 3.61951552064e-10, 2.00623254121e-10, 1.4526617409e-10, 1.06000347389e-10, 7.50007209116e-11],
        "dvar": [1.01973637356e-05, 6.78192100168e-06, 7.72381611114e-07, 1.40989436659e-06, 4.82679752167e-07, 2.80389178542e-09, 3.67771804122e-08, 2.14154312062e-08, 2.00451761856e-08, 1.89735516187e-08, 6.95722013333e-09, 1.94503724238e-09, 2.48166043271e-10, 2.42237924164e-10, 2.14750009442e-10, 4.56080798128e-11, 5.90916829357e-11, 1.6452086915e-10, 2.79935571251e-11, 3.05528415068e-11, 2.21415195206e-11, 8.84812709212e-12, 1.96409295078e-12, 1.83491004509e-12, 7.10478659412e-13, 3.72208936849e-13, 1.1170711166e-13, 1.47011089147e-14, 4.32705002336e-15, 1.3285765776e-15, 1.70396095987e-16, 2.47516047011e-17, 9.2660739131e-18, 4.94136646193e-18, 2.14468287295e-18, 5.97013988195e-19, 3.41829648102e-19, 7.19236709166e-20, 2.64926514688e-20, 8.76032655528e-21],
        "dvar2": [2.5224087949e-05, 1.76777648448e-05, 1.77080607955e-06, 3.4261277051e-06, 1.23922711737e-06, 7.57012053043e-09, 8.51822221648e-08, 3.0620821434e-08, 3.82301337254e-08, 3.22289572807e-08, 1.14190861211e-08, 4.17220658022e-09, 5.3902410313e-10, 5.96219684734e-10, 3.32048000207e-10, 1.00219547938e-10, 1.37857503191e-10, 4.21266799222e-10, 6.87241860642e-11, 6.93654508832e-11, 4.33950236856e-11, 2.29946114233e-11, 5.02929989321e-12, 5.25467343249e-12, 1.75035886393e-12, 1.0474968332e-12, 3.27445563069e-13, 3.96560124419e-14, 1.18282763955e-14, 4.31269408545e-15, 5.17962500131e-16, 6.98699214042e-17, 2.3661460063e-17, 1.17399783922e-17, 5.22997887663e-18, 1.3721915134e-18, 7.15419050919e-19, 1.66297760366e-19, 7.36902378993e-20, 2.22251022884e-20],
        "max": [0.0314962528646, 0.0225635394454, 0.00978060625494, 0.0173253882676, 0.00821559969336, 0.00111801177263, 0.00402431143448, 0.001998138614, 0.00283827842213, 0.00183690595441, 0.00106177164707, 0.0010252322536, 0.000270139164058, 0.000329721427988, 0.000462383090053, 0.000125070626382, 0.000169605962583, 0.000277717190329, 8.098516264e-05, 0.000114065274829, 0.000110859320557, 5.60402477277e-05, 2.20419206016e-05, 2.512590072e-05, 1.2182030332e-05, 1.01506702777e-05, 5.56901613891e-06, 2.21173695536e-06, 1.2598052308e-06, 6.28400300684e-07, 2.07297588872e-07, 8.18325958107e-08, 5.32584323309e-08, 5.44889005027e-08, 3.48321798072e-08, 1.78678849494e-08, 1.28316575143e-08, 4.98534591387e-09, 2.49258613749e-09, 1.61396529474e-09],
        "mean": [0.00466603878886, 0.00425246637315, 0.00170722079929, 0.00334273837507, 0.00145762821194, 9.0829867986e-05, 0.000301865948131, 0.000382903439458, 0.000144732548506, 0.000251458957791, 0.000173096603248, 5.39628308616e-05, 2.63289948634e-05, 2.12409577216e-05, 2.02419341804e-05, 1.14774902613e-05, 1.0993637261e-05, 1.27948151203e-05, 8.81444066181e-06, 7.6146666288e-06, 5.83012433708e-06, 3.96517361878e-06, 2.43189174398e-06, 2.14199826587e-06, 1.53661960667e-06, 9.58899249781e-07, 5.12230144523e-07, 2.386576341e-07, 1.05323245236e-07, 4.29196198581e-08, 1.82403354643e-08, 6.27724405788e-09, 2.38953457021e-09, 1.1390894894e-09, 7.61999685572e-10, 5.05703812159e-10, 2.93154667208e-10, 1.92475771432e-10, 1.22958698778e-10, 7.46472120228e-11],
        "median": [0.00271231308579, 0.00275822472759, 0.00112202065066, 0.00251470552757, 0.000783589435741, 5.65020745853e-05, 0.000171244479134, 0.000204209529329, 4.54981200164e-05, 0.000137811031891, 9.68110398389e-05, 1.89548518392e-05, 1.64096618391e-05, 1.42167409649e-05, 1.28069104903e-05, 8.23445770948e-06, 6.25864595349e-06, 5.47287800146e-06, 5.28363761987e-06, 4.72475403512e-06, 3.33030038746e-06, 2.50059929385e-06, 1.56663736561e-06, 1.25761278014e-06, 9.05646174942e-07, 5.88022430748e-07, 2.88543930083e-07, 1.33087254994e-07, 5.97483165166e-08, 2.47962610445e-08, 1.08745839e-08, 3.84263154629e-09, 1.43500233918e-09, 7.90070064927e-10, 5.91543036776e-10, 4.33197810956e-10, 2.48125076041e-10, 1.65255989448e-10, 1.11430760452e-10, 6.05599737025e-11],
        "min": [8.14975159412e-25, 1.52278040941e-24, 1.96492432501e-24, 2.14611502532e-24, 4.65696462333e-24, 2.51458209338e-24, 3.18217180607e-24, 5.2725766854e-24, 3.06728230105e-24, 5.01281425564e-24, 2.19346541508e-24, 4.12201911083e-24, 4.37882449549e-24, 1.6234052385e-24, 2.50167632897e-24, 4.25068626878e-24, 5.4442616118e-24, 5.07508417449e-24, 3.7313523136e-24, 5.77640124075e-24, 6.79112919479e-24, 7.01488170194e-24, 5.61183302301e-24, 6.53944943386e-24, 7.78407946024e-24, 5.65825157083e-24, 4.94027731212e-24, 6.20282670839e-24, 7.89352523337e-24, 4.40855666301e-24, 4.84745047168e-24, 6.50527045742e-24, 6.24389756813e-24, 8.15714992612e-24, 4.51402342173e-24, 6.48164801762e-24, 7.44470518793e-24, 9.51920032052e-24, 8.64612693594e-24, 7.25586372013e-24],
