{
"metadata": {
    "version": {
        "essentia": "2.1-beta6-dev",
        "essentia_git_sha": "v2.1_beta5-778-gc9eadba6",
        "extractor": "music 2.0"
    },
    "audio_properties": {
        "analysis": {
            "equal_loudness": 0,
            "length": 8.99997711182,
            "sample_rate": 44100,
            "start_time": 0,
            "downmix": "mix"
        },
        "bit_rate": 128000,
        "length": 9,
        "lossless": 0,
        "number_channels": 2,
        "replay_gain": -10.9049739838,
        "sample_rate": 48000,
        "codec": "mp3",
        "md5_encoded": "95ec346234ba8648630bb1e4a60ff4e3"
    },
    "tags": {
        "file_name": "lorn-acidrain2.mp3",
        "encoding": ["Lavf59.16.100"]
    }
},
"lowlevel": {
    "average_loudness": 0.976139187813,
    "barkbands_crest": {
        "dmean": 2.04635262489,
        "dmean2": 3.17257738113,
        "dvar": 3.53457951546,
        "dvar2": 8.30594921112,
        "max": 21.0291137695,
        "mean": 8.32983779907,
        "median": 7.21730518341,
        "min": 2.49084830284,
        "stdev": 3.78446292877,
        "var": 14.3221597672
    },
    "barkbands_flatness_db": {
        "dmean": 0.0132654327899,
        "dmean2": 0.0195453204215,
        "dvar": 0.000119838405226,
        "dvar2": 0.000229100332945,
        "max": 0.287706255913,
        "mean": 0.180814608932,
        "median": 0.175996974111,
        "min": 0.0706475898623,
        "stdev": 0.0315731689334,
        "var": 0.000996864982881
    },
    "barkbands_kurtosis": {
        "dmean": 0.562723577023,
        "dmean2": 0.822885334492,
        "dvar": 0.262146711349,
        "dvar2": 0.60806709528,
        "max": 4.27897548676,
        "mean": 0.126546218991,
        "median": -0.162920713425,
        "min": -1.40355873108,
        "stdev": 1.01600158215,
        "var": 1.03225922585
    },
    "barkbands_skewness": {
        "dmean": 0.244684159756,
        "dmean2": 0.356764376163,
        "dvar": 0.0466594733298,
        "dvar2": 0.101556710899,
        "max": 1.69793617725,
        "mean": 0.0358332619071,
        "median": 0.00979696121067,
        "min": -1.7046135664,
        "stdev": 0.455515354872,
        "var": 0.207494243979
    },
    "barkbands_spread": {
        "dmean": 3.06501531601,
        "dmean2": 4.40099239349,
        "dvar": 7.2253985405,
        "dvar2": 15.1205415726,
        "max": 40.2416152954,
        "mean": 17.5684509277,
        "median": 16.8088626862,
        "min": 6.85692214966,
        "stdev": 5.75358247757,
        "var": 33.1037101746
    },
    "dissonance": {
        "dmean": 0.0165583379567,
        "dmean2": 0.0279182661325,
        "dvar": 0.000355547264917,
        "dvar2": 0.000904983608052,
        "max": 0.499953627586,
        "mean": 0.465803533792,
        "median": 0.471168488264,
        "min": 0.292658567429,
        "stdev": 0.0257996730506,
        "var": 0.000665623170789
    },
    "dynamic_complexity": 2.18743991852,
    "erbbands_crest": {
        "dmean": 2.36907529831,
        "dmean2": 3.78777074814,
        "dvar": 3.89430379868,
        "dvar2": 9.83784484863,
        "max": 23.8648853302,
        "mean": 9.31893444061,
        "median": 8.32296848297,
        "min": 3.0765402317,
        "stdev": 3.98964571953,
        "var": 15.9172725677
    },
    "erbbands_flatness_db": {
        "dmean": 0.0119046755135,
        "dmean2": 0.016689280048,
        "dvar": 0.000147418584675,
        "dvar2": 0.000221977272304,
        "max": 0.3558370471,
        "mean": 0.273633897305,
        "median": 0.272436648607,
        "min": 0.0950587764382,
        "stdev": 0.0290005933493,
        "var": 0.000841034401674
    },
    "erbbands_kurtosis": {
        "dmean": 0.528781712055,
        "dmean2": 0.822289705276,
        "dvar": 0.245063528419,
        "dvar2": 0.625635206699,
        "max": 3.80281305313,
        "mean": -0.11402284354,
        "median": -0.232576131821,
        "min": -1.49775707722,
        "stdev": 0.699856638908,
        "var": 0.4897993505
    },
    "erbbands_skewness": {
        "dmean": 0.292230695486,
        "dmean2": 0.446756452322,
        "dvar": 0.057574570179,
        "dvar2": 0.137598335743,
        "max": 1.46798801422,
        "mean": 0.175688907504,
        "median": 0.14895285666,
        "min": -1.02468919754,
        "stdev": 0.477233409882,
        "var": 0.227751731873
    },
    "erbbands_spread": {
        "dmean": 2.93263888359,
        "dmean2": 4.30723285675,
        "dvar": 6.23261642456,
        "dvar2": 13.4708395004,
        "max": 39.2929534912,
        "mean": 18.2572994232,
        "median": 18.0101203918,
        "min": 6.71701383591,
        "stdev": 4.16761827469,
        "var": 17.3690433502
    },
    "hfc": {
        "dmean": 4.89438915253,
        "dmean2": 7.59149980545,
        "dvar": 26.8339347839,
        "dvar2": 58.4826774597,
        "max": 89.8418655396,
        "mean": 25.3837242126,
        "median": 23.8649158478,
        "min": 1.20128581625e-16,
        "stdev": 14.870434761,
        "var": 221.129821777
    },
    "loudness_ebu128": {
        "integrated": -10.1857624054,
        "loudness_range": 1.08429908752,
        "momentary": {
            "dmean": 0.50624525547,
            "dmean2": 0.22329197824,
            "dvar": 0.468586623669,
            "dvar2": 0.0345637202263,
            "max": -7.51648521423,
            "mean": -10.9486646652,
            "median": -10.0378704071,
            "min": -24.7657604218,
            "stdev": 2.96554899216,
            "var": 8.79448127747
        },
        "short_term": {
            "dmean": 0.070649035275,
            "dmean2": 0.0257233437151,
            "dvar": 0.00282399938442,
            "dvar2": 0.000379416247597,
            "max": -9.38652420044,
            "mean": -10.1691274643,
            "median": -10.2759828568,
            "min": -10.8947477341,
            "stdev": 0.378565907478,
            "var": 0.143312141299
        }
    },
    "melbands_crest": {
        "dmean": 2.1952393055,
        "dmean2": 3.3346555233,
        "dvar": 4.12740325928,
        "dvar2": 8.67655563354,
        "max": 24.0705242157,
        "mean": 9.75922679901,
        "median": 8.58148288727,
        "min": 2.71831679344,
        "stdev": 4.37262105942,
        "var": 19.1198139191
    },
    "melbands_flatness_db": {
        "dmean": 0.0134068354964,
        "dmean2": 0.0182812511921,
        "dvar": 0.00020073192718,
        "dvar2": 0.000354081421392,
        "max": 0.304362595081,
        "mean": 0.189768150449,
        "median": 0.186880752444,
        "min": 0.00703022768721,
        "stdev": 0.0376242697239,
        "var": 0.00141558574978
    },
    "melbands_kurtosis": {
        "dmean": 0.712091982365,
        "dmean2": 1.08352577686,
        "dvar": 0.90371119976,
        "dvar2": 2.13800406456,
        "max": 9.58975791931,
        "mean": 0.602986454964,
        "median": 0.17942237854,
        "min": -1.32859790325,
        "stdev": 1.5480312109,
        "var": 2.39640045166
    },
    "melbands_skewness": {
        "dmean": 0.256471186876,
        "dmean2": 0.384273648262,
        "dvar": 0.0527713634074,
        "dvar2": 0.12081938982,
        "max": 3.07652568817,
        "mean": 0.418568432331,
        "median": 0.388627797365,
        "min": -0.446757733822,
        "stdev": 0.43308147788,
        "var": 0.187559559941
    },
    "melbands_spread": {
        "dmean": 5.84610414505,
        "dmean2": 8.4409532547,
        "dvar": 46.504535675,
        "dvar2": 77.7190704346,
        "max": 126.165748596,
        "mean": 32.3370361328,
        "median": 31.5447597504,
        "min": 9.19873428345,
        "stdev": 11.5455369949,
        "var": 133.299423218
    },
    "pitch_salience": {
        "dmean": 0.0567916594446,
        "dmean2": 0.0875487327576,
        "dvar": 0.00225429050624,
        "dvar2": 0.00600793445483,
        "max": 0.80707103014,
        "mean": 0.594957351685,
        "median": 0.596997141838,
        "min": 0.309589654207,
        "stdev": 0.0873748287559,
        "var": 0.00763436080888
    },
    "silence_rate_20dB": {
        "dmean": 0,
        "dmean2": 0,
        "dvar": 0,
        "dvar2": 0,
        "max": 1,
        "mean": 1,
        "median": 1,
        "min": 1,
        "stdev": 0,
        "var": 0
    },
    "silence_rate_30dB": {
        "dmean": 0,
        "dmean2": 0,
        "dvar": 0,
        "dvar2": 0,
        "max": 1,
        "mean": 1,
        "median": 1,
        "min": 1,
        "stdev": 0,
        "var": 0
    },
    "silence_rate_60dB": {
        "dmean": 0.00515463901684,
        "dmean2": 0.0103359175846,
        "dvar": 0.00512808188796,
        "dvar2": 0.0102290678769,
        "max": 1,
        "mean": 0.0874035954475,
        "median": 0,
        "min": 0,
        "stdev": 0.282424867153,
        "var": 0.0797637999058
    },
    "spectral_centroid": {
        "dmean": 184.602386475,
        "dmean2": 272.382354736,
        "dvar": 233403.171875,
        "dvar2": 266413.53125,
        "max": 10797.7626953,
        "mean": 1754.00085449,
        "median": 1727.08959961,
        "min": 899.086730957,
        "stdev": 559.856323242,
        "var": 313439.09375
    },
    "spectral_complexity": {
        "dmean": 2.6443297863,
        "dmean2": 4.23772621155,
        "dvar": 5.22401332855,
        "dvar2": 13.6695756912,
        "max": 54,
        "mean": 22.14909935,
        "median": 23,
        "min": 0,
        "stdev": 7.8490486145,
        "var": 61.6075668335
    },
    "spectral_decrease": {
        "dmean": 9.43836453438e-10,
        "dmean2": 1.32800948016e-09,
        "dvar": 1.03299142076e-18,
        "dvar2": 2.30012582648e-18,
        "max": 3.0205845895e-29,
        "mean": -5.15269382717e-09,
        "median": -5.10898168216e-09,
        "min": -1.54875809955e-08,
        "stdev": 2.74228506569e-09,
        "var": 7.52012725057e-18
    },
    "spectral_energy": {
        "dmean": 0.00393620831892,
        "dmean2": 0.00559817487374,
        "dvar": 1.729458927e-05,
        "dvar2": 3.81562385883e-05,
        "max": 0.0643546357751,
        "mean": 0.0217498354614,
        "median": 0.0214435439557,
        "min": 1.07820076712e-20,
        "stdev": 0.0115538639948,
        "var": 0.000133491776069
    },
    "spectral_energyband_high": {
        "dmean": 0.000111794186523,
        "dmean2": 0.000190769773326,
        "dvar": 9.68743307794e-08,
        "dvar2": 2.2750745643e-07,
        "max": 0.00465618539602,
        "mean": 0.000258580374066,
        "median": 0.000174120956217,
        "min": 7.43983287374e-21,
        "stdev": 0.000398966949433,
        "var": 1.59174632586e-07
    },
    "spectral_energyband_low": {
        "dmean": 0.000683534832206,
        "dmean2": 0.00117034767754,
        "dvar": 7.52158075557e-06,
        "dvar2": 2.14584615605e-05,
        "max": 0.0436968691647,
        "mean": 0.00163436948787,
        "median": 0.00111170473974,
        "min": 6.61601800882e-23,
        "stdev": 0.00259688217193,
        "var": 6.74379725751e-06
    },
    "spectral_energyband_middle_high": {
        "dmean": 0.00324742333032,
        "dmean2": 0.00463338987902,
        "dvar": 1.10198934635e-05,
        "dvar2": 2.07063785638e-05,
        "max": 0.0587486214936,
        "mean": 0.0131991459057,
        "median": 0.0116451112553,
        "min": 1.64512400469e-21,
        "stdev": 0.00886503513902,
        "var": 7.85888478276e-05
    },
    "spectral_energyband_middle_low": {
        "dmean": 0.001826683525,
        "dmean2": 0.00241513946094,
        "dvar": 4.75258320876e-06,
        "dvar2": 6.8048166213e-06,
        "max": 0.0317760072649,
        "mean": 0.00672637950629,
        "median": 0.00532985804603,
        "min": 4.45638657764e-22,
        "stdev": 0.00558026041836,
        "var": 3.11393050652e-05
    },
    "spectral_entropy": {
        "dmean": 0.0938534364104,
        "dmean2": 0.134100809693,
        "dvar": 0.0170898530632,
        "dvar2": 0.0213744249195,
        "max": 9.79946327209,
        "mean": 7.29904270172,
        "median": 7.30728960037,
        "min": 6.60954093933,
        "stdev": 0.277651309967,
        "var": 0.0770902484655
    },
    "spectral_flux": {
        "dmean": 0.0108080944046,
        "dmean2": 0.0179119370878,
        "dvar": 0.000123803940369,
        "dvar2": 0.000305175693939,
        "max": 0.188899725676,
        "mean": 0.06257917732,
        "median": 0.0635391026735,
        "min": 1.03836446386e-10,
        "stdev": 0.0227010473609,
        "var": 0.000515337509569
    },
    "spectral_kurtosis": {
        "dmean": 4.5560426712,
        "dmean2": 8.14802074432,
        "dvar": 14.4250688553,
        "dvar2": 43.0853118896,
        "max": 30.2718505859,
        "mean": 6.28957033157,
        "median": 5.68879795074,
        "min": -1.16872417927,
        "stdev": 4.17334461212,
        "var": 17.4168071747
    },
    "spectral_rms": {
        "dmean": 0.000403711514082,
        "dmean2": 0.000567124632653,
        "dvar": 1.28101305563e-07,
        "dvar2": 2.79690965499e-07,
        "max": 0.00792369898409,
        "mean": 0.00435923226178,
        "median": 0.00457389652729,
        "min": 3.24330579754e-12,
        "stdev": 0.00148877187166,
        "var": 2.21644177145e-06
    },
    "spectral_rolloff": {
        "dmean": 303.962127686,
        "dmean2": 473.451629639,
        "dvar": 815909.875,
        "dvar2": 894852.4375,
        "max": 19272.2167969,
        "mean": 2023.62341309,
        "median": 1959.52148438,
        "min": 839.794921875,
        "stdev": 989.806396484,
        "var": 979716.75
    },
    "spectral_skewness": {
        "dmean": 0.412717342377,
        "dmean2": 0.736608326435,
        "dvar": 0.160683870316,
        "dvar2": 0.429694741964,
        "max": 4.27261352539,
        "mean": 1.21683323383,
        "median": 1.1501199007,
        "min": 0.0363057665527,
        "stdev": 0.413015216589,
        "var": 0.170581579208
    },
    "spectral_spread": {
        "dmean": 249080.6875,
        "dmean2": 340850.84375,
        "dvar": 3.31745565082e+12,
        "dvar2": 2.99809321779e+12,
        "max": 39604748,
        "mean": 2251082.75,
        "median": 2114489,
        "min": 1657369.75,
        "stdev": 1926394.125,
        "var": 3.71099435008e+12
    },
    "spectral_strongpeak": {
        "dmean": 0.898601651192,
        "dmean2": 1.42618513107,
        "dvar": 0.745822608471,
        "dvar2": 1.85229718685,
        "max": 8.56054782867,
        "mean": 2.32489418983,
        "median": 2.21410250664,
        "min": 2.39231190413e-09,
        "stdev": 1.48665487766,
        "var": 2.21014285088
    },
    "zerocrossingrate": {
        "dmean": 0.00598396221176,
        "dmean2": 0.00735449977219,
        "dvar": 0.000275456375675,
        "dvar2": 0.000292943732347,
        "max": 0.48876953125,
        "mean": 0.0658363774419,
        "median": 0.06494140625,
        "min": 0.0205078125,
        "stdev": 0.0259247329086,
        "var": 0.000672091788147
    },
    "barkbands": {
        "dmean": [3.16496443702e-05, 0.00057813472813, 0.000161612872034, 2.748177576e-05, 0.000348382513039, 0.000104613834992, 0.000328142225044, 0.0011085056467, 0.000748985796236, 0.00153573369607, 0.000912071962375, 0.000753569591325, 0.00100388680585, 0.000310964300297, 0.000753011903726, 0.000690845423378, 0.000405463855714, 0.000376029027393, 0.000225330717512, 0.000121797456814, 4.68055841338e-05, 2.1983147235e-05, 4.44614124717e-06, 1.98586167244e-06, 3.69055101146e-07, 3.65477283992e-08, 2.51470511081e-09],
        "dmean2": [5.46556912013e-05, 0.00101160851773, 0.000267304916633, 4.95182612212e-05, 0.000529679062311, 0.00016044874792, 0.000416973110987, 0.0012813109206, 0.00110901764128, 0.00207427330315, 0.0013267993927, 0.00115070282482, 0.00151104130782, 0.000511141377501, 0.00123260053806, 0.0012089262018, 0.000705300539266, 0.00064214062877, 0.000383721489925, 0.000197382440092, 8.29785785754e-05, 3.78682525479e-05, 7.64813830756e-06, 3.57007888852e-06, 6.45207194339e-07, 5.93300484297e-08, 4.30345448166e-09],
        "dvar": [5.49601297806e-09, 7.83556970418e-06, 8.20592376272e-08, 8.40921998702e-09, 3.11284082954e-07, 2.15580318041e-08, 3.04924157035e-07, 4.10286247643e-06, 1.2164787222e-06, 5.17405806022e-06, 1.74154092747e-06, 1.23017548503e-06, 3.23258245771e-06, 1.32455141966e-07, 9.04362650544e-07, 1.11165638828e-06, 5.66427502235e-07, 4.15341446569e-07, 9.1328530516e-08, 4.59331097602e-08, 1.01214698844e-08, 1.08431716939e-08, 4.62733962259e-10, 1.37758943142e-10, 5.91942944314e-12, 5.29180648953e-14, 1.82792132002e-16],
        "dvar2": [1.4103477497e-08, 2.33971913985e-05, 2.22704670705e-07, 2.54579362036e-08, 7.2247019034e-07, 5.08068467298e-08, 4.45744404942e-07, 4.62701973447e-06, 2.67375367002e-06, 9.80711774901e-06, 3.17340595757e-06, 2.63836432168e-06, 5.57008706892e-06, 3.59975246056e-07, 2.04394132197e-06, 2.9891707527e-06, 1.5686991901e-06, 1.16560886454e-06, 2.68581999308e-07, 1.05052585297e-07, 2.52560656833e-08, 3.03103462329e-08, 1.06746045336e-09, 3.39086259071e-10, 1.40970369059e-11, 1.33633542058e-13, 4.79820606516e-16],
        "max": [0.000950426037889, 0.0418095327914, 0.00341763743199, 0.00135438248981, 0.00883400533348, 0.00138264102861, 0.0073163099587, 0.0313090085983, 0.0147658307105, 0.0286266468465, 0.0127488709986, 0.0100689344108, 0.0269717611372, 0.00331766600721, 0.0112391095608, 0.00872246176004, 0.00895488448441, 0.00879532843828, 0.00295698759146, 0.00281534600072, 0.00147351599298, 0.00138996855821, 0.00028323251172, 0.000140529882628, 3.32724230248e-05, 3.25261612488e-06, 2.01796012789e-07],
        "mean": [7.20265816199e-05, 0.00118128838949, 0.000368047651136, 3.34115175065e-05, 0.000769162317738, 0.000192650099052, 0.000734689296223, 0.00323634198867, 0.00169685808942, 0.00301125552505, 0.00163212581538, 0.00131410453469, 0.00222608493641, 0.000566685281228, 0.00126178364735, 0.00121688900981, 0.000717153598089, 0.000685514416546, 0.000432504341006, 0.000258846703218, 9.65945291682e-05, 3.44751715602e-05, 8.1296557255e-06, 2.75761044577e-06, 4.31749839436e-07, 3.93890822181e-08, 2.13399342641e-09],
        "median": [5.20658322785e-05, 0.000840245571453, 0.00018526155327, 1.5925088519e-05, 0.00042654472054, 0.000110681125079, 0.000318752398016, 0.000748104881495, 0.000661321042571, 0.00129082030617, 0.000682720681652, 0.000781073467806, 0.000947624212131, 0.000404997495934, 0.00092641817173, 0.000806318945251, 0.000458335940493, 0.000364614272257, 0.000330866372678, 0.000156443289598, 5.57511666557e-05, 1.48259323396e-05, 2.60196748059e-06, 5.25718064637e-07, 4.69080561061e-08, 4.21677848195e-09, 2.93754021108e-10],
        "min": [3.88656684982e-23, 3.23109380397e-23, 9.85060630883e-24, 4.0744709142e-24, 5.09599443162e-23, 5.65595156797e-23, 8.32598067488e-23, 2.62527087464e-23, 2.06405973344e-22, 1.08610886924e-22, 7.60649345984e-23, 4.03031655496e-23, 1.34862461288e-22, 6.20324559353e-23, 2.23365826474e-22, 1.1888406472e-22, 2.1101683378e-22, 3.17875831027e-22, 2.73693208474e-22, 2.75879451275e-22, 3.78419984114e-22, 4.06288559251e-22, 7.18296855487e-22, 7.8820088739e-22, 1.15244071177e-21, 1.34314310244e-21, 2.92884116754e-21],
        "stdev": [0.000115962357086, 0.00235387030989, 0.000492940074764, 7.92078499217e-05, 0.00107015750837, 0.000225276977289, 0.00110389664769, 0.00568622816354, 0.00230877054855, 0.00447724154219, 0.00233523664065, 0.00153343635611, 0.00357748055831, 0.000535819737706, 0.00131363060791, 0.00126474979334, 0.000894270429853, 0.000994833419099, 0.000388169893995, 0.000341445673257, 0.000141160242492, 0.000108880645712, 2.74978865491e-05, 1.34432166305e-05, 2.62847925114e-06, 2.36141687537e-07, 1.25440546839e-08],
        "var": [1.34472681879e-08, 5.54070493308e-06, 2.42989898425e-07, 6.27388363483e-09, 1.14523709271e-06, 5.07497190938e-08, 1.21858772673e-06, 3.23331914842e-05, 5.33042111783e-06, 2.00456906896e-05, 5.45333068658e-06, 2.35142692873e-06, 1.27983666971e-05, 2.87102778884e-07, 1.72562522494e-06, 1.59959199664e-06, 7.99719600764e-07, 9.89693603515e-07, 1.50675859345e-07, 1.16585155752e-07, 1.99262135681e-08, 1.18549943195e-08, 7.56133766711e-10, 1.80720063914e-10, 6.90890357077e-12, 5.57628961994e-14, 1.57353310611e-16]
    },
    "erbbands": {
        "dmean": [0.0165433287621, 0.135760992765, 0.218150049448, 0.0954486727715, 0.212606906891, 1.75974690914, 1.60963571072, 0.622669756413, 1.56657767296, 8.79280662537, 28.2778968811, 14.6719331741, 20.9133720398, 52.500705719, 24.2412319183, 35.0401496887, 32.1516456604, 20.4921188354, 42.5258331299, 36.1510734558, 34.7331428528, 22.8234939575, 19.9627990723, 11.0420084, 8.84351634979, 5.95636034012, 2.77114701271, 1.39720892906, 0.896157026291, 0.38851544261, 0.118880927563, 0.0529006421566, 0.0273072402924, 0.00706784194335, 0.00127404078376, 0.000242378635448, 4.9449288781e-05, 9.82375877356e-06, 2.48530409408e-06, 4.81833376398e-06],
        "dmean2": [0.0285741556436, 0.233784168959, 0.342255949974, 0.16370716691, 0.338478058577, 2.54695940018, 2.37657785416, 1.06045818329, 2.22173476219, 10.7393913269, 32.5351905823, 20.7819709778, 29.4932174683, 71.9511947632, 35.5430221558, 53.162612915, 47.5056762695, 32.5604705811, 69.9127655029, 63.3419265747, 60.7360610962, 38.7968864441, 33.5976791382, 18.3113880157, 15.2302503586, 9.38492202759, 4.78378772736, 2.46468472481, 1.50759267807, 0.698152899742, 0.209620475769, 0.0920472666621, 0.0512416735291, 0.0126406047493, 0.00217435299419, 0.000406261067837, 8.54467143654e-05, 1.5639623598e-05, 3.77069977731e-06, 7.02327452018e-06],
        "dvar": [0.00499361148104, 0.419336378574, 0.146277651191, 0.0702399685979, 0.203270837665, 8.58898830414, 5.46569013596, 1.47357141972, 7.83463048935, 122.827232361, 2731.23193359, 382.015014648, 570.260681152, 4041.58544922, 919.187927246, 2330.7512207, 3893.10498047, 699.286071777, 3231.24169922, 3192.38671875, 2579.49072266, 2001.84594727, 666.876220703, 493.219512939, 190.404907227, 105.384017944, 28.7372398376, 12.6644239426, 16.3236694336, 4.08900403976, 0.341954708099, 0.0842161104083, 0.0290138423443, 0.00212048343383, 6.16237302893e-05, 1.99479791263e-06, 1.18125605297e-07, 4.98462870979e-09, 1.16409997961e-11, 2.57021140482e-11],
        "dvar2": [0.0144586935639, 1.25905966759, 0.32552331686, 0.199520915747, 0.589639246464, 17.9053401947, 12.2543487549, 3.81778788567, 17.0696105957, 175.427383423, 3057.24023438, 785.620239258, 1167.82885742, 7926.35644531, 1663.68737793, 4693.05175781, 6723.85742188, 1472.99853516, 6831.95458984, 8799.00976562, 7065.62158203, 5628.90136719, 1940.71948242, 1326.2479248, 548.040283203, 243.159835815, 72.2084579468, 30.3025398254, 43.9344863892, 11.5138950348, 0.861901938915, 0.193905770779, 0.0763581618667, 0.00518702762201, 0.000164484721608, 4.78271704196e-06, 3.01607855135e-07, 1.32307507172e-08, 2.86892870571e-11, 5.63432911438e-11],
        "max": [1.06812632084, 9.54280662537, 5.37378692627, 4.13942956924, 5.39961433411, 50.1148757935, 33.7225952148, 11.8552846909, 32.9092483521, 146.038253784, 826.128967285, 273.146606445, 301.853088379, 792.531860352, 334.247375488, 439.251922607, 947.706176758, 322.874420166, 749.696594238, 450.6222229, 445.721466064, 559.249206543, 283.28302002, 264.493804932, 146.075942993, 125.307014465, 66.0217208862, 46.4561157227, 52.750957489, 26.2531967163, 7.23797130585, 3.53910565376, 1.86476457119, 0.575731039047, 0.104616716504, 0.0184477716684, 0.0052527943626, 0.00109039875679, 4.96902684972e-05, 8.10498531791e-05],
        "mean": [0.0390090458095, 0.240388512611, 0.520466089249, 0.177158504725, 0.41703671217, 3.90930342674, 3.36443471909, 1.1499080658, 3.78730154037, 23.3466053009, 86.0858535767, 38.5344696045, 51.622795105, 109.628631592, 55.9281311035, 67.44871521, 75.9728851318, 40.8248939514, 71.5281906128, 60.2340736389, 62.7956581116, 42.7466850281, 39.898475647, 25.7179317474, 19.2934741974, 12.4533119202, 6.11026668549, 2.91632032394, 1.47989153862, 0.584984123707, 0.209335759282, 0.0857223048806, 0.0341251343489, 0.0084927463904, 0.00146557739936, 0.000312800955726, 6.32524388493e-05, 1.26619652292e-05, 1.3273967852e-05, 2.69495394605e-05],
        "median": [0.0320209674537, 0.155461043119, 0.245860904455, 0.126578703523, 0.252895951271, 2.01321482658, 1.90523612499, 0.708778619766, 1.71353363991, 15.9262924194, 21.8394260406, 22.6211013794, 29.9098033905, 69.2549438477, 40.9394493103, 43.3643493652, 32.4449310303, 28.9527873993, 45.8068618774, 39.7819786072, 44.334941864, 27.9062633514, 26.0529098511, 16.5670890808, 13.4702663422, 7.89007663727, 3.87022185326, 1.57424712181, 0.61504471302, 0.21773122251, 0.0685042515397, 0.019728153944, 0.00445408001542, 0.000979255419225, 0.000209504796658, 5.95656420046e-05, 1.59393603099e-05, 5.04311310578e-06, 1.3093716916e-05, 2.67661998805e-05],
        "min": [1.7577747556e-21, 4.03623587689e-21, 1.24464606613e-20, 1.21676175921e-20, 6.0169059596e-20, 1.6829560834e-19, 3.85575560086e-19, 5.73263047869e-19, 1.16569910836e-18, 7.77240151757e-19, 7.47546073826e-19, 3.88250662187e-18, 5.21023242105e-18, 3.60116305679e-18, 2.30599425934e-18, 2.2361305848e-18, 5.26410173126e-18, 3.56571547241e-18, 6.2971580857e-18, 1.41113091665e-17, 6.06880908734e-18, 1.30245807845e-17, 1.80091397228e-17, 1.22257526146e-17, 1.42804130079e-17, 1.4201571115e-17, 1.82569895041e-17, 1.22049109719e-17, 1.39506971614e-17, 1.7878321109e-17, 2.07603424402e-17, 1.4114379661e-17, 1.45062151171e-17, 1.30367593646e-17, 8.23075149737e-18, 3.5358244738e-18, 3.30818023332e-18, 1.57327622518e-18, 3.27669505087e-19, 4.09274943795e-20],
        "stdev": [0.0672455728054, 0.526637196541, 0.703079640865, 0.257700115442, 0.604272007942, 6.28102207184, 4.21710634232, 1.50595188141, 5.28165817261, 22.9216346741, 148.839553833, 42.4056739807, 55.5422935486, 122.861442566, 54.7053718567, 70.182510376, 124.841156006, 44.4079208374, 82.2772979736, 64.649559021, 59.0822525024, 53.5139007568, 40.7002258301, 34.0191955566, 18.7146835327, 15.5131072998, 7.42749643326, 4.85401582718, 4.35164165497, 2.10083007812, 0.733378231525, 0.36887165904, 0.18344502151, 0.0501825883985, 0.00805392861366, 0.00155571673531, 0.000345342588844, 6.45286490908e-05, 7.61017327022e-06, 1.43709448821e-05],
        "var": [0.00452196737751, 0.277346760035, 0.494321018457, 0.0664093568921, 0.36514467001, 39.4512405396, 17.7839851379, 2.26789116859, 27.8959121704, 525.401367188, 22153.2109375, 1798.24121094, 3084.94628906, 15094.9335938, 2992.67773438, 4925.58496094, 15585.3134766, 1972.06347656, 6769.55419922, 4179.56542969, 3490.71240234, 2863.73754883, 1656.50830078, 1157.30554199, 350.239349365, 240.656509399, 55.1677017212, 23.5614700317, 18.9367847443, 4.41348695755, 0.537843644619, 0.136066302657, 0.0336520783603, 0.00251829205081, 6.4865758759e-05, 2.4202545319e-06, 1.19261500231e-07, 4.16394696501e-09, 5.79147355073e-11, 2.06524061741e-10]
    },
    "gfcc": {
        "mean": [-60.334274292, 151.552856445, -213.492019653, 29.6206169128, -41.3218040466, -3.08905959129, 3.04572868347, -1.40763902664, 3.22112059593, -11.4643783569, -1.0117213726, -10.1997699738, 4.41534137726],
        "cov": [[10069.8242188, 421.832763672, -655.550354004, 286.648529053, -168.855834961, 153.133209229, -0.0735127553344, 23.6928920746, 0.995796740055, -34.876411438, 118.348228455, 12.4739322662, 75.9676361084], [421.832763672, 463.67767334, -54.1346588135, -44.9471549988, 108.820381165, -109.516853333, 98.0689315796, -20.086145401, 79.6321334839, -15.3127613068, 22.8351345062, -38.2651062012, -7.79891109467], [-655.550354004, -54.1346588135, 226.252822876, 33.0733909607, 25.2644367218, 26.3362579346, -14.6329135895, 11.4674472809, 3.66363835335, 23.3344936371, -3.89397835732, 0.313632875681, -20.0968322754], [286.648529053, -44.9471549988, 33.0733909607, 143.802108765, -7.44242668152, 34.994178772, -51.7420959473, -22.3971328735, -14.9258327484, 10.5169315338, 8.48282241821, 13.5922422409, 6.44198274612], [-168.855834961, 108.820381165, 25.2644367218, -7.44242668152, 123.458961487, -27.6978168488, 48.8567466736, 14.2494764328, 23.5562152863, 4.23558235168, 4.50613737106, -11.6236572266, -8.39668178558], [153.133209229, -109.516853333, 26.3362579346, 34.994178772, -27.6978168488, 108.744529724, -12.8742923737, 4.88057279587, -23.2211608887, 14.4777975082, 9.44048881531, 8.17921447754, 0.626999914646], [-0.0735127553344, 98.0689315796, -14.6329135895, -51.7420959473, 48.8567466736, -12.8742923737, 89.4272079468, 36.2223930359, 30.896812439, 2.02810931206, 7.77984189987, -16.4124679565, -10.4150590897], [23.6928920746, -20.086145401, 11.4674472809, -22.3971328735, 14.2494764328, 4.88057279587, 36.2223930359, 76.8348312378, 31.741153717, 12.7678136826, -5.67395353317, -17.0581703186, -18.3793296814], [0.995796740055, 79.6321334839, 3.66363835335, -14.9258327484, 23.5562152863, -23.2211608887, 30.896812439, 31.741153717, 81.6735839844, 30.7601356506, 4.10388994217, -27.6594238281, -21.9408531189], [-34.876411438, -15.3127613068, 23.3344936371, 10.5169315338, 4.23558235168, 14.4777975082, 2.02810931206, 12.7678136826, 30.7601356506, 61.1386871338, 22.0135326385, -17.5388145447, -23.5508975983], [118.348228455, 22.8351345062, -3.89397835732, 8.48282241821, 4.50613737106, 9.44048881531, 7.77984189987, -5.67395353317, 4.10388994217, 22.0135326385, 50.0264625549, 11.3603744507, -6.23716068268], [12.4739322662, -38.2651062012, 0.313632875681, 13.5922422409, -11.6236572266, 8.17921447754, -16.4124679565, -17.0581703186, -27.6594238281, -17.5388145447, 11.3603744507, 57.3955726624, 28.0061664581], [75.9676361084, -7.79891109467, -20.0968322754, 6.44198274612, -8.39668178558, 0.626999914646, -10.4150590897, -18.3793296814, -21.9408531189, -23.5508975983, -6.23716068268, 28.0061664581, 50.9448356628]],
        "icov": [[0.000187554163858, -0.000489896861836, 0.000557916413527, -0.000474826520076, 0.000346774031641, -0.000501224887557, 0.00028792078956, -0.000732062850147, 0.000276357401162, -4.36523696408e-05, -0.000168847618625, -4.21141812694e-05, -0.000115140901471], [-0.000489896861836, 0.00799240451306, -0.00119112129323, 7.29370949557e-05, -0.00311296549626, 0.00494325626642, -0.00649206107482, 0.00807903334498, -0.00674036936834, 0.0056510376744, -0.00432045338675, 0.00430929521099, -0.000700009812135], [0.000557916413527, -0.00119112129323, 0.00713733909652, -0.00198374758475, -0.00105622725096, -0.0025449199602, 0.00207195500843, -0.00257305824198, 0.000802581605967, -0.00197035656311, 0.00163594970945, -0.00212437380105, 0.00220757117495], [-0.000474826520076, 7.29370949557e-05, -0.00198374758475, 0.0118324626237, -0.00313458405435, -0.00253015873022, 0.00748665165156, 0.00133233598899, -0.000998325878754, -0.000886554655153, -0.000768985599279, -0.000689415843226, -0.000588779803365], [0.000346774031641, -0.00311296549626, -0.00105622725096, -0.00313458405435, 0.0137756429613, 0.00133611436468, -0.00610300712287, -0.00225660577416, 0.00256338552572, -0.00225996784866, 0.00120519031771, -0.000837536470499, -0.000154473469593], [-0.000501224887557, 0.00494325626642, -0.0025449199602, -0.00253015873022, 0.00133611436468, 0.0164654459804, -0.0067783636041, 0.00247232429683, 0.00198300229385, -0.00170647574123, -0.00282351742499, 0.0023237047717, -0.00121402041987], [0.00028792078956, -0.00649206107482, 0.00207195500843, 0.00748665165156, -0.00610300712287, -0.0067783636041, 0.0310137700289, -0.0139434915036, 0.000707434606738, 0.00123846437782, -0.00419327616692, 0.000300156243611, -0.000966167834122], [-0.000732062850147, 0.00807903334498, -0.00257305824198, 0.00133233598899, -0.00225660577416, 0.00247232429683, -0.0139434915036, 0.028802357614, -0.0117861125618, 0.00366435712203, 0.00218542385846, 0.00204015895724, 0.00404693605378], [0.000276357401162, -0.00674036936834, 0.000802581605967, -0.000998325878754, 0.00256338552572, 0.00198300229385, 0.000707434606738, -0.0117861125618, 0.0287182051688, -0.0158491171896, 0.00531091587618, 0.000110118882731, 0.000920771097299], [-4.36523696408e-05, 0.0056510376744, -0.00197035656311, -0.000886554655153, -0.00225996784866, -0.00170647574123, 0.00123846437782, 0.00366435712203, -0.0158491171896, 0.0379196181893, -0.0191906224936, 0.0111670279875, 0.0037039949093], [-0.000168847618625, -0.00432045338675, 0.00163594970945, -0.000768985599279, 0.00120519031771, -0.00282351742499, -0.00419327616692, 0.00218542385846, 0.00531091587618, -0.0191906224936, 0.0367552451789, -0.0169172156602, 0.00771326571703], [-4.21141812694e-05, 0.00430929521099, -0.00212437380105, -0.000689415843226, -0.000837536470499, 0.0023237047717, 0.000300156243611, 0.00204015895724, 0.000110118882731, 0.0111670279875, -0.0169172156602, 0.0350661054254, -0.0155361071229], [-0.000115140901471, -0.000700009812135, 0.00220757117495, -0.000588779803365, -0.000154473469593, -0.00121402041987, -0.000966167834122, 0.00404693605378, 0.000920771097299, 0.0037039949093, 0.00771326571703, -0.0155361071229, 0.03348480165]]
    },
    "melbands": {
        "dmean": [0.000152183376485, 0.000126319908304, 1.72197214852e-05, 6.37174744043e-05, 6.48716231808e-05, 1.44451732922e-05, 3.6407069274e-05, 0.000122513723909, 0.00020008503634, 0.000106135885289, 0.000127202321892, 0.00023961973784, 0.000112929701572, 9.91510096355e-05, 0.000101068137155, 6.7071923695e-05, 3.27675988956e-05, 7.93411163613e-05, 3.95530041715e-05, 4.77196772408e-05, 4.44344768766e-05, 2.37717995333e-05, 1.67116595549e-05, 2.51518831647e-05, 8.30579847388e-06, 1.22404544527e-05, 4.76790137327e-06, 3.78236745746e-06, 2.25338862947e-06, 1.3356495856e-06, 7.96056440322e-07, 5.48222487851e-07, 4.06712103995e-07, 1.64402592873e-07, 7.2773012505e-08, 5.13350926212e-08, 2.91050827883e-08, 2.35242065827e-08, 1.20726983965e-08, 3.94676158422e-09],
        "dmean2": [0.000264172442257, 0.000209813792026, 2.99443599943e-05, 9.26164357224e-05, 9.70029723248e-05, 2.40735807893e-05, 4.81386487081e-05, 0.000146288701217, 0.000232055506785, 0.000155017682118, 0.000177185822395, 0.000326967827277, 0.000166525671375, 0.000151831307448, 0.000146471313201, 0.000105392653495, 5.09969249833e-05, 0.000130920612719, 6.62794191157e-05, 8.51918230182e-05, 7.76206506998e-05, 4.08824671467e-05, 2.83312565443e-05, 4.27728264185e-05, 1.38152954605e-05, 2.08309156733e-05, 7.86003784015e-06, 5.85919178775e-06, 3.85415205528e-06, 2.36001392295e-06, 1.38211703415e-06, 9.23693221466e-07, 7.03690886894e-07, 2.92087264597e-07, 1.26264737332e-07, 8.75687007351e-08, 4.95230203512e-08, 4.3913761516e-08, 2.02793604132e-08, 7.2745698354e-09],
        "dvar": [5.39156133073e-07, 1.56918488869e-07, 2.52283993696e-09, 1.24260486345e-08, 8.50957881937e-09, 6.7852151675e-10, 3.80480047468e-09, 2.43720545967e-08, 1.23925147477e-07, 2.49285374565e-08, 2.32058354754e-08, 9.23124900964e-08, 2.678412514e-08, 2.61290917791e-08, 4.69328256258e-08, 8.14252931747e-09, 1.85532800234e-09, 1.07583693065e-08, 2.96153013224e-09, 5.48541523315e-09, 4.19742907098e-09, 1.67883540403e-09, 1.0451406407e-09, 1.6167258643e-09, 2.97807167815e-10, 3.93810539734e-10, 8.62836330162e-11, 4.68475050419e-11, 2.43095717167e-11, 6.99917684574e-12, 3.81629320159e-12, 4.79080317084e-12, 4.40558744e-12, 6.35658192749e-13, 1.0448830386e-13, 7.4177399249e-14, 2.61944837294e-14, 2.03351367049e-14, 6.73167830479e-15, 6.70687252141e-16],
        "dvar2": [1.59971727953e-06, 4.30522447914e-07, 7.47966932835e-09, 2.74537956813e-08, 2.03674339616e-08, 1.7350959558e-09, 6.75148470464e-09, 3.06763290325e-08, 1.39793542075e-07, 5.18787146575e-08, 4.59829152533e-08, 1.78791921712e-07, 4.67922838254e-08, 5.73902454448e-08, 7.73608093141e-08, 1.6537892833e-08, 3.95314714297e-09, 2.32341310635e-08, 8.3122220218e-09, 1.47128806915e-08, 1.10230500283e-08, 4.66327154669e-09, 2.98540969723e-09, 4.64006078005e-09, 7.77949094033e-10, 1.16952136864e-09, 2.36014319199e-10, 1.02446301442e-10, 6.620321652e-11, 1.73816967763e-11, 9.82954603129e-12, 1.31924558083e-11, 1.18868317966e-11, 1.83551047625e-12, 2.43891875012e-13, 1.83625101344e-13, 6.15374382853e-14, 5.66656334214e-14, 1.66399791895e-14, 1.66923501778e-15],
        "max": [0.0110637778416, 0.00628014327958, 0.000769916747231, 0.00190348678734, 0.00108176411595, 0.000258065731032, 0.000742207979783, 0.00212738895789, 0.00566350994632, 0.00221157772467, 0.00199395418167, 0.00383541127667, 0.00168576533906, 0.0014278574381, 0.00360279832967, 0.000967213942204, 0.000520246452652, 0.00132568355184, 0.00050229736371, 0.00063864258118, 0.000680295517668, 0.000501096947119, 0.000368833047105, 0.000556700979359, 0.00019421162142, 0.000198783935048, 0.000128245097585, 0.000106561790744, 6.96278948453e-05, 3.32388262905e-05, 2.2267413442e-05, 3.09485840262e-05, 2.99082603306e-05, 1.02326985143e-05, 4.04525417252e-06, 4.27720578955e-06, 2.10970461012e-06, 1.67654695815e-06, 1.14315571409e-06, 3.49493461727e-07],
        "mean": [0.000330709677655, 0.000274259538855, 3.4215478081e-05, 0.000142108940054, 0.000140884600114, 2.61365839833e-05, 8.4275539848e-05, 0.00034685866558, 0.000609670008998, 0.000239751010668, 0.000304467335809, 0.000493063649628, 0.000220807822188, 0.000164390570717, 0.000220914429519, 0.000134645539219, 6.12049989286e-05, 0.000126365965116, 6.47538035992e-05, 7.86597229308e-05, 7.21430842532e-05, 4.18580166297e-05, 3.05244684569e-05, 4.43730968982e-05, 1.6722111468e-05, 2.03825384233e-05, 8.83870598045e-06, 7.60285001888e-06, 4.19566094934e-06, 2.47935031439e-06, 1.44136026847e-06, 8.47172032081e-07, 5.36929519512e-07, 2.37013736637e-07, 1.24924468992e-07, 7.81820332918e-08, 4.22584847115e-08, 2.65804658284e-08, 1.31672956982e-08, 4.83327999845e-09],
        "median": [0.000251204764936, 0.000149452578626, 2.45530973189e-05, 7.44574208511e-05, 8.28803022159e-05, 1.65600049513e-05, 3.59431069228e-05, 0.000226668227697, 0.000188429592527, 9.42887636484e-05, 0.000172774743987, 0.000287386152195, 0.000108148087747, 7.96951571829e-05, 8.1278529251e-05, 8.0362900917e-05, 3.62945211236e-05, 7.45822471799e-05, 4.48797472927e-05, 5.35660838068e-05, 5.14303465025e-05, 2.75844831776e-05, 1.95086340682e-05, 2.29223314818e-05, 9.9710887298e-06, 1.30159942273e-05, 5.38560470886e-06, 5.00542910231e-06, 2.51629262493e-06, 1.37066967909e-06, 7.70294661834e-07, 3.52921148306e-07, 1.83439496482e-07, 8.94190890222e-08, 4.00905086906e-08, 2.10315391769e-08, 8.07363331745e-09, 3.04873570833e-09, 1.19628973394e-09, 5.38406541573e-10],
        "min": [1.36322043289e-23, 6.10756899307e-24, 3.48648278887e-24, 7.59170152901e-24, 1.33484589499e-23, 1.36591786387e-23, 1.63021624384e-23, 7.37733567776e-24, 5.07398134694e-24, 3.01575086961e-23, 2.73453079214e-23, 1.51137703059e-23, 8.43035139026e-24, 4.59213485084e-24, 1.17836271267e-23, 1.05395240594e-23, 5.87485542046e-24, 8.58035960228e-24, 1.69577973585e-23, 1.36965154254e-23, 6.37393182202e-24, 1.39936635511e-23, 1.2068244197e-23, 1.79768825857e-23, 8.75420245768e-24, 9.56431290911e-24, 8.6490638651e-24, 9.66683169463e-24, 1.26352545387e-23, 7.60921897427e-24, 7.04448449627e-24, 7.69372885418e-24, 8.15691090127e-24, 1.16016676814e-23, 1.38042959131e-23, 7.95310710868e-24, 9.06522112476e-24, 9.31279565353e-24, 1.05317482574e-23, 1.16610491861e-23],
