{
"metadata": {
    "version": {
        "essentia": "2.1-beta6-dev",
        "essentia_git_sha": "v2.1_beta5-778-gc9eadba6",
        "extractor": "music 2.0"
    },
    "audio_properties": {
        "analysis": {
            "equal_loudness": 0,
            "length": 24.9999771118,
            "sample_rate": 44100,
            "start_time": 0,
            "downmix": "mix"
        },
        "bit_rate": 128000,
        "length": 25,
        "lossless": 0,
        "number_channels": 2,
        "replay_gain": 1.87592506409,
        "sample_rate": 48000,
        "codec": "mp3",
        "md5_encoded": "62228bffda66b2cb75ef2a7be49011d6"
    },
    "tags": {
        "file_name": "opeth-prologueaprilethereal.mp3",
        "encoding": ["Lavf59.16.100"]
    }
},
"lowlevel": {
    "average_loudness": 0.736401498318,
    "barkbands_crest": {
        "dmean": 1.16640472412,
        "dmean2": 1.84883356094,
        "dvar": 1.34184741974,
        "dvar2": 3.29767107964,
        "max": 23.9977855682,
        "mean": 10.8086061478,
        "median": 10.4674444199,
        "min": 2.05274629593,
        "stdev": 3.89398145676,
        "var": 15.1630907059
    },
    "barkbands_flatness_db": {
        "dmean": 0.0119513878599,
        "dmean2": 0.0191054716706,
        "dvar": 0.000126512197312,
        "dvar2": 0.000307743408484,
        "max": 0.486664801836,
        "mean": 0.351003199816,
        "median": 0.376293361187,
        "min": 0.0285159163177,
        "stdev": 0.0870169252157,
        "var": 0.00757194496691
    },
    "barkbands_kurtosis": {
        "dmean": 0.737332284451,
        "dmean2": 1.14553713799,
        "dvar": 0.969168484211,
        "dvar2": 2.2329287529,
        "max": 15.7449321747,
        "mean": 1.91275668144,
        "median": 1.28482103348,
        "min": -1.49270451069,
        "stdev": 2.60233950615,
        "var": 6.77217102051
    },
    "barkbands_skewness": {
        "dmean": 0.202245026827,
        "dmean2": 0.305910468102,
        "dvar": 0.0372934564948,
        "dvar2": 0.0831825882196,
        "max": 3.45494961739,
        "mean": 0.868710577488,
        "median": 0.838908672333,
        "min": -2.36929607391,
        "stdev": 0.761946678162,
        "var": 0.580562770367
    },
    "barkbands_spread": {
        "dmean": 0.713084220886,
        "dmean2": 1.15414059162,
        "dvar": 2.24683308601,
        "dvar2": 5.78582859039,
        "max": 45.9089431763,
        "mean": 6.57607316971,
        "median": 4.44604682922,
        "min": 1.09042668343,
        "stdev": 8.19740581512,
        "var": 67.1974639893
    },
    "dissonance": {
        "dmean": 0.0408476032317,
        "dmean2": 0.0697414949536,
        "dvar": 0.00169452314731,
        "dvar2": 0.00467274105176,
        "max": 0.499773532152,
        "mean": 0.348616719246,
        "median": 0.349934518337,
        "min": 0.100174240768,
        "stdev": 0.0753156095743,
        "var": 0.00567244132981
    },
    "dynamic_complexity": 5.33716917038,
    "erbbands_crest": {
        "dmean": 1.63873779774,
        "dmean2": 2.59236931801,
        "dvar": 2.93760371208,
        "dvar2": 7.4145822525,
        "max": 31.7667980194,
        "mean": 13.4040279388,
        "median": 11.6414852142,
        "min": 2.63770890236,
        "stdev": 6.4378452301,
        "var": 41.4458503723
    },
    "erbbands_flatness_db": {
        "dmean": 0.00995401106775,
        "dmean2": 0.0155639722943,
        "dvar": 0.000109743181383,
        "dvar2": 0.000242197187617,
        "max": 0.498207658529,
        "mean": 0.368607223034,
        "median": 0.385557889938,
        "min": 0.0928609371185,
        "stdev": 0.0755834504962,
        "var": 0.00571285746992
    },
    "erbbands_kurtosis": {
        "dmean": 0.687697529793,
        "dmean2": 1.00411057472,
        "dvar": 1.22490990162,
        "dvar2": 2.07030487061,
        "max": 28.0979328156,
        "mean": 1.2288684845,
        "median": 0.618004441261,
        "min": -1.50790297985,
        "stdev": 2.97873067856,
        "var": 8.87283706665
    },
    "erbbands_skewness": {
        "dmean": 0.193016931415,
        "dmean2": 0.296020567417,
        "dvar": 0.0374954752624,
        "dvar2": 0.0857059955597,
        "max": 3.33491373062,
        "mean": 0.306474298239,
        "median": 0.30022841692,
        "min": -1.91362202168,
        "stdev": 0.637468099594,
        "var": 0.406365573406
    },
    "erbbands_spread": {
        "dmean": 1.37392318249,
        "dmean2": 2.09380483627,
        "dvar": 3.62631821632,
        "dvar2": 8.94872379303,
        "max": 52.487361908,
        "mean": 12.1593132019,
        "median": 8.76860618591,
        "min": 1.21062171459,
        "stdev": 9.62376594543,
        "var": 92.6168670654
    },
    "hfc": {
        "dmean": 1.90166568756,
        "dmean2": 2.7539961338,
        "dvar": 114.308776855,
        "dvar2": 227.266738892,
        "max": 214.818344116,
        "mean": 8.09451198578,
        "median": 3.55918550491,
        "min": 3.75217041437e-07,
        "stdev": 16.8163013458,
        "var": 282.787963867
    },
    "loudness_ebu128": {
        "integrated": -25.9136333466,
        "loudness_range": 5.75115203857,
        "momentary": {
            "dmean": 0.920298993587,
            "dmean2": 0.782914102077,
            "dvar": 2.83014464378,
            "dvar2": 4.0369849205,
            "max": -18.7899513245,
            "mean": -28.7462501526,
            "median": -27.7624340057,
            "min": -55.4213256836,
            "stdev": 5.75567817688,
            "var": 33.1278305054
        },
        "short_term": {
            "dmean": 0.160310924053,
            "dmean2": 0.0861311927438,
            "dvar": 0.0582665763795,
            "dvar2": 0.0574827194214,
            "max": -23.097574234,
            "mean": -26.6493396759,
            "median": -26.8054256439,
            "min": -30.7353191376,
            "stdev": 1.8926743269,
            "var": 3.5822160244
        }
    },
    "melbands_crest": {
        "dmean": 1.41518115997,
        "dmean2": 2.29463863373,
        "dvar": 2.3865647316,
        "dvar2": 5.52627706528,
        "max": 30.3414001465,
        "mean": 12.2624034882,
        "median": 11.5474290848,
        "min": 2.44733905792,
        "stdev": 4.48160600662,
        "var": 20.0847930908
    },
    "melbands_flatness_db": {
        "dmean": 0.0127315763384,
        "dmean2": 0.0198943894356,
        "dvar": 0.000167675651028,
        "dvar2": 0.000368256383808,
        "max": 0.596114873886,
        "mean": 0.446474939585,
        "median": 0.480989992619,
        "min": 0.0116939824075,
        "stdev": 0.115110322833,
        "var": 0.0132503872737
    },
    "melbands_kurtosis": {
        "dmean": 0.871496140957,
        "dmean2": 1.34164559841,
        "dvar": 1.19242560863,
        "dvar2": 2.77641534805,
        "max": 21.808429718,
        "mean": 2.62769675255,
        "median": 1.57199978828,
        "min": -1.5227843523,
        "stdev": 3.71908354759,
        "var": 13.8315820694
    },
    "melbands_skewness": {
        "dmean": 0.215096518397,
        "dmean2": 0.327302634716,
        "dvar": 0.0385151356459,
        "dvar2": 0.0978150144219,
        "max": 4.28410387039,
        "mean": 1.070510149,
        "median": 1.0189678669,
        "min": -1.95071518421,
        "stdev": 0.843752980232,
        "var": 0.71191906929
    },
    "melbands_spread": {
        "dmean": 1.2389882803,
        "dmean2": 1.88375258446,
        "dvar": 10.3385505676,
        "dvar2": 18.4630622864,
        "max": 151.064071655,
        "mean": 10.4832878113,
        "median": 6.78768253326,
        "min": 1.83790147305,
        "stdev": 14.6594772339,
        "var": 214.900283813
    },
    "pitch_salience": {
        "dmean": 0.0342154093087,
        "dmean2": 0.0548506900668,
        "dvar": 0.00128008809406,
        "dvar2": 0.00330202910118,
        "max": 0.900163710117,
        "mean": 0.546059906483,
        "median": 0.544678628445,
        "min": 0.204247966409,
        "stdev": 0.111296072602,
        "var": 0.0123868165538
    },
    "silence_rate_20dB": {
        "dmean": 0.00185701018199,
        "dmean2": 0.00371747207828,
        "dvar": 0.00185356510337,
        "dvar2": 0.0055623925291,
        "max": 1,
        "mean": 0.999072372913,
        "median": 1,
        "min": 0,
        "stdev": 0.0304429512471,
        "var": 0.000926773238461
    },
    "silence_rate_30dB": {
        "dmean": 0.00928505137563,
        "dmean2": 0.0185873601586,
        "dvar": 0.00919886678457,
        "dvar2": 0.0219591297209,
        "max": 1,
        "mean": 0.977736532688,
        "median": 1,
        "min": 0,
        "stdev": 0.147539407015,
        "var": 0.0217678751796
    },
    "silence_rate_60dB": {
        "dmean": 0.011142061092,
        "dmean2": 0.0223048329353,
        "dvar": 0.0110178319737,
        "dvar2": 0.0255249552429,
        "max": 1,
        "mean": 0.140074208379,
        "median": 0,
        "min": 0,
        "stdev": 0.347063541412,
        "var": 0.120453104377
    },
    "spectral_centroid": {
        "dmean": 32.6572914124,
        "dmean2": 49.2115097046,
        "dvar": 6532.33105469,
        "dvar2": 13954.8779297,
        "max": 3837.6027832,
        "mean": 579.654296875,
        "median": 438.389709473,
        "min": 276.905883789,
        "stdev": 541.66796875,
        "var": 293404.15625
    },
    "spectral_complexity": {
        "dmean": 0.753946125507,
        "dmean2": 1.30297398567,
        "dvar": 1.53371274471,
        "dvar2": 3.29110717773,
        "max": 29,
        "mean": 8.76159572601,
        "median": 8,
        "min": 0,
        "stdev": 4.23976516724,
        "var": 17.9756088257
    },
    "spectral_decrease": {
        "dmean": 9.11502207046e-10,
        "dmean2": 1.30422128652e-09,
        "dvar": 1.70689033729e-17,
        "dvar2": 3.02922506955e-17,
        "max": -1.55064332284e-18,
        "mean": -4.41241754245e-09,
        "median": -2.26647234314e-09,
        "min": -8.65174385467e-08,
        "stdev": 7.56249640688e-09,
        "var": 5.71913535787e-17
    },
    "spectral_energy": {
        "dmean": 0.00360704935156,
        "dmean2": 0.00516173569486,
        "dvar": 0.000273390643997,
        "dvar2": 0.000488175894134,
        "max": 0.342966914177,
        "mean": 0.0173876546323,
        "median": 0.00885618105531,
        "min": 3.98857266659e-11,
        "stdev": 0.0300373230129,
        "var": 0.000902240804862
    },
    "spectral_energyband_high": {
        "dmean": 5.44881413589e-06,
        "dmean2": 8.45226531965e-06,
        "dvar": 5.74395064845e-09,
        "dvar2": 1.39807827537e-08,
        "max": 0.00218795402907,
        "mean": 1.06747947939e-05,
        "median": 7.64440386547e-08,
        "min": 3.01352102994e-11,
        "stdev": 8.61550870468e-05,
        "var": 7.42269934406e-09
    },
    "spectral_energyband_low": {
        "dmean": 0.000380741752451,
        "dmean2": 0.000619373400696,
        "dvar": 1.31047818286e-06,
        "dvar2": 2.9827808703e-06,
        "max": 0.033032912761,
        "mean": 0.00158053520136,
        "median": 0.00082173536066,
        "min": 1.07418512019e-12,
        "stdev": 0.00236260448582,
        "var": 5.5818995861e-06
    },
    "spectral_energyband_middle_high": {
        "dmean": 0.000442204735009,
        "dmean2": 0.000672323920298,
        "dvar": 6.90219394528e-06,
        "dvar2": 1.57636040967e-05,
        "max": 0.0477565079927,
        "mean": 0.0013776042033,
        "median": 0.000450504827313,
        "min": 6.47945109025e-12,
        "stdev": 0.00347698316909,
        "var": 1.20894119391e-05
    },
    "spectral_energyband_middle_low": {
        "dmean": 0.00327544030733,
        "dmean2": 0.00477096810937,
        "dvar": 0.000215630920138,
        "dvar2": 0.000377596297767,
        "max": 0.322173476219,
        "mean": 0.0150764370337,
        "median": 0.00778178405017,
        "min": 1.22158880234e-12,
        "stdev": 0.0269809756428,
        "var": 0.000727973063476
    },
    "spectral_entropy": {
        "dmean": 0.0775934681296,
        "dmean2": 0.12121988833,
        "dvar": 0.0121465642005,
        "dvar2": 0.0241782777011,
        "max": 8.85297012329,
        "mean": 5.66128253937,
        "median": 5.41218948364,
        "min": 4.7281036377,
        "stdev": 0.78717571497,
        "var": 0.619645595551
    },
    "spectral_flux": {
        "dmean": 0.00923612713814,
        "dmean2": 0.0153552144766,
        "dvar": 0.0010129524162,
        "dvar2": 0.00241810386069,
        "max": 0.559620201588,
        "mean": 0.0253908839077,
        "median": 0.0186946615577,
        "min": 6.31551483821e-06,
        "stdev": 0.0359487682581,
        "var": 0.00129231403116
    },
    "spectral_kurtosis": {
        "dmean": 31.9556312561,
        "dmean2": 55.3878631592,
        "dvar": 914.322937012,
        "dvar2": 2585.12768555,
        "max": 276.035369873,
        "mean": 97.8772125244,
        "median": 97.6984481812,
        "min": 0.861689090729,
        "stdev": 60.0279884338,
        "var": 3603.359375
    },
    "spectral_rms": {
        "dmean": 0.000299857143546,
        "dmean2": 0.000450650957646,
        "dvar": 8.09584548733e-07,
        "dvar2": 1.46332718032e-06,
        "max": 0.0182921253145,
        "mean": 0.00344227696769,
        "median": 0.00293941795826,
        "min": 1.97263531732e-07,
        "stdev": 0.00226147915237,
        "var": 5.11428743266e-06
    },
    "spectral_rolloff": {
        "dmean": 103.08707428,
        "dmean2": 173.165405273,
        "dvar": 168857.015625,
        "dvar2": 323410.6875,
        "max": 16731.2988281,
        "mean": 985.412658691,
        "median": 581.396484375,
        "min": 150.732421875,
        "stdev": 1646.98120117,
        "var": 2712547
    },
    "spectral_skewness": {
        "dmean": 1.43595385551,
        "dmean2": 2.48853349686,
        "dvar": 1.59031784534,
        "dvar2": 4.47144508362,
        "max": 14.3370227814,
        "mean": 6.77111816406,
        "median": 6.98004627228,
        "min": 0.965485870838,
        "stdev": 2.87830400467,
        "var": 8.28463459015
    },
    "spectral_spread": {
        "dmean": 215792.953125,
        "dmean2": 360489.0625,
        "dvar": 177303339008,
        "dvar2": 239430107136,
        "max": 14283433,
        "mean": 1179095.5,
        "median": 757024.75,
        "min": 303953.65625,
        "stdev": 1491323.25,
        "var": 2.22404490035e+12
    },
    "spectral_strongpeak": {
        "dmean": 0.271909564734,
        "dmean2": 0.451908677816,
        "dvar": 0.286641359329,
        "dvar2": 0.582591176033,
        "max": 12.2880830765,
        "mean": 1.04194009304,
        "median": 0.581684410572,
        "min": 0,
        "stdev": 1.26351881027,
        "var": 1.59647965431
    },
    "zerocrossingrate": {
        "dmean": 0.00265222415328,
        "dmean2": 0.00343748182058,
        "dvar": 7.34684435884e-05,
        "dvar2": 0.000160367781064,
        "max": 0.43603515625,
        "mean": 0.0321622416377,
        "median": 0.02099609375,
        "min": 0.005859375,
        "stdev": 0.0446199700236,
        "var": 0.00199094158597
    },
    "barkbands": {
        "dmean": [2.72809415947e-06, 1.53109831444e-05, 0.000279232335743, 0.000285460875602, 0.000893722812179, 0.000922838167753, 0.00066472555045, 0.0010972173186, 0.000317054364132, 0.000373588700313, 7.09519081283e-05, 0.000146270394907, 8.96557467058e-05, 2.88316186925e-05, 3.14354292641e-05, 6.93365882398e-06, 3.65560917999e-05, 4.47747561338e-06, 5.64303672945e-06, 4.25307462137e-06, 8.09531854884e-07, 1.00301315342e-06, 8.4701372316e-07, 5.55737756258e-07, 1.81839283186e-07, 1.00461832631e-07, 1.09263691428e-08],
        "dmean2": [4.69184624308e-06, 2.61126861005e-05, 0.000443638127763, 0.000496057618875, 0.00129266176373, 0.00130797422025, 0.00111206038855, 0.00171206344385, 0.000531705678441, 0.000490484817419, 0.000103440055682, 0.00023505128047, 0.000140579504659, 3.45313128491e-05, 4.43088501925e-05, 1.07482119347e-05, 4.81696333736e-05, 6.44449164611e-06, 9.51572746999e-06, 6.64443223286e-06, 1.44385603562e-06, 1.85226122085e-06, 1.27234784486e-06, 9.69978032117e-07, 2.75992505294e-07, 1.73169269146e-07, 1.84346724552e-08],
        "dvar": [3.57344327739e-11, 1.10347808668e-09, 6.49387857266e-07, 5.54176381229e-07, 8.56749556988e-06, 2.65759972535e-05, 7.27241513232e-06, 8.92102252692e-05, 5.82260372539e-06, 7.12311111783e-06, 1.4636886192e-07, 1.84976147466e-06, 2.36703456835e-07, 3.22725028923e-08, 7.96158516891e-08, 3.61673491156e-09, 2.30186785188e-07, 1.62663293946e-09, 3.65506402922e-09, 3.55353724224e-09, 1.08039209523e-10, 2.26353130683e-10, 1.11594421204e-10, 5.36039407306e-11, 1.49278842326e-12, 4.59760755942e-13, 3.70195326081e-15],
        "dvar2": [9.29981300302e-11, 2.85160473013e-09, 1.36474216106e-06, 1.45603598867e-06, 1.68288879649e-05, 3.96065661334e-05, 1.76880676008e-05, 0.000179309150553, 1.57108661369e-05, 1.7210990336e-05, 3.43951199966e-07, 5.06847709403e-06, 3.87691926562e-07, 6.08330026353e-08, 1.42965916439e-07, 9.16843756471e-09, 4.61136181684e-07, 2.67663802234e-09, 1.10674713838e-08, 7.97361376925e-09, 3.06314223986e-10, 6.61856847106e-10, 2.62347921165e-10, 1.4680075211e-10, 3.71565452018e-12, 1.28724418277e-12, 1.03326593091e-14],
        "max": [9.93810681393e-05, 0.000707742176019, 0.0229184497148, 0.0165984462947, 0.0892536714673, 0.174473822117, 0.0431885421276, 0.267982542515, 0.0628942400217, 0.0804773643613, 0.00917998701334, 0.034931641072, 0.015526031144, 0.00528126442805, 0.00846083369106, 0.00164729938842, 0.0141221312806, 0.00121435103938, 0.0015352308983, 0.00172398774885, 0.000264518981567, 0.000401572469855, 0.000299179082504, 0.0001977924112, 3.28812711814e-05, 1.74081269506e-05, 1.18488242151e-06],
        "mean": [2.89983859147e-06, 2.13972234633e-05, 0.00125404144637, 0.00070663675433, 0.00369459879585, 0.00338313286193, 0.0018655351596, 0.00351934786886, 0.000888794718776, 0.0011429003207, 0.000203668663744, 0.000232722653891, 0.00017758316244, 9.11239621928e-05, 8.19054184831e-05, 1.68185597431e-05, 6.97204159223e-05, 9.95140999294e-06, 1.02249987322e-05, 9.77391300694e-06, 1.03103855054e-06, 1.26116765387e-06, 1.23529002849e-06, 7.23456366813e-07, 3.85453461149e-07, 2.54068737604e-07, 1.65820903675e-08],
        "median": [1.18109619507e-06, 1.39124213092e-05, 0.000654543400742, 0.000379348464776, 0.00189020053949, 0.00114898220636, 0.000614237505943, 0.000843421905302, 0.000116498413263, 0.000239070694079, 3.68619184883e-05, 3.14902536047e-05, 2.14854590013e-05, 7.81900325819e-06, 3.67376856047e-06, 7.79816843988e-07, 1.2077489373e-06, 1.88694400549e-07, 2.14105625673e-07, 3.86191771895e-08, 1.71626517442e-08, 1.16165246311e-08, 9.62509538738e-09, 6.16907858131e-09, 6.09301609167e-10, 3.30913241253e-10, 3.72561037576e-10],
        "min": [1.4881241313e-13, 3.45082686384e-13, 1.0019351478e-13, 1.23363220138e-13, 1.39817655067e-13, 8.95039725386e-14, 1.93011690072e-13, 1.89876895674e-13, 3.59038807799e-13, 4.06548845153e-13, 3.88577841778e-13, 8.31877318766e-13, 7.04330257312e-13, 6.86747859101e-13, 6.18736398922e-13, 3.74782073865e-13, 5.12057301942e-13, 9.18048297972e-13, 5.04380120569e-13, 1.1254434884e-12, 1.60892469053e-12, 2.06830993305e-12, 3.43867122277e-12, 4.07499077884e-12, 4.44230850022e-12, 6.25017268843e-12, 7.99180426697e-12],
        "stdev": [6.49222965876e-06, 3.50533737219e-05, 0.0018525243504, 0.00101782241836, 0.00665554916486, 0.00972237065434, 0.00421016197652, 0.0147083774209, 0.00355300446972, 0.00361533905379, 0.000499052985106, 0.00125893787481, 0.000751113810111, 0.000333471747581, 0.000462969270302, 8.99212900549e-05, 0.00063465628773, 5.6554996263e-05, 6.10769275227e-05, 7.83667201176e-05, 8.86153065949e-06, 1.35992177093e-05, 1.13429387056e-05, 6.74233979225e-06, 2.16921307583e-06, 1.39905455399e-06, 9.23200289549e-08],
        "var": [4.21490446711e-11, 1.22873899944e-09, 3.43184638041e-06, 1.03596255485e-06, 4.42963319074e-05, 9.45244828472e-05, 1.7725462385e-05, 0.000216336367885, 1.26238401208e-05, 1.30706757773e-05, 2.49053897505e-07, 1.58492457558e-06, 5.64171955375e-07, 1.112034127e-07, 2.14340545313e-07, 8.08583777712e-09, 4.02788572273e-07, 3.19846749086e-09, 3.73039066304e-09, 6.14134298971e-09, 7.85267267878e-11, 1.84938717118e-10, 1.28662261401e-10, 4.5459143394e-11, 4.70548513348e-12, 1.95735355007e-12, 8.52298781681e-15]
    },
    "erbbands": {
        "dmean": [0.000376144336769, 0.00736674200743, 0.211459875107, 0.654201805592, 2.08326482773, 2.7059943676, 4.44928693771, 7.95960187912, 13.66726017, 10.469370842, 25.5782375336, 8.85525608063, 15.9676198959, 2.88713002205, 2.85794663429, 7.07537794113, 4.49541187286, 2.11317300797, 1.16380882263, 0.989884614944, 0.413374066353, 1.55906295776, 0.770521640778, 0.273888528347, 0.270934611559, 0.156205996871, 0.0875776410103, 0.0350599810481, 0.0314086824656, 0.0377382263541, 0.0212350580841, 0.0100361537188, 0.00977149419487, 0.00259147072211, 0.00111383770127, 0.000519376713783, 0.000185820041224, 3.1518527976e-05, 2.42297505793e-06, 4.09034009863e-06],
        "dmean2": [0.000656180549413, 0.0123930182308, 0.344642966986, 1.12218177319, 2.83639144897, 4.14514160156, 6.77189302444, 11.392988205, 20.4166736603, 16.0460147858, 40.6697540283, 14.6441326141, 21.6379871368, 4.13495779037, 4.18624019623, 11.463013649, 6.98778247833, 2.67774248123, 1.63640367985, 1.40714049339, 0.634474396706, 2.07275986671, 1.01620638371, 0.352075576782, 0.451419144869, 0.230867445469, 0.145418092608, 0.0631600171328, 0.0530037358403, 0.0571766532958, 0.0356064550579, 0.0165365803987, 0.0177578665316, 0.00415673851967, 0.00171383458655, 0.00086867378559, 0.000326463399688, 5.51361190446e-05, 3.72757176592e-06, 5.8705554693e-06],
        "dvar": [3.25733509499e-07, 0.000193485015188, 0.320258140564, 3.86053299904, 21.3154735565, 122.698326111, 213.671905518, 1931.93920898, 3338.28881836, 4539.56884766, 56150.7539062, 4860.73828125, 12573.9716797, 162.227645874, 310.261260986, 4316.97119141, 514.486450195, 130.908996582, 114.751159668, 62.9964828491, 15.6987075806, 460.773010254, 99.6681365967, 4.05984640121, 17.8055229187, 4.01026439667, 1.14682376385, 0.216050550342, 0.175642058253, 0.261256217957, 0.0953764244914, 0.0134385013953, 0.0215172208846, 0.000452186068287, 5.65070004086e-05, 1.46342354128e-05, 1.54275517161e-06, 3.4162191298e-08, 9.03669084007e-11, 3.60052404558e-10],
        "dvar2": [8.42589258809e-07, 0.000403975282097, 0.6999771595, 9.62969207764, 36.3984680176, 234.482254028, 423.388519287, 2702.89135742, 5330.41455078, 11483.5253906, 108087.429688, 12678.8916016, 30036.6171875, 340.523132324, 748.411071777, 11789.2675781, 872.370666504, 242.617004395, 210.955169678, 118.36391449, 40.2112350464, 965.68170166, 186.755874634, 5.37101268768, 51.2632026672, 9.35934638977, 2.44540977478, 0.617283761501, 0.482867777348, 0.623886883259, 0.258079946041, 0.0339825563133, 0.0618187636137, 0.0011879770318, 0.000137987459311, 3.81073514291e-05, 4.56109364677e-06, 9.59617239005e-08, 1.87715037958e-10, 6.48087361554e-10],
        "max": [0.00829015206546, 0.403944134712, 16.1161117554, 53.3176040649, 73.1714706421, 341.214538574, 346.103393555, 1490.6328125, 1810.16381836, 1683.54748535, 7058.88964844, 1792.64526367, 3381.29638672, 258.069335938, 398.418182373, 1689.17993164, 706.449768066, 307.59274292, 318.062652588, 221.909515381, 113.08681488, 630.669372559, 292.883270264, 66.2038421631, 111.024177551, 57.853969574, 29.3928565979, 11.9979104996, 11.782959938, 14.6428966522, 8.38166427612, 3.24593925476, 3.79875135422, 0.522223711014, 0.1889244169, 0.0899036005139, 0.0283316951245, 0.00440142024308, 0.00016546799452, 0.000387777254218],
        "mean": [0.000748146965634, 0.0221172198653, 0.851060807705, 2.49441361427, 8.06461334229, 10.6966648102, 13.1123838425, 28.056142807, 44.1063117981, 28.6319446564, 83.6639022827, 28.969871521, 46.7370491028, 11.4892683029, 6.15877246857, 11.9226350784, 9.04805469513, 6.48003101349, 3.43780660629, 2.81228590012, 0.971024811268, 2.8389878273, 1.64900553226, 0.694209933281, 0.454579383135, 0.358286827803, 0.163701787591, 0.0444424375892, 0.0450351275504, 0.0538934804499, 0.0279054641724, 0.0156323406845, 0.0115550188348, 0.00493445666507, 0.00248415605165, 0.00124342855997, 0.000428014202043, 8.14270970295e-05, 1.02084013633e-05, 1.96186156245e-05],
        "median": [0.000476296467241, 0.0128819476813, 0.447049438953, 1.42316544056, 3.61135816574, 4.91620540619, 4.54024171829, 7.78433609009, 14.1951665878, 8.57614135742, 18.4287490845, 5.44030475616, 8.35482311249, 2.92651891708, 1.61341428757, 1.93769216537, 1.46134448051, 1.15720152855, 0.38824057579, 0.189590185881, 0.0710326433182, 0.0565830953419, 0.0265013817698, 0.0180616360158, 0.00442892406136, 0.00175654399209, 0.000901432009414, 0.00060820276849, 0.000464160577394, 0.000345939595718, 0.000252273195656, 0.000164747529197, 8.7819636974e-05, 2.25380208576e-05, 1.01932500911e-05, 7.60332932259e-06, 4.16337479692e-06, 8.5060537458e-07, 4.87523266202e-06, 9.83733752946e-06],
        "min": [2.43048740856e-11, 3.68031195797e-11, 1.14505772919e-10, 2.42227821134e-10, 5.31296673323e-10, 5.06650832399e-10, 1.62112753777e-10, 1.07856634735e-09, 2.97130697824e-09, 1.58071356005e-09, 5.59455548554e-09, 8.42124769918e-09, 1.42500118372e-08, 9.59118739985e-09, 1.84612609644e-08, 4.06303897194e-08, 3.12764960597e-08, 3.52352174104e-08, 3.2167719155e-08, 2.7307196504e-08, 2.26990248819e-08, 3.35126983941e-08, 5.1512035526e-08, 2.90122965652e-08, 3.16622710272e-08, 5.34357340598e-08, 5.63805571119e-08, 6.00500840164e-08, 6.14060411408e-08, 9.15085038855e-08, 9.4229193337e-08, 6.47483986427e-08, 8.56345181433e-08, 5.1066621154e-08, 3.12337320452e-08, 1.7919544959e-08, 1.3338524063e-08, 4.82603645935e-09, 1.09048570174e-09, 1.15992562777e-10],
        "stdev": [0.0009179583285, 0.0297327954322, 1.24480700493, 3.51150965691, 11.2712831497, 25.1817893982, 27.6015930176, 85.7531433105, 115.449645996, 79.9075393677, 384.261138916, 107.336006165, 151.387451172, 23.6137428284, 18.6559371948, 61.3220672607, 34.4073143005, 20.1586723328, 17.9378433228, 13.3941268921, 4.68466567993, 27.0547542572, 14.013510704, 3.66221880913, 3.9111096859, 2.63784193993, 1.36616742611, 0.405504435301, 0.423457443714, 0.55020904541, 0.280666291714, 0.122827082872, 0.123159393668, 0.0296046175063, 0.0137428250164, 0.00700393132865, 0.00232051173225, 0.000422965007601, 1.70334878931e-05, 3.41256600223e-05],
        "var": [8.42647523314e-07, 0.000884039094672, 1.54954457283, 12.3307008743, 127.041816711, 634.122497559, 761.847900391, 7353.60107422, 13328.6201172, 6385.21484375, 147656.625, 11521.0175781, 22918.1582031, 557.608886719, 348.044006348, 3760.39599609, 1183.86340332, 406.372070312, 321.766204834, 179.402633667, 21.9460945129, 731.959777832, 196.378479004, 13.4118461609, 15.2967786789, 6.95820951462, 1.86641347408, 0.164433836937, 0.179316207767, 0.302729964256, 0.078773573041, 0.0150864925236, 0.0151682356372, 0.000876433332451, 0.000188865233213, 4.90550519316e-05, 5.3847743402e-06, 1.78899398406e-07, 2.90139717807e-10, 1.16456067012e-09]
    },
    "gfcc": {
        "mean": [-215.375076294, 228.943725586, -109.36000061, -42.3106002808, -52.4735679626, -22.6787528992, -27.1010379791, -24.8330497742, -12.3820934296, -19.9700031281, -7.74017381668, -20.9819087982, -14.5845842361],
        "cov": [[6824.63525391, 283.459442139, -2070.01513672, 500.663879395, 614.757995605, -853.102905273, 34.1530799866, 36.9183654785, -119.790245056, -188.563796997, -50.5765991211, -93.5157394409, 34.7615661621], [283.459442139, 4077.20556641, 552.522399902, -836.467712402, 497.576477051, -560.50958252, 337.067321777, -560.775817871, 326.239105225, -355.804443359, 289.017883301, -322.907104492, 153.255279541], [-2070.01513672, 552.522399902, 1238.58898926, -256.578125, -383.033660889, 445.992584229, 42.340675354, -128.123458862, 139.275466919, -8.78002643585, 92.0126876831, -43.0056152344, 32.0852165222], [500.663879395, -836.467712402, -256.578125, 525.805847168, -61.9074401855, 113.036392212, 5.30625629425, 102.183197021, -51.3502655029, 54.3069076538, -50.3521156311, -6.18516206741, -43.986618042], [614.757995605, 497.576477051, -383.033660889, -61.9074401855, 438.713531494, -239.99256897, 15.3842163086, -20.2262859344, -27.8002300262, -43.2509880066, -16.4483184814, -38.6625137329, -7.12808036804], [-853.102905273, -560.50958252, 445.992584229, 113.036392212, -239.99256897, 494.250457764, -19.9752750397, 29.8595104218, 15.1853876114, 69.994468689, -11.560426712, -3.8777923584, -18.4408550262], [34.1530799866, 337.067321777, 42.340675354, 5.30625629425, 15.3842163086, -19.9752750397, 159.371337891, -32.2776947021, 18.4296684265, -15.4138088226, 19.8622817993, -56.4717941284, -9.37115955353], [36.9183654785, -560.775817871, -128.123458862, 102.183197021, -20.2262859344, 29.8595104218, -32.2776947021, 149.561767578, -47.6163711548, 34.1382331848, -60.1703643799, 41.5925064087, -31.6219959259], [-119.790245056, 326.239105225, 139.275466919, -51.3502655029, -27.8002300262, 15.1853876114, 18.4296684265, -47.6163711548, 113.364555359, -15.0492677689, 20.5065402985, -41.9445838928, 16.4675998688], [-188.563796997, -355.804443359, -8.78002643585, 54.3069076538, -43.2509880066, 69.994468689, -15.4138088226, 34.1382331848, -15.0492677689, 109.046730042, -7.41741371155, 28.7938575745, -14.7349185944], [-50.5765991211, 289.017883301, 92.0126876831, -50.3521156311, -16.4483184814, -11.560426712, 19.8622817993, -60.1703643799, 20.5065402985, -7.41741371155, 87.3622283936, -5.15109682083, 22.8422813416], [-93.5157394409, -322.907104492, -43.0056152344, -6.18516206741, -38.6625137329, -3.8777923584, -56.4717941284, 41.5925064087, -41.9445838928, 28.7938575745, -5.15109682083, 115.912864685, 10.0777292252], [34.7615661621, 153.255279541, 32.0852165222, -43.986618042, -7.12808036804, -18.4408550262, -9.37115955353, -31.6219959259, 16.4675998688, -14.7349185944, 22.8422813416, 10.0777292252, 53.9181098938]],
        "icov": [[0.000475887500215, -0.000829900091048, 0.00135792291258, -0.000597830454353, 0.000990067142993, -0.000642106460873, 0.000755782239139, -0.000734796107281, 0.000668810447678, -0.000162770636962, 0.000501093571074, -0.000205977383303, -5.45483817405e-05], [-0.000829900091048, 0.0084520149976, -0.00593308312818, 0.00460797082633, -0.00831763539463, 0.00632827077061, -0.00816365238279, 0.00930092390627, -0.00809259992093, 0.00810673367232, -0.00796279590577, 0.00611051544547, -0.00417980365455], [0.00135792291258, -0.00593308312818, 0.00838213600218, -0.00198072683997, 0.00754269910976, -0.00677294237539, 0.00505187548697, -0.0053690476343, 0.00418336829171, -0.00353141827509, 0.0039862273261, -0.00340046640486, 0.00249864021316], [-0.000597830454353, 0.00460797082633, -0.00198072683997, 0.00591927533969, -0.00357935251668, 0.00186349824071, -0.00499031273648, 0.00415987567976, -0.00418934738263, 0.00405657291412, -0.00456188432872, 0.0042793978937, -0.0014471069444], [0.000990067142993, -0.00831763539463, 0.00754269910976, -0.00357935251668, 0.0124425347894, -0.00575338350609, 0.00802631303668, -0.00820271112025, 0.00855305045843, -0.00727589940652, 0.00812670588493, -0.00408776802942, 0.00457696430385], [-0.000642106460873, 0.00632827077061, -0.00677294237539, 0.00186349824071, -0.00575338350609, 0.00982365757227, -0.00507623609155, 0.00640565669164, -0.0050686695613, 0.00385094969533, -0.00468307500705, 0.00559854367748, -0.00301087507978], [0.000755782239139, -0.00816365238279, 0.00505187548697, -0.00499031273648, 0.00802631303668, -0.00507623609155, 0.0160449501127, -0.00865343678743, 0.00835990719497, -0.00806653499603, 0.00620179949328, -0.00228772661649, 0.00572053669021], [-0.000734796107281, 0.00930092390627, -0.0053690476343, 0.00415987567976, -0.00820271112025, 0.00640565669164, -0.00865343678743, 0.0234034378082, -0.00764359580353, 0.00836119335145, -0.00280726002529, 0.00352228502743, -0.000895794655662], [0.000668810447678, -0.00809259992093, 0.00418336829171, -0.00418934738263, 0.00855305045843, -0.0050686695613, 0.00835990719497, -0.00764359580353, 0.0207369681448, -0.00871256180108, 0.00814586877823, -0.00124238047283, 0.00109797844198], [-0.000162770636962, 0.00810673367232, -0.00353141827509, 0.00405657291412, -0.00727589940652, 0.00385094969533, -0.00806653499603, 0.00836119335145, -0.00871256180108, 0.0208764132112, -0.00960239302367, 0.00352966296487, -0.00189522700384], [0.000501093571074, -0.00796279590577, 0.0039862273261, -0.00456188432872, 0.00812670588493, -0.00468307500705, 0.00620179949328, -0.00280726002529, 0.00814586877823, -0.00960239302367, 0.0254834704101, -0.00754871033132, 0.000623456027824], [-0.000205977383303, 0.00611051544547, -0.00340046640486, 0.0042793978937, -0.00408776802942, 0.00559854367748, -0.00228772661649, 0.00352228502743, -0.00124238047283, 0.00352966296487, -0.00754871033132, 0.0199170559645, -0.00785897858441], [-5.45483817405e-05, -0.00417980365455, 0.00249864021316, -0.0014471069444, 0.00457696430385, -0.00301087507978, 0.00572053669021, -0.000895794655662, 0.00109797844198, -0.00189522700384, 0.000623456027824, -0.00785897858441, 0.02819063887]]
    },
    "melbands": {
        "dmean": [3.47903664988e-06, 7.82897986937e-05, 0.000144687743159, 0.000148449922563, 0.00016943787341, 0.000201530609047, 0.000191896484466, 0.000135605849209, 0.000193108789972, 5.05508760398e-05, 7.71959676058e-05, 9.80769709713e-06, 8.49948719406e-06, 1.66262161656e-05, 1.13607256935e-05, 9.30258556764e-06, 3.61430829798e-06, 1.43190050039e-06, 2.63324977823e-06, 7.75423472987e-07, 4.91454443363e-07, 1.31597494146e-06, 2.08649612432e-06, 2.69751296855e-07, 2.28786745993e-07, 1.96190228507e-07, 1.9676903662e-07, 1.125512199e-07, 8.45345056177e-08, 2.57795971237e-08, 1.7009954334e-08, 1.23355885506e-08, 3.15600949818e-08, 1.79038917025e-08, 1.49480854361e-08, 6.1285065911e-09, 6.39605168828e-09, 7.89740806084e-09, 4.15753742544e-09, 1.81108816832e-09],
        "dmean2": [5.89709225096e-06, 0.000126278580865, 0.000223458526307, 0.000215781736188, 0.000251799472608, 0.000291959324386, 0.000283609842882, 0.000207198652788, 0.000307705660816, 8.0843194155e-05, 0.000104548707895, 1.50495307025e-05, 1.24955367937e-05, 2.69046140602e-05, 1.83546944754e-05, 1.39096455314e-05, 4.40431358584e-06, 2.01412581191e-06, 3.67075904251e-06, 1.13353507913e-06, 7.89555031133e-07, 1.82671135462e-06, 2.66268034466e-06, 3.56561059789e-07, 3.01456083207e-07, 3.39244905945e-07, 3.06854786913e-07, 1.60412852779e-07, 1.45590888678e-07, 4.71646295352e-08, 3.03882252695e-08, 2.06083168308e-08, 5.5602875193e-08, 2.96940108058e-08, 2.56220129558e-08, 9.72451275061e-09, 1.04570245796e-08, 1.43252298912e-08, 7.18045400916e-09, 2.85013346257e-09],
        "dvar": [4.5612250088e-11, 4.72561865195e-08, 1.44007671565e-07, 1.84060041875e-07, 3.37930828209e-07, 1.19441392599e-06, 6.51109814953e-07, 8.65702247665e-07, 3.05696562464e-06, 1.84028465355e-07, 2.99897664036e-07, 1.9688557451e-09, 2.67725597247e-09, 2.64167301367e-08, 5.2683351015e-09, 3.98285893155e-09, 4.86697904201e-10, 1.49387613391e-10, 5.95578364404e-10, 2.33554321716e-11, 1.86176195988e-11, 3.03024105808e-10, 8.268376539e-10, 4.91226547286e-12, 2.40240336305e-12, 7.39277302569e-12, 6.85131552186e-12, 1.62325448222e-12, 1.09322544507e-12, 1.39585811985e-13, 3.70153567357e-14, 1.40314666895e-14, 2.90951588993e-13, 4.63310081489e-14, 5.1846053221e-14, 3.49425167654e-15, 5.44627362008e-15, 1.33807734383e-14, 2.67449297843e-15, 1.26573178865e-16],
        "dvar2": [1.18159967921e-10, 1.02537008217e-07, 3.2495125879e-07, 3.61054134146e-07, 6.52966946291e-07, 1.70874500327e-06, 1.02804472135e-06, 2.18566378862e-06, 5.85612997384e-06, 4.97606038152e-07, 7.14055545359e-07, 4.18986667583e-09, 6.17510531598e-09, 7.25792546064e-08, 1.41148150945e-08, 6.07396666297e-09, 9.25916732175e-10, 2.75258760229e-10, 1.05229791547e-09, 5.57178157778e-11, 5.0478652508e-11, 6.51447618072e-10, 1.62779079105e-09, 9.44156992172e-12, 2.89691035917e-12, 2.2509905398e-11, 1.78256784333e-11, 3.54206095877e-12, 2.26509024211e-12, 4.01302661891e-13, 1.08459851614e-13, 3.57408364243e-14, 8.29356602925e-13, 1.03030722788e-13, 1.43934316505e-13, 8.86509087168e-15, 1.37654576865e-14, 3.83856290395e-14, 7.62885814362e-15, 2.90181999845e-16],
        "max": [0.000135035923449, 0.00628457264975, 0.00930338725448, 0.0124303773046, 0.0163378454745, 0.0370136573911, 0.025405773893, 0.019167739898, 0.0528037771583, 0.0117801409215, 0.0165699459612, 0.000993472873233, 0.00131956872065, 0.00419463543221, 0.00178417703137, 0.0021231812425, 0.000647766632028, 0.000367998087313, 0.000750991166569, 0.000124211393995, 0.000116056857223, 0.000508499448188, 0.000848535157274, 7.25904319552e-05, 4.92904364364e-05, 6.75403789501e-05, 7.20756652299e-05, 3.60463054676e-05, 2.76790324278e-05, 9.4253973657e-06, 4.81361894344e-06, 3.42155885846e-06, 1.43302859215e-05, 5.78747267355e-06, 6.01559895586e-06, 1.69658108007e-06, 2.03229660656e-06, 2.98157965517e-06, 1.34655647344e-06, 3.34557569204e-07],
        "mean": [5.05763773617e-06, 0.000326263398165, 0.00059964339016, 0.000642240629531, 0.00050771079259, 0.000704934063833, 0.000627478642855, 0.000370315276086, 0.000613752636127, 0.000158252150868, 0.000222676739213, 3.79021657864e-05, 1.98848556465e-05, 2.78016959783e-05, 2.08778401429e-05, 1.95797074412e-05, 1.14689328257e-05, 4.35642323282e-06, 6.71033058097e-06, 2.06870504371e-06, 9.19015292311e-07, 2.35088577938e-06, 3.94219978261e-06, 5.83902760809e-07, 5.50389472664e-07, 3.07594035576e-07, 3.0516017091e-07, 2.31545371321e-07, 1.53557834892e-07, 2.71431161991e-08, 2.21245102239e-08, 2.0792295885e-08, 3.51848221669e-08, 2.74917404397e-08, 1.77802483847e-08, 9.89127713069e-09, 9.06677133372e-09, 8.58901660905e-09, 5.67344837776e-09, 3.72668740312e-09],
        "median": [3.24154439113e-06, 0.000170383238583, 0.000332519819494, 0.000335276476108, 0.000194586275029, 0.000200721275178, 0.000206545446417, 0.000102602403786, 0.000129132764414, 2.30922632909e-05, 3.85794483009e-05, 6.75870660416e-06, 4.24892277806e-06, 4.89339254273e-06, 3.50842356056e-06, 1.88439810245e-06, 1.23841641653e-06, 5.08727339366e-07, 2.67042622681e-07, 1.35613049679e-07, 4.97286407608e-08, 5.33156487847e-08, 2.85693921853e-08, 1.28360717611e-08, 1.22980132744e-08, 1.32386013263e-09, 1.69773961556e-09, 7.48843653753e-10, 6.31004914986e-10, 3.67380431632e-10, 3.30619476241e-10, 2.74197969885e-10, 1.71428857221e-10, 1.88950383118e-10, 1.44944972691e-10, 1.24968813076e-10, 7.72662350768e-11, 5.46624134845e-11, 3.32790912883e-11, 3.15308976845e-12],
        "min": [2.23124199238e-13, 5.28499058481e-14, 5.36056150911e-14, 3.94803174799e-14, 7.19852983103e-15, 2.31381516865e-14, 4.51729548678e-14, 1.60542254133e-14, 4.8674775419e-14, 5.37766547601e-14, 7.39356289408e-14, 3.83870249498e-14, 5.89398999442e-14, 7.29774991522e-14, 1.32766668211e-13, 4.46177688166e-14, 6.74618238876e-14, 5.03453107383e-14, 4.39749758417e-14, 2.66077832917e-14, 2.60362274817e-14, 2.75729265131e-14, 5.6315493718e-14, 3.56684456005e-14, 2.18203242747e-14, 2.05435389972e-14, 2.89241693747e-14, 3.68402072628e-14, 3.39253060052e-14, 3.89288820906e-14, 3.46694888239e-14, 2.82677967676e-14, 5.28597077134e-14, 4.89624921824e-14, 4.55173110303e-14, 6.2883773438e-14, 3.24073585892e-14, 5.6831367276e-14, 5.99174572805e-14, 3.93098097476e-14],
