{
"metadata": {
    "version": {
        "essentia": "2.1-beta6-dev",
        "essentia_git_sha": "v2.1_beta5-778-gc9eadba6",
        "extractor": "music 2.0"
    },
    "audio_properties": {
        "analysis": {
            "equal_loudness": 0,
            "length": 14.9999771118,
            "sample_rate": 44100,
            "start_time": 0,
            "downmix": "mix"
        },
        "bit_rate": 128000,
        "length": 15,
        "lossless": 0,
        "number_channels": 2,
        "replay_gain": 0.209945678711,
        "sample_rate": 48000,
        "codec": "mp3",
        "md5_encoded": "d5c73250905f0bb53bf8c37a7e7e1ab2"
    },
    "tags": {
        "file_name": "robertmiles-children2.mp3",
        "encoding": ["Lavf59.16.100"]
    }
},
"lowlevel": {
    "average_loudness": 0.983882069588,
    "barkbands_crest": {
        "dmean": 2.65707087517,
        "dmean2": 3.84102368355,
        "dvar": 11.0557098389,
        "dvar2": 15.7519140244,
        "max": 26.5380363464,
        "mean": 14.8185796738,
        "median": 11.8545694351,
        "min": 3.21057581902,
        "stdev": 6.7216835022,
        "var": 45.1810302734
    },
    "barkbands_flatness_db": {
        "dmean": 0.0425873175263,
        "dmean2": 0.0557915084064,
        "dvar": 0.00222307862714,
        "dvar2": 0.00317748542875,
        "max": 0.624706208706,
        "mean": 0.328622251749,
        "median": 0.328184783459,
        "min": 0.0403555594385,
        "stdev": 0.125183701515,
        "var": 0.0156709607691
    },
    "barkbands_kurtosis": {
        "dmean": 44.8407554626,
        "dmean2": 70.0656280518,
        "dvar": 8623.93164062,
        "dvar2": 18794.1679688,
        "max": 753.962036133,
        "mean": 59.8344688416,
        "median": 7.91243934631,
        "min": -1.47500240803,
        "stdev": 124.341323853,
        "var": 15460.7646484
    },
    "barkbands_skewness": {
        "dmean": 1.86106920242,
        "dmean2": 2.76033234596,
        "dvar": 6.45041465759,
        "dvar2": 12.4670352936,
        "max": 22.3016643524,
        "mean": 4.34373283386,
        "median": 2.39526891708,
        "min": -0.122587807477,
        "stdev": 4.34451913834,
        "var": 18.8748455048
    },
    "barkbands_spread": {
        "dmean": 2.52039980888,
        "dmean2": 3.72646570206,
        "dvar": 13.0831518173,
        "dvar2": 28.0782089233,
        "max": 55.5857620239,
        "mean": 6.15461063385,
        "median": 3.86783123016,
        "min": 0.0782129392028,
        "stdev": 7.82364988327,
        "var": 61.2094993591
    },
    "dissonance": {
        "dmean": 0.0298468731344,
        "dmean2": 0.0507900081575,
        "dvar": 0.000873584882356,
        "dvar2": 0.00270285154693,
        "max": 0.499619364738,
        "mean": 0.443942606449,
        "median": 0.453967541456,
        "min": 0.299844115973,
        "stdev": 0.0367051586509,
        "var": 0.00134726869874
    },
    "dynamic_complexity": 3.7542746067,
    "erbbands_crest": {
        "dmean": 2.49951457977,
        "dmean2": 4.02507972717,
        "dvar": 8.60723972321,
        "dvar2": 20.3911170959,
        "max": 23.6686077118,
        "mean": 8.1704864502,
        "median": 6.51865291595,
        "min": 2.9794216156,
        "stdev": 4.81523084641,
        "var": 23.1864490509
    },
    "erbbands_flatness_db": {
        "dmean": 0.0249198991805,
        "dmean2": 0.0353199280798,
        "dvar": 0.000457107642433,
        "dvar2": 0.00111393944826,
        "max": 0.399996250868,
        "mean": 0.235764473677,
        "median": 0.240471333265,
        "min": 0.0933005139232,
        "stdev": 0.0629562065005,
        "var": 0.0039634834975
    },
    "erbbands_kurtosis": {
        "dmean": 2.6690132618,
        "dmean2": 4.12309169769,
        "dvar": 18.5802707672,
        "dvar2": 39.2723045349,
        "max": 34.4984397888,
        "mean": 2.1916911602,
        "median": 0.371700286865,
        "min": -1.60228514671,
        "stdev": 5.3876376152,
        "var": 29.0266399384
    },
    "erbbands_skewness": {
        "dmean": 0.653515636921,
        "dmean2": 0.982535123825,
        "dvar": 0.454520791769,
        "dvar2": 1.03291904926,
        "max": 4.96907138824,
        "mean": 0.791533231735,
        "median": 0.547316253185,
        "min": -1.30593490601,
        "stdev": 1.03559100628,
        "var": 1.07244861126
    },
    "erbbands_spread": {
        "dmean": 9.68875408173,
        "dmean2": 15.2804813385,
        "dvar": 139.436553955,
        "dvar2": 385.491027832,
        "max": 106.818206787,
        "mean": 27.4830589294,
        "median": 22.2704334259,
        "min": 3.9446349144,
        "stdev": 17.220954895,
        "var": 296.561279297
    },
    "hfc": {
        "dmean": 4.1209397316,
        "dmean2": 6.76684379578,
        "dvar": 73.6306381226,
        "dvar2": 199.958786011,
        "max": 52.9626502991,
        "mean": 5.96135425568,
        "median": 3.31768417358,
        "min": 1.42530083735e-07,
        "stdev": 8.53050994873,
        "var": 72.7695999146
    },
    "loudness_ebu128": {
        "integrated": -24.6073741913,
        "loudness_range": 0.678897857666,
        "momentary": {
            "dmean": 0.708494544029,
            "dmean2": 1.1382791996,
            "dvar": 0.986887276173,
            "dvar2": 1.15802299976,
            "max": -22.9676036835,
            "mean": -25.0564842224,
            "median": -24.4263134003,
            "min": -39.954826355,
            "stdev": 2.39004325867,
            "var": 5.71230697632
        },
        "short_term": {
            "dmean": 0.11444606632,
            "dmean2": 0.197115033865,
            "dvar": 0.0121195316315,
            "dvar2": 0.0259105097502,
            "max": -23.8528709412,
            "mean": -24.5372695923,
            "median": -24.5408973694,
            "min": -25.8277492523,
            "stdev": 0.263437509537,
            "var": 0.0693993270397
        }
    },
    "melbands_crest": {
        "dmean": 3.98476529121,
        "dmean2": 5.43307495117,
        "dvar": 14.0370607376,
        "dvar2": 30.6789417267,
        "max": 35.1271972656,
        "mean": 20.8912944794,
        "median": 19.8111572266,
        "min": 5.51641893387,
        "stdev": 7.26944065094,
        "var": 52.8447647095
    },
    "melbands_flatness_db": {
        "dmean": 0.0504723377526,
        "dmean2": 0.0662397667766,
        "dvar": 0.00303164543584,
        "dvar2": 0.004572046455,
        "max": 0.7759770751,
        "mean": 0.44930690527,
        "median": 0.45057490468,
        "min": 0.0875512883067,
        "stdev": 0.146871268749,
        "var": 0.0215711705387
    },
    "melbands_kurtosis": {
        "dmean": 39.1209411621,
        "dmean2": 63.1993942261,
        "dvar": 4776.32128906,
        "dvar2": 11416.3632812,
        "max": 625.692687988,
        "mean": 55.2818183899,
        "median": 16.1448574066,
        "min": -0.50493311882,
        "stdev": 90.6562805176,
        "var": 8218.56152344
    },
    "melbands_skewness": {
        "dmean": 1.56373643875,
        "dmean2": 2.37843394279,
        "dvar": 3.86119198799,
        "dvar2": 8.35415744781,
        "max": 17.0737667084,
        "mean": 4.35926389694,
        "median": 3.20577597618,
        "min": 0.714622199535,
        "stdev": 3.08095908165,
        "var": 9.49230957031
    },
    "melbands_spread": {
        "dmean": 2.94879579544,
        "dmean2": 4.47546672821,
        "dvar": 21.515920639,
        "dvar2": 48.1748695374,
        "max": 64.7773666382,
        "mean": 5.92500448227,
        "median": 3.62846446037,
        "min": 0.231237277389,
        "stdev": 8.01657295227,
        "var": 64.2654342651
    },
    "pitch_salience": {
        "dmean": 0.115148574114,
        "dmean2": 0.153702586889,
        "dvar": 0.0161836240441,
        "dvar2": 0.0246335826814,
        "max": 0.898730874062,
        "mean": 0.432395875454,
        "median": 0.481723159552,
        "min": 0.0500116087496,
        "stdev": 0.240752905607,
        "var": 0.0579619593918
    },
    "silence_rate_20dB": {
        "dmean": 0,
        "dmean2": 0,
        "dvar": 0,
        "dvar2": 0,
        "max": 1,
        "mean": 1,
        "median": 1,
        "min": 1,
        "stdev": 0,
        "var": 0
    },
    "silence_rate_30dB": {
        "dmean": 0.0959752351046,
        "dmean2": 0.192248061299,
        "dvar": 0.0867643505335,
        "dvar2": 0.15528832376,
        "max": 1,
        "mean": 0.880989193916,
        "median": 1,
        "min": 0,
        "stdev": 0.323801219463,
        "var": 0.104847230017
    },
    "silence_rate_60dB": {
        "dmean": 0.0216718260199,
        "dmean2": 0.0434108525515,
        "dvar": 0.0212020557374,
        "dvar2": 0.0570301748812,
        "max": 1,
        "mean": 0.0695517808199,
        "median": 0,
        "min": 0,
        "stdev": 0.254389375448,
        "var": 0.0647139549255
    },
    "spectral_centroid": {
        "dmean": 167.161911011,
        "dmean2": 262.165222168,
        "dvar": 54768.3085938,
        "dvar2": 130100.289062,
        "max": 2704.38012695,
        "mean": 541.499572754,
        "median": 372.820861816,
        "min": 95.7656021118,
        "stdev": 487.864746094,
        "var": 238012.015625
    },
    "spectral_complexity": {
        "dmean": 3.12693500519,
        "dmean2": 4.68527126312,
        "dvar": 12.6062068939,
        "dvar2": 29.6699733734,
        "max": 35,
        "mean": 8.65842342377,
        "median": 8,
        "min": 0,
        "stdev": 5.49940538406,
        "var": 30.2434577942
    },
    "spectral_decrease": {
        "dmean": 4.2219991947e-09,
        "dmean2": 5.51430279216e-09,
        "dvar": 4.51435771447e-17,
        "dvar2": 7.63751212042e-17,
        "max": -1.89047695311e-17,
        "mean": -8.9931591063e-09,
        "median": -4.5977985863e-09,
        "min": -4.51407764501e-08,
        "stdev": 1.10137490239e-08,
        "var": 1.21302675169e-16
    },
    "spectral_energy": {
        "dmean": 0.0162048842758,
        "dmean2": 0.0213335193694,
        "dvar": 0.000671427056659,
        "dvar2": 0.00115731626283,
        "max": 0.172068461776,
        "mean": 0.0344828851521,
        "median": 0.0176182854921,
        "min": 8.42789796285e-11,
        "stdev": 0.0421625673771,
        "var": 0.00177768222056
    },
    "spectral_energyband_high": {
        "dmean": 2.48263040703e-05,
        "dmean2": 4.22756929765e-05,
        "dvar": 2.38283881515e-09,
        "dvar2": 6.39043395978e-09,
        "max": 0.000638058350887,
        "mean": 3.86538667954e-05,
        "median": 8.89364764589e-06,
        "min": 1.03555801087e-11,
        "stdev": 8.053095371e-05,
        "var": 6.48523501567e-09
    },
    "spectral_energyband_low": {
        "dmean": 0.0150741394609,
        "dmean2": 0.0164238419384,
        "dvar": 0.000521768466569,
        "dvar2": 0.000671492714901,
        "max": 0.167777612805,
        "mean": 0.0266734864563,
        "median": 0.0123500339687,
        "min": 4.80123926727e-12,
        "stdev": 0.0370370671153,
        "var": 0.00137174432166
    },
    "spectral_energyband_middle_high": {
        "dmean": 0.00132014520932,
        "dmean2": 0.00241880421527,
        "dvar": 1.01343375718e-05,
        "dvar2": 2.88316350634e-05,
        "max": 0.0191920381039,
        "mean": 0.00103036419023,
        "median": 0.000272278441116,
        "min": 2.47215563992e-11,
        "stdev": 0.0024677272886,
        "var": 6.08967775406e-06
    },
    "spectral_energyband_middle_low": {
        "dmean": 0.00955649465322,
        "dmean2": 0.0169952623546,
        "dvar": 0.000635029398836,
        "dvar2": 0.0017380733043,
        "max": 0.128726571798,
        "mean": 0.0086611090228,
        "median": 0.00434036133811,
        "min": 4.71531494406e-11,
        "stdev": 0.0205069053918,
        "var": 0.000420533149736
    },
    "spectral_entropy": {
        "dmean": 0.281221389771,
        "dmean2": 0.365822613239,
        "dvar": 0.0788350701332,
        "dvar2": 0.138021692634,
        "max": 8.19700717926,
        "mean": 6.36498451233,
        "median": 6.23256492615,
        "min": 4.34560871124,
        "stdev": 0.772319197655,
        "var": 0.596476912498
    },
    "spectral_flux": {
        "dmean": 0.0432521663606,
        "dmean2": 0.0527957044542,
        "dvar": 0.00277291750535,
        "dvar2": 0.00376542494632,
        "max": 0.421779483557,
        "mean": 0.0946147069335,
        "median": 0.0472962260246,
        "min": 9.18035857467e-06,
        "stdev": 0.100206360221,
        "var": 0.0100413151085
    },
    "spectral_kurtosis": {
        "dmean": 13.7167291641,
        "dmean2": 21.6794185638,
        "dvar": 278.819671631,
        "dvar2": 667.436218262,
        "max": 141.442108154,
        "mean": 28.772102356,
        "median": 17.9689025879,
        "min": 0.777334690094,
        "stdev": 27.1376609802,
        "var": 736.452636719
    },
    "spectral_rms": {
        "dmean": 0.00121823162772,
        "dmean2": 0.0014993493678,
        "dvar": 2.34010803979e-06,
        "dvar2": 3.9189249037e-06,
        "max": 0.0129565298557,
        "mean": 0.00493872724473,
        "median": 0.00414591003209,
        "min": 2.86746228539e-07,
        "stdev": 0.0030415141955,
        "var": 9.25080803427e-06
    },
    "spectral_rolloff": {
        "dmean": 179.331954956,
        "dmean2": 288.978179932,
        "dvar": 102968.554688,
        "dvar2": 241225.53125,
        "max": 5017.23632812,
        "mean": 362.23614502,
        "median": 215.33203125,
        "min": 64.599609375,
        "stdev": 541.654296875,
        "var": 293389.375
    },
    "spectral_skewness": {
        "dmean": 0.935557723045,
        "dmean2": 1.46083533764,
        "dvar": 0.874930858612,
        "dvar2": 2.09883594513,
        "max": 10.164940834,
        "mean": 3.7289378643,
        "median": 3.27430844307,
        "min": 0.591090738773,
        "stdev": 1.8828111887,
        "var": 3.54497814178
    },
    "spectral_spread": {
        "dmean": 482178.625,
        "dmean2": 800075.25,
        "dvar": 211467010048,
        "dvar2": 573679599616,
        "max": 6429515,
        "mean": 2165848.75,
        "median": 1910583.25,
        "min": 683211.5,
        "stdev": 1111745.75,
        "var": 1.23597868237e+12
    },
    "spectral_strongpeak": {
        "dmean": 0.158538416028,
        "dmean2": 0.20587028563,
        "dvar": 0.0379603654146,
        "dvar2": 0.0616476088762,
        "max": 1.60586202145,
        "mean": 0.373647004366,
        "median": 0.263339221478,
        "min": 1.05766330307e-05,
        "stdev": 0.331193834543,
        "var": 0.109689362347
    },
    "zerocrossingrate": {
        "dmean": 0.00352454418316,
        "dmean2": 0.00459287175909,
        "dvar": 3.26905174006e-05,
        "dvar2": 6.2661456468e-05,
        "max": 0.1748046875,
        "mean": 0.013892242685,
        "median": 0.00830078125,
        "min": 0.001953125,
        "stdev": 0.0182403363287,
        "var": 0.000332709896611
    },
    "barkbands": {
        "dmean": [0.00010574782209, 0.0114146964625, 0.00864779483527, 0.00410441076383, 0.00305588939227, 0.00122102349997, 0.00105055258609, 0.000691531749908, 0.000530001765583, 0.000392766058212, 0.000697579234838, 0.00017257926811, 4.6952329285e-05, 3.92893962271e-05, 3.26683220919e-05, 2.27966902457e-05, 2.16672215174e-05, 1.74442247953e-05, 1.54025874508e-05, 2.23680890485e-05, 4.30179534305e-06, 2.61276409219e-06, 7.3375554166e-07, 4.63339659973e-07, 3.22729817981e-07, 2.06819052551e-07, 1.96620160153e-08],
        "dmean2": [0.000138334900839, 0.0148166948929, 0.014276127331, 0.00769938901067, 0.00544016482309, 0.00202274415642, 0.00200566416606, 0.00132040225435, 0.000997939729132, 0.000725754129235, 0.0013111976441, 0.000306031550281, 7.78542307671e-05, 6.54454925098e-05, 5.7029988966e-05, 3.92932342947e-05, 3.8996902731e-05, 3.10307696054e-05, 2.82212604361e-05, 3.85837774957e-05, 7.51307652536e-06, 3.9287956497e-06, 1.1596632703e-06, 7.02709371581e-07, 4.92419587772e-07, 2.95240454307e-07, 2.96010682632e-08],
        "dvar": [1.4250752578e-08, 0.000452922075056, 0.000406414590543, 0.000138875868288, 6.29759160802e-05, 7.62048784964e-06, 8.87901569513e-06, 3.39652683579e-06, 1.86476995623e-06, 9.4059703315e-07, 3.84523445973e-06, 1.34981576139e-07, 7.65474705844e-09, 9.24605902952e-09, 5.89108806182e-09, 4.07932754243e-09, 5.77224268383e-09, 4.84873208251e-09, 6.39621067222e-09, 1.86718840389e-09, 2.87846774194e-10, 9.20903492352e-11, 5.74971840972e-12, 2.0274138271e-12, 1.18327884383e-12, 5.7948931027e-13, 5.50570695737e-15],
        "dvar2": [2.63419330793e-08, 0.000839210464619, 0.00103574362583, 0.000392912479583, 0.000179329392267, 1.99757851078e-05, 2.57910505752e-05, 9.84688267636e-06, 5.38567292097e-06, 2.69643760475e-06, 1.09975690066e-05, 3.78370543785e-07, 2.06643324674e-08, 2.45658640097e-08, 1.62250355373e-08, 1.11547215909e-08, 1.69330274247e-08, 1.37241427112e-08, 1.85315283119e-08, 4.98330354759e-09, 8.37530822473e-10, 2.1725213295e-10, 1.09580400309e-11, 4.1880283963e-12, 2.36034802814e-12, 1.0717316791e-12, 1.26458181966e-14],
        "max": [0.0010205792496, 0.136582329869, 0.115682177246, 0.0649727284908, 0.0412925519049, 0.0196906663477, 0.0156091284007, 0.0102058108896, 0.00815880671144, 0.0058980374597, 0.0116805620492, 0.00226415274665, 0.000762081472203, 0.00132000562735, 0.000805311952718, 0.000749264494516, 0.00077759870328, 0.00099806021899, 0.00126820534933, 0.000490527017973, 0.000283846806269, 0.000147083686898, 3.27785710397e-05, 2.08675010072e-05, 2.17658434849e-05, 1.41790242196e-05, 1.25603116885e-06],
        "mean": [0.000197026980459, 0.0164134595543, 0.0081865908578, 0.00305748777464, 0.00262446678244, 0.0012281278614, 0.000742932548746, 0.000510893936735, 0.000408776628319, 0.000296919955872, 0.000443885364803, 0.000143608034705, 5.00262685819e-05, 3.69252011296e-05, 2.95545996778e-05, 2.09603294934e-05, 1.87072892004e-05, 1.59333012562e-05, 1.36620701596e-05, 3.13476884912e-05, 5.14524163009e-06, 3.2092220863e-06, 1.16058402e-06, 9.05944773422e-07, 7.56874499075e-07, 4.82306120375e-07, 2.60194674695e-08],
        "median": [0.000135341339046, 0.00672292243689, 0.00305030914024, 0.000890450901352, 0.0010826846119, 0.000563946261536, 0.000225060342927, 0.000169886203366, 0.000142628559843, 8.51018921821e-05, 5.49263277208e-05, 2.91724991257e-05, 1.23668478409e-05, 6.29265059615e-06, 4.46160311185e-06, 2.23234519581e-06, 1.51673839355e-06, 9.83733798421e-07, 6.12157350588e-07, 8.12997132016e-06, 1.95284599158e-07, 1.00168747963e-07, 5.67841240695e-08, 4.87127209681e-08, 4.1552517871e-08, 2.14454516367e-08, 7.97502175409e-10],
        "min": [2.07796410287e-12, 2.57645315672e-12, 8.06834633826e-13, 7.82161173937e-13, 1.21432497304e-12, 1.65392352591e-12, 3.95257871572e-12, 6.40575786859e-12, 2.56078630523e-11, 1.41327843525e-11, 7.07899342443e-13, 1.7689503291e-12, 5.91781506611e-13, 9.81840368557e-13, 8.02685988423e-13, 1.83280734339e-12, 7.17947446285e-12, 4.55937696452e-13, 2.17581310499e-13, 3.5568644384e-12, 1.00495317363e-12, 2.02495897654e-12, 8.97868747667e-13, 8.41707779864e-13, 5.36354326838e-13, 7.47753530102e-13, 9.09770956486e-13],
        "stdev": [0.000189354017493, 0.0269290935248, 0.0178769826889, 0.00898134056479, 0.00630072783679, 0.00247214594856, 0.00222105858847, 0.00137755717151, 0.00102434400469, 0.000735938432626, 0.00147417117842, 0.00030122147291, 9.09991431399e-05, 9.03605250642e-05, 7.59685353842e-05, 6.24295789748e-05, 6.71268426231e-05, 6.4380983531e-05, 6.92671528668e-05, 6.38613128103e-05, 1.99918686121e-05, 1.16412784337e-05, 3.51989888259e-06, 2.48456035479e-06, 2.08168899007e-06, 1.41554494348e-06, 9.29446102305e-08],
        "var": [3.58549456791e-08, 0.000725176127162, 0.000319586513797, 8.06644820841e-05, 3.9699170884e-05, 6.1115056269e-06, 4.93310108141e-06, 1.89766365111e-06, 1.04928062683e-06, 5.41605345461e-07, 2.17318051909e-06, 9.07343746803e-08, 8.28084356641e-09, 8.1650242123e-09, 5.77121817003e-09, 3.89745258289e-09, 4.50601289614e-09, 4.14491063694e-09, 4.79793849095e-09, 4.07826750148e-09, 3.99674821017e-10, 1.35519373501e-10, 1.23896882337e-11, 6.17304037748e-12, 4.33342858125e-12, 2.00376737772e-12, 8.63870098773e-15]
    },
    "erbbands": {
        "dmean": [0.190339252353, 3.12465023994, 9.77989292145, 11.2158679962, 11.537446022, 10.2195253372, 6.54681444168, 11.0748662949, 13.7988615036, 16.1437454224, 15.6116685867, 12.0965433121, 9.99023628235, 16.7406024933, 26.9915771484, 6.75757646561, 2.42726492882, 1.9658575058, 1.9272851944, 1.41429305077, 1.22381865978, 1.2403138876, 1.05846512318, 0.932190060616, 0.540974259377, 1.09340500832, 0.446229547262, 0.105956144631, 0.113172903657, 0.0382219217718, 0.0183340124786, 0.0123747559264, 0.0072080725804, 0.00377509277314, 0.00232185842469, 0.00121213903185, 0.000306769827148, 6.9869303843e-05, 8.54542395246e-06, 1.77332221938e-05],
        "dmean2": [0.219773516059, 4.12451791763, 15.2302656174, 18.7602386475, 21.0366573334, 18.5959320068, 9.4007062912, 19.3322696686, 26.095697403, 30.9145202637, 29.9304332733, 22.7579536438, 18.5309448242, 31.2412242889, 50.3499679565, 12.0755023956, 4.04346513748, 3.21967697144, 3.25786066055, 2.47251367569, 2.12407207489, 2.22254681587, 1.88028120995, 1.74200356007, 0.929183959961, 1.87214183807, 0.792293667793, 0.176293358207, 0.17517209053, 0.06153954193, 0.0279029216617, 0.01881121099, 0.0112234065309, 0.00598925212398, 0.00352374347858, 0.00179928075522, 0.000443457684014, 0.000108557571366, 1.15628999993e-05, 2.35296993196e-05],
        "dvar": [0.104156732559, 34.9178085327, 463.506958008, 722.976318359, 1000.28509521, 708.619567871, 142.780212402, 760.947875977, 1495.32177734, 1984.55664062, 1880.75, 947.835693359, 583.271362305, 1976.21362305, 5589.18164062, 214.659851074, 18.4378089905, 18.7468624115, 22.0888843536, 11.9643802643, 12.6289720535, 19.2155418396, 16.8244781494, 23.0156517029, 5.83600759506, 4.36837816238, 1.33237361908, 0.124731592834, 0.179821014404, 0.0162444487214, 0.00363538460806, 0.00161468156148, 0.000451450381661, 0.00017020307132, 6.64767358103e-05, 1.8958498913e-05, 1.33020228077e-06, 6.71054891654e-08, 1.66982011551e-10, 8.08487887749e-10],
        "dvar2": [0.154645502567, 64.5646133423, 1131.01513672, 1816.46936035, 2827.47290039, 2031.67419434, 279.268463135, 2098.41796875, 4304.85742188, 5759.27490234, 5451.77783203, 2739.60839844, 1674.28894043, 5661.31542969, 15925.3300781, 610.372619629, 49.6074943542, 50.1091079712, 58.5088119507, 33.4546699524, 34.8544960022, 56.3898506165, 46.3278427124, 67.3093490601, 16.2714328766, 11.699587822, 3.70245313644, 0.332212388515, 0.432827532291, 0.0382151603699, 0.00703227007762, 0.00326554640196, 0.000936522963457, 0.00036434744834, 0.000138491755934, 3.59518053301e-05, 2.70549753623e-06, 1.45168371546e-07, 2.94694713077e-10, 1.42288714144e-09],
        "max": [2.14934849739, 37.0373916626, 119.609840393, 155.181335449, 162.31652832, 150.647018433, 115.678375244, 189.25894165, 219.689422607, 241.038162231, 242.16027832, 181.576904297, 139.195266724, 265.316802979, 452.220733643, 91.4745254517, 39.2250175476, 53.1389312744, 55.2229003906, 37.1538352966, 42.7507591248, 49.1693305969, 50.9670944214, 68.170425415, 30.572271347, 23.2458972931, 19.3316478729, 5.64178466797, 6.6181974411, 1.49811792374, 0.879285514355, 0.572284460068, 0.364415317774, 0.204786866903, 0.181920424104, 0.0743408128619, 0.0234407391399, 0.00415292754769, 0.000144082296174, 0.00018690014258],
        "mean": [0.320859164, 4.14422130585, 10.0135402679, 10.6020517349, 9.04538917542, 8.79392528534, 8.33172225952, 10.5296735764, 10.6190767288, 11.5220251083, 11.0429496765, 9.6355266571, 8.08721351624, 11.6140995026, 17.4322299957, 5.59530878067, 2.5815987587, 1.96019375324, 1.7510830164, 1.35782158375, 1.11024689674, 1.10426187515, 0.952268064022, 0.848183691502, 0.535207808018, 1.51414239407, 0.632951140404, 0.164473369718, 0.131420478225, 0.0523431636393, 0.0290221013129, 0.021335342899, 0.0146907279268, 0.00893625151366, 0.00508161820471, 0.00257357931696, 0.000723995442968, 0.000134103465825, 1.85443132068e-05, 3.77315409423e-05],
        "median": [0.106656387448, 1.59909462929, 3.80605649948, 3.64623904228, 2.8241353035, 3.8443145752, 3.67210650444, 4.42901277542, 4.0248799324, 3.46146392822, 3.26970124245, 3.58568954468, 2.87241196632, 2.41279959679, 2.39263963699, 1.19709420204, 0.623735189438, 0.391209542751, 0.283681452274, 0.18299947679, 0.1130265221, 0.0888763964176, 0.059618126601, 0.0414248593152, 0.0407562032342, 0.382137030363, 0.138453677297, 0.0104689802974, 0.00418609892949, 0.00240149814636, 0.00154133455362, 0.00114053068683, 0.0007517337217, 0.00047947478015, 0.00033983332105, 0.000154706474859, 4.27248851338e-05, 3.77387891604e-06, 9.21975515666e-06, 1.9458550014e-05],
        "min": [1.13320769435e-10, 4.43716979825e-10, 9.21586029712e-10, 1.85926674057e-09, 4.48609727144e-09, 3.49134365862e-09, 2.82886203351e-09, 1.8439012095e-08, 4.81729465207e-08, 7.96873180775e-08, 2.06993078677e-07, 5.59868340133e-07, 6.58933345221e-07, 1.58321469712e-07, 5.80930326066e-08, 6.34112780062e-08, 3.34873853092e-08, 3.35897141213e-08, 7.11666956477e-08, 5.6638235435e-08, 1.54435966238e-07, 4.02807643241e-07, 5.25543200069e-08, 1.17448362147e-08, 1.31387567492e-08, 1.52315379864e-07, 1.27093798596e-07, 2.8323286827e-08, 9.61214539075e-08, 4.43273755479e-08, 1.56230317572e-08, 1.86820532377e-08, 1.16867857614e-08, 5.10010034205e-09, 4.48568959754e-09, 3.28762572721e-09, 1.27236443603e-09, 5.41455158487e-10, 1.59876403782e-10, 1.0430544449e-11],
        "stdev": [0.500253379345, 7.19294166565, 20.4048480988, 24.0204963684, 24.4519786835, 21.051776886, 14.0166978836, 23.288728714, 29.2956962585, 33.1892471313, 32.201171875, 23.1739902496, 18.3551158905, 33.452747345, 56.634437561, 11.8006658554, 4.45912790298, 4.20286941528, 4.55926609039, 3.49628186226, 3.41134738922, 3.91650986671, 3.85614728928, 4.05931377411, 2.36503124237, 3.0872862339, 1.53884422779, 0.539422988892, 0.49032369256, 0.167457774282, 0.0886105597019, 0.0621879212558, 0.0398657284677, 0.0241765994579, 0.0143448337913, 0.00759240286425, 0.00211241515353, 0.000419416843215, 2.14470128412e-05, 4.59027833131e-05],
        "var": [0.250253468752, 51.738407135, 416.357849121, 576.98425293, 597.899291992, 443.177307129, 196.467819214, 542.364929199, 858.237854004, 1101.52624512, 1036.91540527, 537.033813477, 336.910308838, 1119.08642578, 3207.45947266, 139.255706787, 19.8838233948, 17.6641101837, 20.7869091034, 12.2239875793, 11.6372909546, 15.339050293, 14.8698711395, 16.4780273438, 5.59337282181, 9.53133678436, 2.36804151535, 0.290977180004, 0.240417316556, 0.0280421078205, 0.00785183068365, 0.00386733771302, 0.00158927636221, 0.000584507943131, 0.000205774253118, 5.76445818297e-05, 4.4622979658e-06, 1.75910486178e-07, 4.59974364153e-10, 2.10706541104e-09]
    },
    "gfcc": {
        "mean": [-160.187103271, 189.568496704, -72.3696212769, 20.2865657806, -39.5917015076, 2.33077764511, -0.187648490071, 2.01564359665, -22.7237434387, 4.54097890854, -3.27616691589, -14.5749959946, 7.37833023071],
        "cov": [[9604.2109375, -524.420959473, -2118.25756836, 67.6053543091, -269.730224609, 68.3816604614, -1048.69140625, -117.269287109, -264.737182617, -451.418395996, -407.167022705, 178.894210815, -539.497802734], [-524.420959473, 1952.83068848, 451.96875, -514.134216309, 70.989112854, -323.026184082, 309.30279541, -327.065246582, 69.3796691895, -288.429626465, 187.284240723, -294.50604248, 157.114044189], [-2118.25756836, 451.96875, 1483.72387695, 23.5711841583, 127.563453674, -80.1790313721, 580.860839844, 36.8047561646, 18.0134029388, 198.953384399, 208.063583374, -116.294868469, 263.043243408], [67.6053543091, -514.134216309, 23.5711841583, 311.236907959, 89.7527389526, 74.5430526733, -21.3287181854, 83.511428833, 24.9602775574, 124.297676086, -20.8551425934, 42.5912971497, -13.7536582947], [-269.730224609, 70.989112854, 127.563453674, 89.7527389526, 192.404373169, 12.4124317169, 50.7866439819, -15.382024765, 67.7542190552, 22.6650714874, 27.6315670013, -28.0113868713, 13.0851545334], [68.3816604614, -323.026184082, -80.1790313721, 74.5430526733, 12.4124317169, 134.287811279, -8.30227947235, 69.4323196411, -7.21394872665, 49.3796730042, -9.03029632568, 52.2018127441, 4.37698888779], [-1048.69140625, 309.30279541, 580.860839844, -21.3287181854, 50.7866439819, -8.30227947235, 427.219482422, 61.1825218201, 4.89884853363, 93.9081344604, 139.77305603, -69.6592178345, 187.954055786], [-117.269287109, -327.065246582, 36.8047561646, 83.511428833, -15.382024765, 69.4323196411, 61.1825218201, 158.77973938, -0.782606899738, 95.8427505493, 1.04492676258, 42.8884620667, 21.2354373932], [-264.737182617, 69.3796691895, 18.0134029388, 24.9602775574, 67.7542190552, -7.21394872665, 4.89884853363, -0.782606899738, 98.1658859253, 2.08830046654, 7.03907251358, -23.0891971588, -8.60897636414], [-451.418395996, -288.429626465, 198.953384399, 124.297676086, 22.6650714874, 49.3796730042, 93.9081344604, 95.8427505493, 2.08830046654, 180.167358398, 34.666179657, 26.3574466705, 48.7200164795], [-407.167022705, 187.284240723, 208.063583374, -20.8551425934, 27.6315670013, -9.03029632568, 139.77305603, 1.04492676258, 7.03907251358, 34.666179657, 90.0757904053, -27.5266113281, 78.5946884155], [178.894210815, -294.50604248, -116.294868469, 42.5912971497, -28.0113868713, 52.2018127441, -69.6592178345, 42.8884620667, -23.0891971588, 26.3574466705, -27.5266113281, 88.5780258179, -33.7269744873], [-539.497802734, 157.114044189, 263.043243408, -13.7536582947, 13.0851545334, 4.37698888779, 187.954055786, 21.2354373932, -8.60897636414, 48.7200164795, 78.5946884155, -33.7269744873, 120.124420166]],
        "icov": [[0.000246249750489, -0.000619145284873, 0.000165179531905, -0.000863653200213, 0.000286141264951, -0.00062598392833, 0.000212673054193, -0.000535511935595, 0.00101721473038, 6.7304521508e-05, 0.000290370138828, -0.000332762865582, 0.000970894412603], [-0.000619145284873, 0.00851971190423, -6.58778808429e-05, 0.00843765772879, -0.00367799401283, 0.00798125751317, -0.00230384152383, 0.00539452722296, -0.00457718037069, 0.00456021074206, -0.00742164021358, 0.00837382487953, -0.00502325128764], [0.000165179531905, -6.58778808429e-05, 0.00194536929484, -0.000290907250019, -0.000544770387933, 0.00116232421715, -0.00200502807274, 0.000611115654465, 0.000826235802379, -0.00122714566533, 2.20477045332e-06, 4.98786976095e-05, 0.000150447027409], [-0.000863653200213, 0.00843765772879, -0.000290907250019, 0.0153557136655, -0.0071662850678, 0.00719684315845, -0.00124095205683, 0.00427602836862, -0.00503905909136, -0.000174420012627, -0.00423342548311, 0.0075327376835, -0.0062209428288], [0.000286141264951, -0.00367799401283, -0.000544770387933, -0.0071662850678, 0.0117822065949, -0.006133957766, -0.000387323496398, 0.000801370595582, -0.00327922985889, -0.000792406266555, 0.000337720382959, -0.00196734722704, 0.00518554029986], [-0.00062598392833, 0.00798125751317, 0.00116232421715, 0.00719684315845, -0.006133957766, 0.0210971143097, -0.00190190540161, 0.00155270146206, -0.00370179209858, 0.00369007093832, -0.00515398662537, 0.00166143930983, -0.0102939968929], [0.000212673054193, -0.00230384152383, -0.00200502807274, -0.00124095205683, -0.000387323496398, -0.00190190540161, 0.0127755068243, -0.00649974541739, 0.001785146771, -2.2818447178e-05, -0.00179647316691, 0.000535561237484, -0.00904903840274], [-0.000535511935595, 0.00539452722296, 0.000611115654465, 0.00427602836862, 0.000801370595582, 0.00155270146206, -0.00649974541739, 0.017850799486, -0.00617428077385, -0.00243192026392, -0.000548551557586, 0.00148408929817, -0.00211950624362], [0.00101721473038, -0.00457718037069, 0.000826235802379, -0.00503905909136, -0.00327922985889, -0.00370179209858, 0.001785146771, -0.00617428077385, 0.0201513264328, -0.00129550369456, 0.000386233936297, 0.000934744253755, 0.00893867015839], [6.7304521508e-05, 0.00456021074206, -0.00122714566533, -0.000174420012627, -0.000792406266555, 0.00369007093832, -2.2818447178e-05, -0.00243192026392, -0.00129550369456, 0.0169424917549, -0.00842817872763, 0.003024533391, -0.0031783124432], [0.000290370138828, -0.00742164021358, 2.20477045332e-06, -0.00423342548311, 0.000337720382959, -0.00515398662537, -0.00179647316691, -0.000548551557586, 0.000386233936297, -0.00842817872763, 0.0389882139862, -0.0108967619017, -0.0115421935916], [-0.000332762865582, 0.00837382487953, 4.98786976095e-05, 0.0075327376835, -0.00196734722704, 0.00166143930983, 0.000535561237484, 0.00148408929817, 0.000934744253755, 0.003024533391, -0.0108967619017, 0.0310889389366, 0.00205838377587], [0.000970894412603, -0.00502325128764, 0.000150447027409, -0.0062209428288, 0.00518554029986, -0.0102939968929, -0.00904903840274, -0.00211950624362, 0.00893867015839, -0.0031783124432, -0.0115421935916, 0.00205838377587, 0.0426164604723]]
    },
    "melbands": {
        "dmean": [0.0024303609971, 0.00416828179732, 0.00178875401616, 0.000787337659858, 0.00024658368784, 0.000242925001658, 0.000217800377868, 0.000169692051713, 0.000130702232127, 6.89881635481e-05, 4.9290338211e-05, 6.44462998025e-05, 9.33135088417e-05, 3.30864859279e-05, 7.97387110651e-06, 4.54719020127e-06, 3.56303553417e-06, 3.22770483763e-06, 2.23961092161e-06, 1.70231419361e-06, 1.34166157295e-06, 1.27805571992e-06, 1.16164085284e-06, 8.41861719891e-07, 7.99372855909e-07, 4.85357418256e-07, 3.02562540355e-07, 1.02166291072e-06, 4.29284597203e-07, 9.22047078689e-08, 5.57451436123e-08, 8.12759068936e-08, 3.20936983655e-08, 1.79602892558e-08, 1.14226743619e-08, 1.07141486794e-08, 6.44938946692e-09, 6.06363359523e-09, 4.08340028457e-09, 3.37311845122e-09],
        "dmean2": [0.0030139060691, 0.00559962447733, 0.00291086384095, 0.00142968411092, 0.000359376310371, 0.000419784511905, 0.000412611901993, 0.000325279339449, 0.000250428682193, 0.000129007501528, 9.13232142921e-05, 0.000120272467029, 0.000174576867721, 6.04294546065e-05, 1.36253802339e-05, 7.49690070734e-06, 5.90920626564e-06, 5.46723276784e-06, 3.89242450183e-06, 2.96709367831e-06, 2.34605431615e-06, 2.250680609e-06, 2.06736262953e-06, 1.49693221374e-06, 1.49888501255e-06, 8.49516084145e-07, 5.19063405591e-07, 1.77604658802e-06, 7.61073806643e-07, 1.56683199748e-07, 8.97299941016e-08, 1.26495450559e-07, 5.30822283906e-08, 2.82108061356e-08, 1.79763102182e-08, 1.63034332701e-08, 1.00230153066e-08, 9.61270973932e-09, 6.96362434383e-09, 5.5063784643e-09],
        "dvar": [1.94024414668e-05, 6.21635990683e-05, 1.78303762368e-05, 4.36492564404e-06, 2.19512017452e-07, 3.53913065965e-07, 3.75312254164e-07, 2.13907952684e-07, 1.35055032047e-07, 2.8334547153e-08, 1.39996298998e-08, 2.84367054348e-08, 6.77379787817e-08, 6.55070442335e-09, 1.88253232447e-10, 9.52759954265e-11, 6.53186602029e-11, 6.49774886674e-11, 3.16960693802e-11, 1.95126189512e-11, 1.52220736016e-11, 1.79763981478e-11, 2.07323984369e-11, 1.32603650282e-11, 1.90590442734e-11, 5.76269284028e-12, 1.47082161988e-12, 3.77446771754e-12, 1.05124719693e-12, 1.12475045282e-13, 3.5145206244e-14, 1.08533645125e-13, 1.55329308443e-14, 3.29673481643e-15, 1.58084670622e-15, 1.37708498982e-15, 4.1063667592e-16, 3.19445373516e-16, 1.84110724073e-16, 1.2719038795e-16],
        "dvar2": [3.2541454857e-05, 0.00012342055561, 4.3432952225e-05, 1.24635134853e-05, 4.97323867421e-07, 9.7146232747e-07, 1.08135168375e-06, 6.20493267434e-07, 3.91659710886e-07, 8.1740772373e-08, 4.01571860209e-08, 8.14150951101e-08, 1.93316154196e-07, 1.851110909e-08, 5.21371557038e-10, 2.59654520107e-10, 1.74658412733e-10, 1.70542677203e-10, 8.88804169152e-11, 5.37148762969e-11, 4.23511330172e-11, 5.28592412896e-11, 5.82520420789e-11, 3.77537480445e-11, 5.64540358905e-11, 1.63718656687e-11, 4.07793764035e-12, 1.0716463307e-11, 2.89295453912e-12, 3.41920041542e-13, 8.58385695965e-14, 2.62268613944e-13, 4.2487525e-14, 7.09285527108e-15, 3.44923166363e-15, 2.89243095587e-15, 8.82244212751e-16, 6.88502525544e-16, 4.25875169218e-16, 2.89792417629e-16],
        "max": [0.0287271775305, 0.049364387989, 0.0251505896449, 0.0111573087052, 0.00370011478662, 0.00391376577318, 0.00341519736685, 0.00250937999226, 0.00210617622361, 0.000969971530139, 0.000696068920661, 0.00101113691926, 0.00157538114581, 0.000504703319166, 8.66881819093e-05, 9.04574044398e-05, 0.000101367862953, 9.43453851505e-05, 6.42328304821e-05, 4.38806528109e-05, 4.41838965344e-05, 4.37696362496e-05, 4.84016782138e-05, 5.38815766049e-05, 6.40001744614e-05, 3.38476638717e-05, 1.47842010847e-05, 2.12130544242e-05, 1.63680124388e-05, 4.03413741878e-06, 3.22966252497e-06, 5.50023150936e-06, 1.66334245932e-06, 6.56157169487e-07, 5.85302188938e-07, 5.80632104175e-07, 2.4416215183e-07, 2.88734270271e-07, 2.0327594541e-07, 1.62705077855e-07],
        "mean": [0.00377876893617, 0.00539773795754, 0.00178095640149, 0.000640310579911, 0.000301881460473, 0.000230628516874, 0.000163559408975, 0.000121660734294, 9.07707435545e-05, 5.68221694266e-05, 3.96542309318e-05, 4.50757652288e-05, 5.96852587478e-05, 2.46016388701e-05, 7.77225432103e-06, 4.84847987536e-06, 3.44870682056e-06, 2.91513310913e-06, 2.04489128919e-06, 1.6154633613e-06, 1.18897696666e-06, 1.14039301025e-06, 9.72328848547e-07, 7.54216955556e-07, 6.96204836004e-07, 4.28436550237e-07, 3.02133230434e-07, 1.33680771341e-06, 5.82457516884e-07, 1.19225973094e-07, 7.8960319172e-08, 9.06450807747e-08, 3.7217088078e-08, 2.48716993667e-08, 1.66676024094e-08, 1.52438488499e-08, 1.18883116684e-08, 1.11706208727e-08, 8.5142159989e-09, 7.01677604908e-09],
        "median": [0.00143813400064, 0.00236302986741, 0.000727074861061, 0.000233390805079, 0.00014091785124, 0.000100294746517, 5.84749795962e-05, 3.7941888877e-05, 2.61900604528e-05, 2.15779909922e-05, 1.35331338242e-05, 9.78430762189e-06, 7.56350027586e-06, 4.3792924771e-06, 1.88789306321e-06, 1.02234241695e-06, 6.61214983211e-07, 4.62554254455e-07, 3.00547981169e-07, 1.72635139961e-07, 1.24800649814e-07, 9.59081134511e-08, 5.91556705842e-08, 4.55842901204e-08, 3.11949825971e-08, 1.94504163886e-08, 1.47253613747e-08, 3.54440317096e-07, 1.38803727623e-07, 4.69454741747e-09, 2.87315371494e-09, 2.47386111596e-09, 1.55930823809e-09, 1.19791732089e-09, 8.89686990746e-10, 7.52586548636e-10, 6.3799204808e-10, 5.29850052722e-10, 4.55081528017e-10, 3.75047465306e-10],
        "min": [9.60744071105e-13, 5.10450785373e-13, 4.05719403386e-13, 3.09912116586e-13, 9.68644584573e-14, 4.1974003483e-13, 7.53168198381e-13, 9.2972016804e-13, 1.94985108788e-12, 3.77089331982e-12, 3.26561477512e-12, 6.92549804397e-13, 1.35547335075e-13, 2.20638028789e-13, 1.06393274182e-13, 4.79632372501e-14, 6.61728633586e-14, 1.28789462276e-13, 4.189802395e-14, 1.35549300191e-13, 1.8778899334e-13, 5.22270432197e-13, 9.0880584037e-14, 1.56594386031e-14, 8.27902623437e-15, 6.9631448807e-15, 9.49931017907e-15, 1.41232010353e-13, 1.15987514732e-13, 1.89482693316e-14, 1.1605395769e-14, 7.28745134983e-14, 1.6593023071e-14, 2.74347212293e-14, 8.37728544439e-15, 6.26937958064e-15, 1.41166739688e-14, 8.06463118399e-15, 7.15180834069e-15, 3.14538739293e-15],
        "stdev": [0.00606854632497, 0.00920947920531, 0.00388943590224, 0.0016210769536, 0.000518963555805, 0.000503604474943, 0.000462825642899, 0.000344825937646, 0.000272151664831, 0.000127951876493, 9.00943632587e-05, 0.000127109247842, 0.000196597233298, 6.3156010583e-05, 1.29759009724e-05, 9.66443985817e-06, 7.70086626289e-06, 7.76318393036e-06, 5.46927321921e-06, 4.42369037046e-06, 3.70712518816e-06, 3.89517890653e-06, 4.00645149057e-06, 3.27125007971e-06, 3.55707629751e-06, 2.18072204916e-06, 1.27100395275e-06, 2.62156413555e-06, 1.3181313534e-06, 4.41138581664e-07, 2.73750146107e-07, 3.61484381983e-07, 1.36842899678e-07, 7.82496201168e-08, 5.28313250925e-08, 4.94192882172e-08, 3.31491740724e-08, 3.10691419259e-08, 2.33931718441e-08, 1.92608577976e-08],
