{
"metadata": {
    "version": {
        "essentia": "2.1-beta6-dev",
        "essentia_git_sha": "v2.1_beta5-778-gc9eadba6",
        "extractor": "music 2.0"
    },
    "audio_properties": {
        "analysis": {
            "equal_loudness": 0,
            "length": 12.9999771118,
            "sample_rate": 44100,
            "start_time": 0,
            "downmix": "mix"
        },
        "bit_rate": 128000,
        "length": 13,
        "lossless": 0,
        "number_channels": 2,
        "replay_gain": 3.43076515198,
        "sample_rate": 48000,
        "codec": "mp3",
        "md5_encoded": "3cf60efa175280a509546c50e9caee00"
    },
    "tags": {
        "file_name": "robertmiles-children1.mp3",
        "encoding": ["Lavf59.16.100"]
    }
},
"lowlevel": {
    "average_loudness": 0.972889900208,
    "barkbands_crest": {
        "dmean": 1.89644050598,
        "dmean2": 2.56169867516,
        "dvar": 2.86786699295,
        "dvar2": 6.0780339241,
        "max": 25.216632843,
        "mean": 14.3134632111,
        "median": 14.0048770905,
        "min": 5.77436876297,
        "stdev": 3.91783547401,
        "var": 15.3494338989
    },
    "barkbands_flatness_db": {
        "dmean": 0.0280866324902,
        "dmean2": 0.046138420701,
        "dvar": 0.00116295716725,
        "dvar2": 0.00280965305865,
        "max": 0.739690423012,
        "mean": 0.600482881069,
        "median": 0.617646336555,
        "min": 0.0630298480392,
        "stdev": 0.109904274344,
        "var": 0.0120789501816
    },
    "barkbands_kurtosis": {
        "dmean": 1.76449775696,
        "dmean2": 2.30288314819,
        "dvar": 19.2997245789,
        "dvar2": 16.4700222015,
        "max": 136.141311646,
        "mean": 2.1693353653,
        "median": 1.10992527008,
        "min": -1.72229647636,
        "stdev": 6.9166059494,
        "var": 47.8394393921
    },
    "barkbands_skewness": {
        "dmean": 0.409711539745,
        "dmean2": 0.534520506859,
        "dvar": 0.316872417927,
        "dvar2": 0.556087851524,
        "max": 9.36984539032,
        "mean": 0.705901026726,
        "median": 0.659676611423,
        "min": -2.50444579124,
        "stdev": 1.05762410164,
        "var": 1.11856877804
    },
    "barkbands_spread": {
        "dmean": 0.391521275043,
        "dmean2": 0.585429191589,
        "dvar": 1.23532831669,
        "dvar2": 2.42051625252,
        "max": 29.816576004,
        "mean": 1.95578920841,
        "median": 0.950462281704,
        "min": 0.182129308581,
        "stdev": 4.49788045883,
        "var": 20.2309303284
    },
    "dissonance": {
        "dmean": 0.067081399262,
        "dmean2": 0.109760567546,
        "dvar": 0.00313007622026,
        "dvar2": 0.00797230470926,
        "max": 0.499331176281,
        "mean": 0.269074589014,
        "median": 0.265941023827,
        "min": 0.0447794683278,
        "stdev": 0.0899522006512,
        "var": 0.00809139851481
    },
    "dynamic_complexity": 3.07282519341,
    "erbbands_crest": {
        "dmean": 2.70053434372,
        "dmean2": 3.99673104286,
        "dvar": 7.62483882904,
        "dvar2": 16.1658840179,
        "max": 33.0074653625,
        "mean": 16.4298973083,
        "median": 16.3859176636,
        "min": 2.80655884743,
        "stdev": 5.21441411972,
        "var": 27.1901130676
    },
    "erbbands_flatness_db": {
        "dmean": 0.0251111164689,
        "dmean2": 0.038639575243,
        "dvar": 0.000885706685949,
        "dvar2": 0.00186071777716,
        "max": 0.646371483803,
        "mean": 0.45400261879,
        "median": 0.466034859419,
        "min": 0.0890704020858,
        "stdev": 0.0765938609838,
        "var": 0.00586661929265
    },
    "erbbands_kurtosis": {
        "dmean": 5.65225601196,
        "dmean2": 7.769947052,
        "dvar": 95.3472747803,
        "dvar2": 154.455459595,
        "max": 169.013076782,
        "mean": 9.762840271,
        "median": 4.07428312302,
        "min": -1.40568470955,
        "stdev": 15.2767095566,
        "var": 233.377853394
    },
    "erbbands_skewness": {
        "dmean": 0.544693291187,
        "dmean2": 0.760460019112,
        "dvar": 0.389436930418,
        "dvar2": 0.767834186554,
        "max": 10.1574726105,
        "mean": 0.862386643887,
        "median": 0.938492536545,
        "min": -4.40112638474,
        "stdev": 1.27854204178,
        "var": 1.63466978073
    },
    "erbbands_spread": {
        "dmean": 0.830769836903,
        "dmean2": 1.16496121883,
        "dvar": 2.89460659027,
        "dvar2": 4.0402636528,
        "max": 38.8091468811,
        "mean": 3.82089877129,
        "median": 2.61100125313,
        "min": 0.376266419888,
        "stdev": 5.9679479599,
        "var": 35.6164016724
    },
    "hfc": {
        "dmean": 3.66494655609,
        "dmean2": 5.34358119965,
        "dvar": 209.135635376,
        "dvar2": 479.999267578,
        "max": 208.158859253,
        "mean": 8.3587770462,
        "median": 5.59913110733,
        "min": 1.1131385385e-16,
        "stdev": 16.1521072388,
        "var": 260.890594482
    },
    "loudness_ebu128": {
        "integrated": -24.7202892303,
        "loudness_range": 1.85628890991,
        "momentary": {
            "dmean": 2.47468757629,
            "dmean2": 2.48530960083,
            "dvar": 389.603546143,
            "dvar2": 386.433868408,
            "max": -20.601436615,
            "mean": -27.2412853241,
            "median": -25.4985294342,
            "min": -254.264465332,
            "stdev": 20.3944816589,
            "var": 415.934906006
        },
        "short_term": {
            "dmean": 0.10582382232,
            "dmean2": 0.103790320456,
            "dvar": 0.017802266404,
            "dvar2": 0.0195104498416,
            "max": -23.6231975555,
            "mean": -24.6031570435,
            "median": -24.4600391388,
            "min": -26.2207679749,
            "stdev": 0.746741712093,
            "var": 0.557623147964
        }
    },
    "melbands_crest": {
        "dmean": 1.85931456089,
        "dmean2": 2.55488038063,
        "dvar": 3.5757496357,
        "dvar2": 7.39255714417,
        "max": 27.3384838104,
        "mean": 17.9065628052,
        "median": 18.2831916809,
        "min": 1.43162477016,
        "stdev": 4.49596786499,
        "var": 20.2137260437
    },
    "melbands_flatness_db": {
        "dmean": 0.0310089383274,
        "dmean2": 0.0500650890172,
        "dvar": 0.00139986362774,
        "dvar2": 0.00318487314507,
        "max": 0.913235664368,
        "mean": 0.759015023708,
        "median": 0.78523093462,
        "min": 0.00274868076667,
        "stdev": 0.147988975048,
        "var": 0.0219007357955
    },
    "melbands_kurtosis": {
        "dmean": 1.78402578831,
        "dmean2": 2.27667474747,
        "dvar": 98.0696716309,
        "dvar2": 90.5550537109,
        "max": 248.627075195,
        "mean": 2.55544781685,
        "median": 1.53731203079,
        "min": -1.73044848442,
        "stdev": 10.7135534286,
        "var": 114.780235291
    },
    "melbands_skewness": {
        "dmean": 0.352002501488,
        "dmean2": 0.472052663565,
        "dvar": 0.238552555442,
        "dvar2": 0.416673213243,
        "max": 7.7645406723,
        "mean": 0.856335520744,
        "median": 0.822571575642,
        "min": -2.13397407532,
        "stdev": 0.758372008801,
        "var": 0.575128138065
    },
    "melbands_spread": {
        "dmean": 0.897684514523,
        "dmean2": 1.45448815823,
        "dvar": 34.0133018494,
        "dvar2": 73.6900100708,
        "max": 152.408706665,
        "mean": 5.28708934784,
        "median": 0.966543853283,
        "min": 0.300346761942,
        "stdev": 22.9875621796,
        "var": 528.428039551
    },
    "pitch_salience": {
        "dmean": 0.0504576675594,
        "dmean2": 0.0727151632309,
        "dvar": 0.00202033878304,
        "dvar2": 0.00442915363237,
        "max": 0.903626561165,
        "mean": 0.4292062819,
        "median": 0.433213293552,
        "min": 0.15290735662,
        "stdev": 0.117488861084,
        "var": 0.0138036319986
    },
    "silence_rate_20dB": {
        "dmean": 0.0178571436554,
        "dmean2": 0.0357781760395,
        "dvar": 0.017538215965,
        "dvar2": 0.0452314130962,
        "max": 1,
        "mean": 0.987522304058,
        "median": 1,
        "min": 0,
        "stdev": 0.111004911363,
        "var": 0.0123220896348
    },
    "silence_rate_30dB": {
        "dmean": 0.0285714287311,
        "dmean2": 0.057245079428,
        "dvar": 0.0277551151812,
        "dvar2": 0.0575457587838,
        "max": 1,
        "mean": 0.923351168633,
        "median": 1,
        "min": 0,
        "stdev": 0.266032844782,
        "var": 0.0707734748721
    },
    "silence_rate_60dB": {
        "dmean": 0.00357142859139,
        "dmean2": 0.00715563492849,
        "dvar": 0.00355867366306,
        "dvar2": 0.0071044866927,
        "max": 1,
        "mean": 0.0534759350121,
        "median": 0,
        "min": 0,
        "stdev": 0.224979415536,
        "var": 0.050615735352
    },
    "spectral_centroid": {
        "dmean": 45.6923561096,
        "dmean2": 78.9072875977,
        "dvar": 211411.875,
        "dvar2": 442962.6875,
        "max": 11600.6855469,
        "mean": 505.032196045,
        "median": 169.501968384,
        "min": 90.2389373779,
        "stdev": 1858.17712402,
        "var": 3452822.25
    },
    "spectral_complexity": {
        "dmean": 0.5,
        "dmean2": 0.923076927662,
        "dvar": 0.521428585052,
        "dvar2": 1.32324254513,
        "max": 8,
        "mean": 3.06595373154,
        "median": 3,
        "min": 0,
        "stdev": 1.28930735588,
        "var": 1.66231358051
    },
    "spectral_decrease": {
        "dmean": 4.51392789813e-09,
        "dmean2": 6.9344161524e-09,
        "dvar": 1.41933856665e-16,
        "dvar2": 3.25444087318e-16,
        "max": 1.19816350923e-28,
        "mean": -1.48817420609e-08,
        "median": -1.2037028263e-08,
        "min": -1.62492867162e-07,
        "stdev": 1.5381795393e-08,
        "var": 2.36599622044e-16
    },
    "spectral_energy": {
        "dmean": 0.0173578392714,
        "dmean2": 0.0266414694488,
        "dvar": 0.00213780999184,
        "dvar2": 0.00490280427039,
        "max": 0.632165789604,
        "mean": 0.0569251850247,
        "median": 0.0459823422134,
        "min": 1.04162169336e-20,
        "stdev": 0.0594266392291,
        "var": 0.00353152561001
    },
    "spectral_energyband_high": {
        "dmean": 2.97426954177e-08,
        "dmean2": 5.37071151996e-08,
        "dvar": 5.41966662114e-15,
        "dvar2": 1.57697155166e-14,
        "max": 9.7783356523e-07,
        "mean": 5.19886498296e-08,
        "median": 4.3695415286e-08,
        "min": 7.46224187509e-21,
        "stdev": 6.51274234542e-08,
        "var": 4.24158143436e-15
    },
    "spectral_energyband_low": {
        "dmean": 0.00984676368535,
        "dmean2": 0.0150137031451,
        "dvar": 0.00011693155102,
        "dvar2": 0.000277631625067,
        "max": 0.157914027572,
        "mean": 0.0396140068769,
        "median": 0.035284858197,
        "min": 2.2512774415e-23,
        "stdev": 0.0268250517547,
        "var": 0.000719583418686
    },
    "spectral_energyband_middle_high": {
        "dmean": 6.26110340818e-06,
        "dmean2": 1.20540380522e-05,
        "dvar": 2.29546626151e-09,
        "dvar2": 6.81569645167e-09,
        "max": 0.000652819580864,
        "mean": 4.40227995568e-06,
        "median": 7.22068364212e-07,
        "min": 1.3426928585e-21,
        "stdev": 3.46403030562e-05,
        "var": 1.19995058334e-09
    },
    "spectral_energyband_middle_low": {
        "dmean": 0.0109434472397,
        "dmean2": 0.0155386058614,
        "dvar": 0.00172446854413,
        "dvar2": 0.00390296196565,
        "max": 0.483878850937,
        "mean": 0.0210861880332,
        "median": 0.00980271212757,
        "min": 2.11288302906e-22,
        "stdev": 0.0471055358648,
        "var": 0.00221893144771
    },
    "spectral_entropy": {
        "dmean": 0.164962783456,
        "dmean2": 0.22597771883,
        "dvar": 0.0683426633477,
        "dvar2": 0.11344718188,
        "max": 9.81395244598,
        "mean": 4.24383497238,
        "median": 4.08029651642,
        "min": 2.95672440529,
        "stdev": 1.06086432934,
        "var": 1.12543308735
    },
    "spectral_flux": {
        "dmean": 0.0256083849818,
        "dmean2": 0.0440199226141,
        "dvar": 0.00328149204142,
        "dvar2": 0.00864820741117,
        "max": 0.672196626663,
        "mean": 0.0629057660699,
        "median": 0.0507350228727,
        "min": 6.38112132578e-11,
        "stdev": 0.0641753003001,
        "var": 0.00411846907809
    },
    "spectral_kurtosis": {
        "dmean": 79.5271606445,
        "dmean2": 136.464691162,
        "dvar": 6272.71044922,
        "dvar2": 18882.1289062,
        "max": 860.916992188,
        "mean": 249.929122925,
        "median": 237.945251465,
        "min": -1.23645567894,
        "stdev": 106.696250916,
        "var": 11384.0898438
    },
    "spectral_rms": {
        "dmean": 0.000930075359065,
        "dmean2": 0.00137302326038,
        "dvar": 2.13017369788e-06,
        "dvar2": 4.45811065219e-06,
        "max": 0.024834394455,
        "mean": 0.00681560533121,
        "median": 0.00669782236218,
        "min": 3.18781481247e-12,
        "stdev": 0.00301401945762,
        "var": 9.08431320568e-06
    },
    "spectral_rolloff": {
        "dmean": 63.4074897766,
        "dmean2": 111.787445068,
        "dvar": 524544.9375,
        "dvar2": 950382.9375,
        "max": 19552.1484375,
        "mean": 745.788818359,
        "median": 172.265625,
        "min": 86.1328125,
        "stdev": 3188.53222656,
        "var": 10166737
    },
    "spectral_skewness": {
        "dmean": 1.86901378632,
        "dmean2": 3.10913944244,
        "dvar": 2.90894269943,
        "dvar2": 8.33244991302,
        "max": 23.231136322,
        "mean": 13.1954622269,
        "median": 13.5038604736,
        "min": -0.0696542784572,
        "stdev": 3.4113907814,
        "var": 11.6375865936
    },
    "spectral_spread": {
        "dmean": 421009.15625,
        "dmean2": 701057.4375,
        "dvar": 2.33852135014e+12,
        "dvar2": 3.40591037645e+12,
        "max": 42089124,
        "mean": 1908499,
        "median": 619054.375,
        "min": 138721.984375,
        "stdev": 6811780.5,
        "var": 4.64003520266e+13
    },
    "spectral_strongpeak": {
        "dmean": 0.322767436504,
        "dmean2": 0.497721493244,
        "dvar": 0.541556954384,
        "dvar2": 1.02705085278,
        "max": 9.41171836853,
        "mean": 0.746097385883,
        "median": 0.510558843613,
        "min": 6.57365772927e-10,
        "stdev": 1.00060033798,
        "var": 1.0012011528
    },
    "zerocrossingrate": {
        "dmean": 0.00201764795929,
        "dmean2": 0.00330965593457,
        "dvar": 0.000209025500226,
        "dvar2": 0.000417384697357,
        "max": 0.5087890625,
        "mean": 0.0219874531031,
        "median": 0.005859375,
        "min": 0.00244140625,
        "stdev": 0.0848208516836,
        "var": 0.00719457678497
    },
    "barkbands": {
        "dmean": [0.000221077527385, 0.0067102573812, 0.00409481814131, 0.00226545426995, 0.00516671175137, 0.00356869702227, 0.00195239402819, 3.06489382638e-05, 1.23942500068e-05, 3.56953410119e-06, 1.62238416124e-06, 1.00450859009e-06, 4.9053960538e-07, 2.2180392989e-07, 1.35653152711e-07, 5.8335569264e-08, 3.78630140574e-08, 2.06976462636e-08, 1.52800350151e-08, 1.0340605705e-08, 6.06077721343e-09, 5.48090639541e-09, 6.4851763959e-09, 3.81848064279e-09, 5.61681456901e-09, 5.67658542394e-09, 1.69194824817e-09],
        "dmean2": [0.000351458002115, 0.0102032981813, 0.00594211556017, 0.00300401682034, 0.0074585871771, 0.00539160845801, 0.00275873346254, 5.71960226807e-05, 2.28999233514e-05, 6.81280107528e-06, 3.13288182952e-06, 1.93130790649e-06, 9.47305636601e-07, 4.30159502685e-07, 2.61368512611e-07, 1.13336795948e-07, 7.31283833488e-08, 3.96747203979e-08, 2.92502875254e-08, 1.94992306746e-08, 1.09862350328e-08, 9.80616388091e-09, 1.1594625704e-08, 6.74052014205e-09, 1.00095931543e-08, 1.00600505704e-08, 3.12140846503e-09],
        "dvar": [1.59929328447e-07, 8.05753443274e-05, 2.08756136999e-05, 7.9066339822e-06, 0.000688285508659, 0.000588532653637, 0.000351018243236, 3.85027369987e-08, 5.98525895512e-09, 6.03433691904e-10, 1.66050145856e-10, 6.19015463887e-11, 1.63520291058e-11, 4.26810019619e-12, 1.18243956293e-12, 1.61048149643e-13, 6.83718625336e-14, 1.58009049638e-14, 8.93861502556e-15, 3.27982930935e-15, 3.48764704301e-16, 1.16482806236e-16, 7.54175703097e-17, 2.64911043179e-17, 4.99394015914e-17, 7.699505006e-17, 7.57177888956e-18],
        "dvar2": [4.06734017133e-07, 0.000210990401683, 4.83838521177e-05, 1.4666131392e-05, 0.00158108759206, 0.00124927074648, 0.000825371243991, 1.1311610848e-07, 1.77208523411e-08, 1.79208448081e-09, 4.91964025073e-10, 1.84368895151e-10, 4.86810487754e-11, 1.27743536235e-11, 3.50624954418e-12, 4.7540042649e-13, 2.00664151636e-13, 4.62387730372e-14, 2.63780933674e-14, 9.65415966028e-15, 1.01891181412e-15, 3.37285925558e-16, 2.17231644605e-16, 7.65645985041e-17, 1.40341328845e-16, 2.26860225458e-16, 2.27107863481e-17],
        "max": [0.00454706791788, 0.133216798306, 0.0617294237018, 0.035990215838, 0.406463563442, 0.412224709988, 0.385435074568, 0.00247333291918, 0.00110433914233, 0.000319354236126, 0.000178787435289, 0.000112697583972, 5.84812805755e-05, 3.25972105202e-05, 1.52528864419e-05, 4.42576174464e-06, 2.88855881081e-06, 1.44988200645e-06, 1.208293952e-06, 7.55463190671e-07, 2.20336545453e-07, 1.4757478084e-07, 1.14826924857e-07, 5.44664793267e-08, 6.77595863863e-08, 8.4968377223e-08, 2.22843645759e-08],
        "mean": [0.000639099860564, 0.0222741719335, 0.0129217468202, 0.00668261991814, 0.00836191885173, 0.00381909543648, 0.00218714075163, 2.4405962904e-05, 1.00338384073e-05, 2.60985825662e-06, 1.03910645066e-06, 6.88405293658e-07, 3.23596964336e-07, 1.38816204753e-07, 8.57636450746e-08, 4.09334646179e-08, 2.76697633694e-08, 1.72264034148e-08, 1.40411637872e-08, 1.15636265008e-08, 1.03131077012e-08, 1.0606726164e-08, 8.7156379891e-09, 4.00632238495e-09, 5.36462430034e-09, 5.638010947e-09, 1.84410087201e-09],
        "median": [0.000218162924284, 0.0169050786644, 0.0103611210361, 0.00454259617254, 0.00233866972849, 0.000143169309013, 1.78650079761e-05, 6.47877232041e-06, 1.51860319875e-06, 3.91509388464e-07, 1.40773209978e-07, 1.26648131982e-07, 3.83080838162e-08, 1.47084477931e-08, 9.26857079975e-09, 7.63220775468e-09, 6.65285515566e-09, 6.08193362339e-09, 6.41913455723e-09, 7.08450365039e-09, 8.02583066672e-09, 9.37863831041e-09, 7.17034742692e-09, 2.49311526979e-09, 2.70039990369e-09, 3.05859271243e-09, 7.26736337775e-10],
        "min": [2.01643733655e-24, 1.3209220267e-23, 5.54221871053e-25, 4.22757422198e-24, 1.24078409281e-23, 8.66197120723e-24, 2.11894933787e-23, 1.77402101146e-23, 2.36930381247e-23, 1.87470269771e-23, 2.75139663829e-23, 4.73980637797e-23, 5.02062823845e-23, 6.72235456558e-23, 3.90052811012e-23, 8.06429531778e-23, 1.47324759651e-22, 1.22644154448e-22, 1.51333914854e-22, 1.9102900433e-22, 3.09298073088e-22, 3.63013694718e-22, 4.77039663683e-22, 6.43090719046e-22, 9.75417800281e-22, 1.459180023e-21, 2.0605474975e-21],
        "stdev": [0.000914983917028, 0.0210988931358, 0.0111929122359, 0.00679678842425, 0.0279597081244, 0.0270456764847, 0.0195687990636, 0.000144366160384, 5.67108363612e-05, 1.7839092834e-05, 9.30177793634e-06, 5.66970174987e-06, 2.90568459604e-06, 1.4750913806e-06, 7.85938539138e-07, 2.94370153142e-07, 1.93190572872e-07, 9.42672997439e-08, 7.02327227486e-08, 4.31106066401e-08, 1.5594556757e-08, 1.03739221657e-08, 8.77789663178e-09, 5.18552667472e-09, 6.95156776587e-09, 7.92097498703e-09, 2.67598698755e-09],
        "var": [8.37195557324e-07, 0.000445163313998, 0.000125281279907, 4.6196331823e-05, 0.000781745300628, 0.000731468608137, 0.000382937927498, 2.08415897873e-08, 3.21611914877e-09, 3.18233245311e-10, 8.65230803671e-11, 3.21455154162e-11, 8.44300237363e-12, 2.1758946641e-12, 6.17699359544e-13, 8.665378121e-14, 3.73225959144e-14, 8.88632344657e-15, 4.93263538196e-15, 1.85852432924e-15, 2.43190173648e-16, 1.07618262336e-16, 7.70514770126e-17, 2.68896879135e-17, 4.83242917408e-17, 6.2741841368e-17, 7.16090587159e-18]
    },
    "erbbands": {
        "dmean": [0.194300383329, 1.56198763847, 3.61626791954, 7.30473518372, 9.65760231018, 18.2282829285, 19.2621021271, 43.9825248718, 38.3651313782, 4.00233650208, 0.615268945694, 0.28434330225, 0.143896877766, 0.0898531377316, 0.0612147934735, 0.0376174896955, 0.0237534157932, 0.0145200677216, 0.00800307095051, 0.00559357507154, 0.00295272911899, 0.00208586174995, 0.00127689389046, 0.000850730517413, 0.000715476111509, 0.000486578210257, 0.000307715003146, 0.00022072349384, 0.000199242000235, 0.000174796936335, 0.000187367899343, 0.000106904342829, 5.52742203581e-05, 5.45143157069e-05, 4.90125530632e-05, 3.34806900355e-05, 1.10976607175e-05, 2.00120666705e-06, 7.79650781624e-06, 1.89686379599e-05],
        "dmean2": [0.298889964819, 2.36169314384, 5.40103530884, 9.89815330505, 11.8776779175, 27.9846248627, 28.9183769226, 63.2499923706, 53.5157012939, 6.50368022919, 1.12212789059, 0.532319068909, 0.275710642338, 0.172824770212, 0.118304029107, 0.0725114494562, 0.0459077507257, 0.0281852409244, 0.0154753653333, 0.0107833854854, 0.00574340252206, 0.00402960926294, 0.00245110155083, 0.00163017876912, 0.00136793556157, 0.000918130448554, 0.000571479438804, 0.000395195587771, 0.00035455491161, 0.00030796037754, 0.000332962314133, 0.000190026155906, 9.77254967438e-05, 9.59788667387e-05, 8.60321160872e-05, 5.74780315219e-05, 1.77947404154e-05, 3.51333892468e-06, 1.18646530609e-05, 2.9076833016e-05],
        "dvar": [0.0735620707273, 4.54336881638, 15.058131218, 52.1526641846, 206.358291626, 13578.3896484, 13758.203125, 90754.1875, 118514.023438, 1407.63330078, 17.4818210602, 3.77687430382, 1.07794642448, 0.419549643993, 0.238101959229, 0.0879606902599, 0.0375826843083, 0.0181034579873, 0.00441607413813, 0.00192915520165, 0.000421390781412, 0.000207944249269, 6.63725368213e-05, 2.58436739387e-05, 1.89086731552e-05, 7.26118878447e-06, 1.71891883838e-06, 2.68202114739e-07, 2.01258714583e-07, 8.15051635072e-08, 5.97263749569e-08, 2.57477967835e-08, 6.81814782411e-09, 6.20311313426e-09, 3.9346335079e-09, 2.1257298144e-09, 4.80876283238e-10, 1.65527834495e-11, 4.48878767489e-10, 2.60361510129e-09],
        "dvar2": [0.204304680228, 11.6984910965, 35.2243041992, 115.974983215, 393.267181396, 31661.578125, 31882.2539062, 197943.140625, 280419.4375, 3614.22583008, 49.9271240234, 11.1358804703, 3.2025308609, 1.23945069313, 0.706234812737, 0.261860907078, 0.111860387027, 0.0541131235659, 0.0131393130869, 0.005720497109, 0.00124354404397, 0.000609238690231, 0.000193895335542, 7.57917805458e-05, 5.58823521715e-05, 2.13174716919e-05, 5.03616411152e-06, 7.79582592259e-07, 5.80551784424e-07, 2.33156725926e-07, 1.67706673437e-07, 7.27398941081e-08, 1.77392003309e-08, 1.55349919595e-08, 1.00787183044e-08, 5.36274491481e-09, 1.19128695797e-09, 4.48819315046e-11, 1.0253470295e-09, 5.9713118894e-09],
        "max": [2.68847942352, 32.6299057007, 51.9057235718, 85.2496109009, 165.67729187, 1797.28369141, 1635.35693359, 5120.02490234, 7054.17773438, 745.068481445, 59.3421707153, 26.6992416382, 14.3482599258, 8.18259048462, 6.84215450287, 4.2566576004, 2.76884865761, 2.09101366997, 0.978753089905, 0.609581291676, 0.225944474339, 0.170756772161, 0.100996308029, 0.0579501129687, 0.0584507212043, 0.0342472419143, 0.0167173389345, 0.00653389794752, 0.00648606754839, 0.00391381373629, 0.00317749008536, 0.00214527710341, 0.000704033474904, 0.000906398752704, 0.000522857997566, 0.000477665220387, 0.00030497496482, 4.51370906376e-05, 0.000292538956273, 0.000699700322002],
        "mean": [0.585431575775, 5.17757463455, 12.4779291153, 22.8613605499, 24.9736480713, 25.4633693695, 21.8421916962, 47.0464668274, 43.6402435303, 4.15676546097, 0.576810538769, 0.2294729352, 0.109645955265, 0.0622822754085, 0.0405283458531, 0.0261095836759, 0.0162094403058, 0.00924057140946, 0.00513254711404, 0.00371246575378, 0.0021102912724, 0.00156141701154, 0.00104940042365, 0.00077119137859, 0.00069175666431, 0.000547058938537, 0.000443783937953, 0.000407190062106, 0.000390642060665, 0.000336185476044, 0.000259770313278, 0.000147523678606, 7.72154453443e-05, 7.54772117944e-05, 7.10382882971e-05, 5.31562000106e-05, 2.32922538999e-05, 2.98040708913e-06, 2.56039438682e-05, 6.18863195996e-05],
        "median": [0.424177229404, 3.7283539772, 10.3693056107, 19.816576004, 8.31598472595, 5.5578622818, 2.64914822578, 1.63169062138, 0.77071583271, 0.277202188969, 0.103303380311, 0.0388216339052, 0.015013162978, 0.00991532951593, 0.00689135864377, 0.00500468350947, 0.00204483722337, 0.00107559585012, 0.000610164541285, 0.000470774102723, 0.000421386153903, 0.000386403728044, 0.000351405789843, 0.00031897079316, 0.000352161267074, 0.000336291996064, 0.000310046569211, 0.000335011922289, 0.000338786863722, 0.000301708496409, 0.000218857792788, 0.00011515452934, 4.58062932012e-05, 4.65402190457e-05, 4.70031736768e-05, 3.88122680306e-05, 1.8253491362e-05, 1.70905059349e-06, 2.07098273677e-05, 4.99280213262e-05],
        "min": [4.20635351653e-22, 2.34475754712e-21, 2.12264420457e-21, 1.14676628508e-20, 3.35161208809e-20, 3.29319924279e-20, 6.38792360619e-20, 1.07853889335e-19, 2.50593875434e-19, 2.82875089978e-19, 4.28441946434e-19, 6.18851142776e-19, 6.55263426545e-19, 1.11166518921e-18, 1.69941072204e-18, 1.85605618938e-18, 2.33128365221e-18, 3.73722268703e-18, 2.74854912195e-18, 4.27639265877e-18, 4.54054658354e-18, 8.21612528978e-18, 7.29025458552e-18, 7.95607459444e-18, 8.27111956562e-18, 9.6365449484e-18, 1.0719341741e-17, 1.30865498472e-17, 1.34566031563e-17, 1.40159352419e-17, 1.34857182595e-17, 1.30394989868e-17, 1.12321134843e-17, 9.26492413205e-18, 7.55239722063e-18, 5.18974936113e-18, 2.75544925582e-18, 1.10337652928e-18, 2.67224496746e-19, 2.78722546368e-20],
        "stdev": [0.521446704865, 5.16780376434, 9.72583389282, 17.5066623688, 32.1980056763, 119.345352173, 121.317222595, 330.870544434, 357.794372559, 35.0710906982, 3.30186510086, 1.43293261528, 0.75469815731, 0.471526861191, 0.352253347635, 0.213842272758, 0.139476850629, 0.0961724296212, 0.0478296764195, 0.0318223759532, 0.0150649622083, 0.0106930350885, 0.00610183412209, 0.00381893082522, 0.00322852958925, 0.00203569489531, 0.00102829316165, 0.000466855999548, 0.000417420407757, 0.000296528363833, 0.000257713341853, 0.000162698197528, 9.42904516705e-05, 8.84974069777e-05, 7.10218446329e-05, 5.28315904376e-05, 2.61443510681e-05, 4.21795130023e-06, 2.71693024843e-05, 6.52908856864e-05],
        "var": [0.271906673908, 26.706193924, 94.5918502808, 306.483215332, 1036.71166992, 14243.3134766, 14717.8681641, 109475.320312, 128016.8125, 1229.98132324, 10.9023132324, 2.05329585075, 0.569569349289, 0.222337573767, 0.124082431197, 0.0457285195589, 0.0194537919015, 0.00924913585186, 0.00228767795488, 0.00101266358979, 0.000226953081437, 0.000114341004519, 3.72323811462e-05, 1.45842323036e-05, 1.04234031824e-05, 4.14405394622e-06, 1.05738683942e-06, 2.17954536197e-07, 1.74239801254e-07, 8.79290666944e-08, 6.64161632358e-08, 2.64707047393e-08, 8.89068996202e-09, 7.83179121555e-09, 5.04410202495e-09, 2.79117684521e-09, 6.83527068279e-10, 1.77911140681e-11, 7.38170968795e-10, 4.26289981093e-09]
    },
    "gfcc": {
        "mean": [-341.071899414, 216.928817749, 55.0582466125, 34.9635314941, -23.4358406067, -13.6649475098, -12.5326004028, -17.812828064, -8.73770809174, -9.96928596497, -3.15040779114, -7.05036020279, -2.83958411217],
        "cov": [[31074.8671875, 7517.34472656, 1148.99084473, 147.53755188, -1070.83850098, -731.752380371, -522.271789551, -611.531860352, -98.1767120361, -178.785049438, 107.414916992, -170.682754517, -41.7982559204], [7517.34472656, 2044.13928223, 191.415512085, -178.854156494, -367.305450439, -262.851074219, -143.577362061, -180.575485229, 0.0282610207796, -10.6551599503, 53.7504730225, -34.6889152527, -17.7860469818], [1148.99084473, 191.415512085, 469.452514648, 360.403137207, 115.732704163, 57.4021224976, 42.4007911682, -8.54895496368, -39.9792366028, -63.8325462341, -48.6776123047, -34.8497161865, 3.43234920502], [147.53755188, -178.854156494, 360.403137207, 523.130065918, 227.358398438, 141.373138428, 77.0319595337, 7.77572107315, -56.6367301941, -94.0282440186, -74.2939529419, -23.8816833496, 17.8804836273], [-1070.83850098, -367.305450439, 115.732704163, 227.358398438, 243.218002319, 120.1352005, 74.1781539917, 32.1497154236, -34.9548950195, -39.4221801758, -39.8211402893, -6.99996185303, 37.6078033447], [-731.752380371, -262.851074219, 57.4021224976, 141.373138428, 120.1352005, 116.702026367, 63.8463439941, 35.964099884, -11.4306097031, -29.96808815, -24.7882480621, -10.1749687195, 6.80769538879], [-522.271789551, -143.577362061, 42.4007911682, 77.0319595337, 74.1781539917, 63.8463439941, 95.652961731, 42.0902252197, 16.3962993622, -5.7848443985, -18.2691345215, -7.38951158524, -9.53631687164], [-611.531860352, -180.575485229, -8.54895496368, 7.77572107315, 32.1497154236, 35.964099884, 42.0902252197, 73.6705245972, 26.9532775879, 22.4483985901, 0.5716843009, -6.83397960663, -8.50273799896], [-98.1767120361, 0.0282610207796, -39.9792366028, -56.6367301941, -34.9548950195, -11.4306097031, 16.3962993622, 26.9532775879, 65.2794036865, 30.9577331543, 27.5552101135, 5.66370391846, -13.28885746], [-178.785049438, -10.6551599503, -63.8325462341, -94.0282440186, -39.4221801758, -29.96808815, -5.7848443985, 22.4483985901, 30.9577331543, 62.0189857483, 30.577796936, 17.5671977997, -1.24468898773], [107.414916992, 53.7504730225, -48.6776123047, -74.2939529419, -39.8211402893, -24.7882480621, -18.2691345215, 0.5716843009, 27.5552101135, 30.577796936, 51.073223114, 22.4106788635, 11.5608520508], [-170.682754517, -34.6889152527, -34.8497161865, -23.8816833496, -6.99996185303, -10.1749687195, -7.38951158524, -6.83397960663, 5.66370391846, 17.5671977997, 22.4106788635, 41.809753418, 23.2977542877], [-41.7982559204, -17.7860469818, 3.43234920502, 17.8804836273, 37.6078033447, 6.80769538879, -9.53631687164, -8.50273799896, -13.28885746, -1.24468898773, 11.5608520508, 23.2977542877, 52.7043113708]],
        "icov": [[0.000673866015859, -0.00285880034789, 0.000599496765062, -0.00149469787721, -9.21455430216e-05, -0.0011695335852, 0.00195542024449, -0.00177933648229, 0.00020621715521, 8.01383939688e-05, 5.87667236687e-05, -0.000683682970703, 0.000664507737383], [-0.00285880034789, 0.0134275676683, -0.00350387208164, 0.00640259683132, 0.0023076175712, 0.00649568205699, -0.00974272284657, 0.00984193664044, -0.000786130549386, -0.000197955494514, -0.00172441522591, 0.00581276975572, -0.00473467539996], [0.000599496765062, -0.00350387208164, 0.00676752952859, -0.0061770863831, -0.000544770329725, 0.000800572801381, 0.000882660155185, -0.00278758793138, 0.00119030231144, -0.00077846943168, -0.000881648680661, 0.00173139746767, 0.000652985589113], [-0.00149469787721, 0.00640259683132, -0.0061770863831, 0.0116821303964, -0.00317206326872, -0.00134343572427, -0.00269503588788, 0.00405303947628, -0.00172155862674, 0.00395015673712, 0.0033308241982, -0.00339963450097, 0.000448881794], [-9.21455430216e-05, 0.0023076175712, -0.000544770329725, -0.00317206326872, 0.0166131462902, -0.0043860678561, -0.00679556466639, 0.00284305587411, 0.00324308895506, -0.00281879864633, 0.000334181560902, 0.00815376453102, -0.0131680965424], [-0.0011695335852, 0.00649568205699, 0.000800572801381, -0.00134343572427, -0.0043860678561, 0.031713321805, -0.0135632390156, -0.00323097943328, 0.00349883269519, 0.00962586980313, -0.00799906533211, 0.00532490154728, -0.00176349561661], [0.00195542024449, -0.00974272284657, 0.000882660155185, -0.00269503588788, -0.00679556466639, -0.0135632390156, 0.0318488366902, -0.0127438977361, -0.00907281413674, 0.000592325464822, 0.0101983584464, -0.0119720268995, 0.0102090388536], [-0.00177933648229, 0.00984193664044, -0.00278758793138, 0.00405303947628, 0.00284305587411, -0.00323097943328, -0.0127438977361, 0.0382139645517, -0.00792041700333, -0.0158480629325, 0.00069254823029, 0.0155127597973, -0.00641610752791], [0.00020621715521, -0.000786130549386, 0.00119030231144, -0.00172155862674, 0.00324308895506, 0.00349883269519, -0.00907281413674, -0.00792041700333, 0.0329016782343, -0.00310077657923, -0.017956931144, 0.00176677270792, 0.00609978660941], [8.01383939688e-05, -0.000197955494514, -0.00077846943168, 0.00395015673712, -0.00281879864633, 0.00962586980313, 0.000592325464822, -0.0158480629325, -0.00310077657923, 0.0404526516795, -0.0101720215753, -0.0128065440804, 0.00509164622054], [5.87667236687e-05, -0.00172441522591, -0.000881648680661, 0.0033308241982, 0.000334181560902, -0.00799906533211, 0.0101983584464, 0.00069254823029, -0.017956931144, -0.0101720215753, 0.0496749281883, -0.0156924016774, -0.00758361071348], [-0.000683682970703, 0.00581276975572, 0.00173139746767, -0.00339963450097, 0.00815376453102, 0.00532490154728, -0.0119720268995, 0.0155127597973, 0.00176677270792, -0.0128065440804, -0.0156924016774, 0.0559308901429, -0.0248484071344], [0.000664507737383, -0.00473467539996, 0.000652985589113, 0.000448881794, -0.0131680965424, -0.00176349561661, 0.0102090388536, -0.00641610752791, 0.00609978660941, 0.00509164622054, -0.00758361071348, -0.0248484071344, 0.0424502119422]]
    },
    "melbands": {
        "dmean": [0.00181510474067, 0.00179610040504, 0.00116519455332, 0.000969520770013, 0.000810456636827, 0.000904249842279, 0.000497686327435, 1.8229453417e-05, 3.86071087632e-06, 1.59250498655e-06, 6.82828385834e-07, 3.73290561129e-07, 2.14196745674e-07, 1.24823372971e-07, 7.36087386599e-08, 4.46844126145e-08, 2.46129445713e-08, 1.28832438051e-08, 9.68966684667e-09, 5.05790120897e-09, 3.24489124459e-09, 2.35932051673e-09, 1.38532751937e-09, 9.56237422578e-10, 6.62287003017e-10, 5.72237646157e-10, 4.43906911229e-10, 3.04563929632e-10, 2.18278631281e-10, 1.43670964015e-10, 1.28939220412e-10, 1.19433130052e-10, 1.10267288356e-10, 1.0567776515e-10, 1.15003943868e-10, 1.0695363345e-10, 5.18601273036e-11, 4.01973454522e-11, 3.9208320618e-11, 5.03978664357e-11],
        "dmean2": [0.00274395127781, 0.00269732065499, 0.00155417306814, 0.00133500760421, 0.00123997055925, 0.00130763836205, 0.000700227392372, 3.4112661524e-05, 7.24973733668e-06, 2.99218754662e-06, 1.30924934183e-06, 7.16735996775e-07, 4.14063322296e-07, 2.40426743403e-07, 1.42274302561e-07, 8.64807674361e-08, 4.77652228881e-08, 2.49245193373e-08, 1.86468067653e-08, 9.79111547394e-09, 6.31700247666e-09, 4.56598581167e-09, 2.65132582555e-09, 1.83092774275e-09, 1.26638410869e-09, 1.09351327993e-09, 8.41991698586e-10, 5.72529357257e-10, 4.0251943445e-10, 2.57884019694e-10, 2.30281210767e-10, 2.13366352364e-10, 1.93005014748e-10, 1.86439128025e-10, 2.04584627017e-10, 1.90860882654e-10, 9.30332200166e-11, 7.24797999396e-11, 7.03796743107e-11, 9.10593128678e-11],
        "dvar": [5.78356230108e-06, 3.50051595888e-06, 1.46754427988e-06, 1.34795473059e-05, 2.83958397631e-05, 3.51411545125e-05, 2.06897584576e-05, 2.29138059638e-08, 5.88930293421e-10, 1.20641746593e-10, 2.38524044266e-11, 6.83693596529e-12, 2.93802243818e-12, 9.74793054435e-13, 3.26714133178e-13, 1.38028152276e-13, 5.3384387026e-14, 1.14346847488e-14, 6.13521422048e-15, 1.32346346322e-15, 4.98892506235e-16, 2.70311877452e-16, 8.14539572258e-17, 3.29061480486e-17, 1.52337204659e-17, 1.16854250036e-17, 6.56400241541e-18, 2.6290827348e-18, 9.60002968065e-19, 1.39846566478e-19, 7.50150645855e-20, 6.99905045886e-20, 3.2235781002e-20, 2.65013449431e-20, 2.21190357619e-20, 1.75971511614e-20, 5.9876050251e-21, 4.00921033531e-21, 3.61002258444e-21, 5.79274946478e-21],
        "dvar2": [1.5331488612e-05, 8.40128359414e-06, 2.87437910629e-06, 3.12004849548e-05, 6.50766160106e-05, 7.62232011766e-05, 4.94093583256e-05, 6.59224852484e-08, 1.73853631491e-09, 3.57712359733e-10, 7.10147149419e-11, 2.02051899517e-11, 8.71381699435e-12, 2.90040712801e-12, 9.73172497448e-13, 4.11121630446e-13, 1.59728634941e-13, 3.40586188267e-14, 1.82075932293e-14, 3.90928998564e-15, 1.47501152765e-15, 7.94042301376e-16, 2.36896454152e-16, 9.63719676672e-17, 4.47421166149e-17, 3.4476341992e-17, 1.94046182316e-17, 7.71002889406e-18, 2.82801264108e-18, 4.06195906136e-19, 2.19177271426e-19, 2.03338598003e-19, 9.34248867714e-20, 7.71324530832e-20, 6.249460034e-20, 5.12007706258e-20, 1.74385538192e-20, 1.12467741233e-20, 1.00952223883e-20, 1.58453958815e-20],
        "max": [0.0323533676565, 0.0254868026823, 0.0162758305669, 0.0558768212795, 0.0783279165626, 0.0988026335835, 0.0930535718799, 0.00255794660188, 0.000320571532939, 0.000153999237227, 6.74236143823e-05, 3.26021690853e-05, 2.41260149778e-05, 1.42493499879e-05, 8.00666839496e-06, 5.42543602933e-06, 3.62737500836e-06, 1.58565148922e-06, 1.11892643417e-06, 4.46363600304e-07, 2.45472875804e-07, 1.83981697433e-07, 1.20156798289e-07, 6.82714897948e-08, 4.64907934372e-08, 4.32284466001e-08, 3.51609656946e-08, 2.04439256635e-08, 1.28182380266e-08, 4.28263335905e-09, 3.64461816282e-09, 3.59532026373e-09, 2.67074318216e-09, 2.24149898642e-09, 1.84979598306e-09, 1.60572055652e-09, 8.72057814849e-10, 4.19876050595e-10, 4.77395734055e-10, 8.09379452349e-10],
        "mean": [0.00585348345339, 0.00684765400365, 0.003998325672, 0.001812010305, 0.000940881494898, 0.000978856347501, 0.000558629457373, 1.3575230696e-05, 3.31227602146e-06, 1.22030928651e-06, 5.05866182721e-07, 2.54235459352e-07, 1.38396970328e-07, 8.5991167964e-08, 4.96644396719e-08, 2.8984956657e-08, 1.53069752429e-08, 8.15922351904e-09, 6.18024431631e-09, 3.46884121427e-09, 2.27072760595e-09, 1.69464320354e-09, 1.10647535578e-09, 7.86473497438e-10, 5.91850457532e-10, 5.20411158611e-10, 4.50067649815e-10, 3.36342037555e-10, 2.77840195295e-10, 2.44667675009e-10, 2.21865331662e-10, 2.09377015725e-10, 2.09984959976e-10, 1.63317095958e-10, 1.37851230431e-10, 1.28475938221e-10, 5.19983778258e-11, 3.38430498903e-11, 3.42980401025e-11, 4.183381766e-11],
        "median": [0.0043341354467, 0.00605070171878, 0.00334598589689, 0.000612171250395, 0.000112687281216, 3.50943555532e-05, 8.46118018671e-06, 2.04344814847e-06, 6.48198692943e-07, 2.01606169981e-07, 6.42497184344e-08, 3.66810084529e-08, 2.03057552994e-08, 1.69403602257e-08, 6.2214344787e-09, 3.33678795705e-09, 1.42553568949e-09, 9.90217241537e-10, 6.73793854045e-10, 5.45648470851e-10, 4.5951178973e-10, 3.80233372566e-10, 3.39256123194e-10, 2.77335987509e-10, 2.46182352281e-10, 2.48282172599e-10, 2.56936388832e-10, 2.03837405288e-10, 1.87105164695e-10, 1.96724053714e-10, 1.85363446814e-10, 1.77111908473e-10, 1.83330434167e-10, 1.40473271903e-10, 1.10088924088e-10, 1.02849666284e-10, 3.17430873253e-11, 8.89401313015e-12, 9.7017402792e-12, 1.35825690972e-11],
        "min": [4.64278445412e-24, 2.04431449765e-24, 3.85408763197e-24, 2.74814448033e-24, 1.97250192565e-24, 2.75983362401e-24, 4.45430507348e-24, 3.58470622676e-24, 3.7454326919e-24, 3.94497190243e-24, 2.9616753223e-24, 3.97090373254e-24, 4.24770753e-24, 4.97811620873e-24, 4.04253348602e-24, 4.69779527492e-24, 6.4367318554e-24, 3.83608464282e-24, 3.86960452598e-24, 5.48628028792e-24, 4.49281410743e-24, 6.97128609288e-24, 7.41181836565e-24, 5.60627628679e-24, 5.81409459253e-24, 5.97202060145e-24, 6.32379221732e-24, 6.00673324229e-24, 6.46687975261e-24, 7.75637466525e-24, 6.55269677505e-24, 7.37304190785e-24, 6.638113845e-24, 7.09371967195e-24, 6.66688202449e-24, 6.92010243076e-24, 6.47725997883e-24, 7.87335484889e-24, 7.2653197958e-24, 7.39022250951e-24],
