{
"metadata": {
    "version": {
        "essentia": "2.1-beta6-dev",
        "essentia_git_sha": "v2.1_beta5-778-gc9eadba6",
        "extractor": "music 2.0"
    },
    "audio_properties": {
        "analysis": {
            "equal_loudness": 0,
            "length": 12.9999771118,
            "sample_rate": 44100,
            "start_time": 0,
            "downmix": "mix"
        },
        "bit_rate": 128000,
        "length": 13,
        "lossless": 0,
        "number_channels": 2,
        "replay_gain": 2.35161399841,
        "sample_rate": 48000,
        "codec": "mp3",
        "md5_encoded": "44f3cacf27a931a764a8775371ae551f"
    },
    "tags": {
        "file_name": "rone-origami2.mp3",
        "encoding": ["Lavf59.16.100"]
    }
},
"lowlevel": {
    "average_loudness": 0.952252388,
    "barkbands_crest": {
        "dmean": 3.07760357857,
        "dmean2": 5.13493251801,
        "dvar": 6.55730295181,
        "dvar2": 15.6040534973,
        "max": 23.5880470276,
        "mean": 12.4199972153,
        "median": 11.9427881241,
        "min": 3.16746282578,
        "stdev": 4.15255832672,
        "var": 17.2437419891
    },
    "barkbands_flatness_db": {
        "dmean": 0.037921320647,
        "dmean2": 0.0560832582414,
        "dvar": 0.00136434135493,
        "dvar2": 0.00287232641131,
        "max": 0.3509722054,
        "mean": 0.183149859309,
        "median": 0.186685860157,
        "min": 0.0367830917239,
        "stdev": 0.0578570812941,
        "var": 0.00334744201973
    },
    "barkbands_kurtosis": {
        "dmean": 3.83706784248,
        "dmean2": 6.50930595398,
        "dvar": 17.3614597321,
        "dvar2": 47.7722129822,
        "max": 38.1024360657,
        "mean": 7.66781568527,
        "median": 6.46083068848,
        "min": -1.64233982563,
        "stdev": 5.80546760559,
        "var": 33.7034568787
    },
    "barkbands_skewness": {
        "dmean": 0.58950984478,
        "dmean2": 0.995741486549,
        "dvar": 0.311141014099,
        "dvar2": 0.827917635441,
        "max": 5.70444011688,
        "mean": 2.24610280991,
        "median": 2.25372862816,
        "min": -1.75743257999,
        "stdev": 0.796405255795,
        "var": 0.634261369705
    },
    "barkbands_spread": {
        "dmean": 6.35095453262,
        "dmean2": 10.7796020508,
        "dvar": 108.367553711,
        "dvar2": 282.422546387,
        "max": 84.2295150757,
        "mean": 12.1667737961,
        "median": 9.14188194275,
        "min": 1.75254833698,
        "stdev": 10.1471586227,
        "var": 102.964820862
    },
    "dissonance": {
        "dmean": 0.022066231817,
        "dmean2": 0.0367153584957,
        "dvar": 0.000346044020262,
        "dvar2": 0.000896619108971,
        "max": 0.498526036739,
        "mean": 0.451176851988,
        "median": 0.454082936049,
        "min": 0.349694639444,
        "stdev": 0.0237218849361,
        "var": 0.00056272780057
    },
    "dynamic_complexity": 2.21316337585,
    "erbbands_crest": {
        "dmean": 2.40193200111,
        "dmean2": 4.02825880051,
        "dvar": 5.4744310379,
        "dvar2": 14.2353582382,
        "max": 20.2508563995,
        "mean": 8.38110637665,
        "median": 8.16317558289,
        "min": 3.06724643707,
        "stdev": 3.02392530441,
        "var": 9.14412403107
    },
    "erbbands_flatness_db": {
        "dmean": 0.028671104461,
        "dmean2": 0.0415745042264,
        "dvar": 0.000813633960206,
        "dvar2": 0.00143690733239,
        "max": 0.240727126598,
        "mean": 0.172635316849,
        "median": 0.18361184001,
        "min": 0.0556781291962,
        "stdev": 0.0389155223966,
        "var": 0.00151441781782
    },
    "erbbands_kurtosis": {
        "dmean": 0.871658325195,
        "dmean2": 1.44480037689,
        "dvar": 0.850573599339,
        "dvar2": 2.37605047226,
        "max": 6.20725250244,
        "mean": 0.445059150457,
        "median": 0.178164482117,
        "min": -1.58378064632,
        "stdev": 1.13781869411,
        "var": 1.29463136196
    },
    "erbbands_skewness": {
        "dmean": 0.361019194126,
        "dmean2": 0.594160974026,
        "dvar": 0.137550711632,
        "dvar2": 0.409570068121,
        "max": 2.20131087303,
        "mean": 0.875262975693,
        "median": 0.894529461861,
        "min": -0.840071856976,
        "stdev": 0.474268555641,
        "var": 0.224930658937
    },
    "erbbands_spread": {
        "dmean": 10.183971405,
        "dmean2": 16.4471874237,
        "dvar": 191.159790039,
        "dvar2": 452.856689453,
        "max": 114.457099915,
        "mean": 35.4775505066,
        "median": 31.8873767853,
        "min": 11.9749336243,
        "stdev": 14.2414464951,
        "var": 202.81880188
    },
    "hfc": {
        "dmean": 14.2224636078,
        "dmean2": 25.0753917694,
        "dvar": 686.790222168,
        "dvar2": 1757.87487793,
        "max": 198.980148315,
        "mean": 15.7700710297,
        "median": 8.4982252121,
        "min": 1.17694473632e-16,
        "stdev": 23.133764267,
        "var": 535.171020508
    },
    "loudness_ebu128": {
        "integrated": -24.4467124939,
        "loudness_range": 1.27271842957,
        "momentary": {
            "dmean": 0.459286093712,
            "dmean2": 0.46436804533,
            "dvar": 0.278353750706,
            "dvar2": 0.139588102698,
            "max": -22.0799999237,
            "mean": -24.8740158081,
            "median": -24.3613796234,
            "min": -35.3910446167,
            "stdev": 2.13947343826,
            "var": 4.57734680176
        },
        "short_term": {
            "dmean": 0.0519980043173,
            "dmean2": 0.0518790557981,
            "dvar": 0.00183919037227,
            "dvar2": 0.00158496352378,
            "max": -23.713514328,
            "mean": -24.3996524811,
            "median": -24.3446941376,
            "min": -25.6762771606,
            "stdev": 0.473706275225,
            "var": 0.224397644401
        }
    },
    "melbands_crest": {
        "dmean": 3.26847171783,
        "dmean2": 5.38544130325,
        "dvar": 6.96672153473,
        "dvar2": 19.1405563354,
        "max": 24.9949302673,
        "mean": 14.8321475983,
        "median": 14.6294078827,
        "min": 1.88949394226,
        "stdev": 3.78757476807,
        "var": 14.3457221985
    },
    "melbands_flatness_db": {
        "dmean": 0.0401995368302,
        "dmean2": 0.0618195086718,
        "dvar": 0.00160471664276,
        "dvar2": 0.00369490962476,
        "max": 0.447533786297,
        "mean": 0.250454425812,
        "median": 0.251465409994,
        "min": 0.00637148087844,
        "stdev": 0.0632555037737,
        "var": 0.00400125887245
    },
    "melbands_kurtosis": {
        "dmean": 7.13388395309,
        "dmean2": 11.9930696487,
        "dvar": 78.805015564,
        "dvar2": 211.386413574,
        "max": 127.385116577,
        "mean": 16.3848667145,
        "median": 14.5960903168,
        "min": -1.11525225639,
        "stdev": 10.9293241501,
        "var": 119.450119019
    },
    "melbands_skewness": {
        "dmean": 0.748781204224,
        "dmean2": 1.23384904861,
        "dvar": 0.474721759558,
        "dvar2": 1.26180672646,
        "max": 8.57357215881,
        "mean": 3.00767278671,
        "median": 2.92962932587,
        "min": -0.1204027161,
        "stdev": 0.958306491375,
        "var": 0.91835129261
    },
    "melbands_spread": {
        "dmean": 4.806432724,
        "dmean2": 8.1466588974,
        "dvar": 57.3828048706,
        "dvar2": 133.024047852,
        "max": 120.150520325,
        "mean": 10.9988765717,
        "median": 8.98822307587,
        "min": 1.65123808384,
        "stdev": 8.64402294159,
        "var": 74.7191314697
    },
    "pitch_salience": {
        "dmean": 0.0893234908581,
        "dmean2": 0.150991171598,
        "dvar": 0.00707080820575,
        "dvar2": 0.0190421473235,
        "max": 0.916659772396,
        "mean": 0.517643868923,
        "median": 0.511374354362,
        "min": 0.285705149174,
        "stdev": 0.098039701581,
        "var": 0.00961178354919
    },
    "silence_rate_20dB": {
        "dmean": 0,
        "dmean2": 0,
        "dvar": 0,
        "dvar2": 0,
        "max": 1,
        "mean": 1,
        "median": 1,
        "min": 1,
        "stdev": 0,
        "var": 0
    },
    "silence_rate_30dB": {
        "dmean": 0.0250000003725,
        "dmean2": 0.0500894449651,
        "dvar": 0.0243748221546,
        "dvar2": 0.0690479725599,
        "max": 1,
        "mean": 0.985739767551,
        "median": 1,
        "min": 0,
        "stdev": 0.118561334908,
        "var": 0.0140567906201
    },
    "silence_rate_60dB": {
        "dmean": 0.00714285718277,
        "dmean2": 0.014311269857,
        "dvar": 0.00709183793515,
        "dvar2": 0.0176842696965,
        "max": 1,
        "mean": 0.0445632785559,
        "median": 0,
        "min": 0,
        "stdev": 0.206342101097,
        "var": 0.0425770618021
    },
    "spectral_centroid": {
        "dmean": 237.212722778,
        "dmean2": 386.161102295,
        "dvar": 260274.96875,
        "dvar2": 449058.90625,
        "max": 11199.4736328,
        "mean": 708.030578613,
        "median": 604.431884766,
        "min": 315.335662842,
        "stdev": 558.088317871,
        "var": 311462.5625
    },
    "spectral_complexity": {
        "dmean": 4.82142877579,
        "dmean2": 7.73524141312,
        "dvar": 37.3860435486,
        "dvar2": 89.7509994507,
        "max": 51,
        "mean": 15.4973258972,
        "median": 14,
        "min": 0,
        "stdev": 7.12308692932,
        "var": 50.7383651733
    },
    "spectral_decrease": {
        "dmean": 4.42993730587e-09,
        "dmean2": 7.48642570159e-09,
        "dvar": 3.92722921702e-17,
        "dvar2": 9.99180975707e-17,
        "max": -7.78541411467e-29,
        "mean": -8.46195646886e-09,
        "median": -6.55950227468e-09,
        "min": -5.33766097988e-08,
        "stdev": 7.09687109079e-09,
        "var": 5.03655815866e-17
    },
    "spectral_energy": {
        "dmean": 0.017814643681,
        "dmean2": 0.0302842706442,
        "dvar": 0.00064035190735,
        "dvar2": 0.00160846288782,
        "max": 0.211714684963,
        "mean": 0.0333677716553,
        "median": 0.025767782703,
        "min": 1.09690716586e-20,
        "stdev": 0.0282333362848,
        "var": 0.000797121261712
    },
    "spectral_energyband_high": {
        "dmean": 0.00081069720909,
        "dmean2": 0.00147329445463,
        "dvar": 3.82666121368e-06,
        "dvar2": 1.04581376945e-05,
        "max": 0.016655864194,
        "mean": 0.000549902091734,
        "median": 7.9662175267e-05,
        "min": 8.1968202643e-21,
        "stdev": 0.00156940636225,
        "var": 2.46303648055e-06
    },
    "spectral_energyband_low": {
        "dmean": 0.00631947349757,
        "dmean2": 0.010218960233,
        "dvar": 0.000117880328617,
        "dvar2": 0.000279392144876,
        "max": 0.123780779541,
        "mean": 0.0116402236745,
        "median": 0.00526391528547,
        "min": 2.87726160453e-23,
        "stdev": 0.0157984755933,
        "var": 0.000249591830652
    },
    "spectral_energyband_middle_high": {
        "dmean": 0.00259071425535,
        "dmean2": 0.00468160770833,
        "dvar": 3.15811339533e-05,
        "dvar2": 8.76205012901e-05,
        "max": 0.0398230142891,
        "mean": 0.0027479226701,
        "median": 0.00155022274703,
        "min": 1.72339788867e-21,
        "stdev": 0.0045307003893,
        "var": 2.05272444873e-05
    },
    "spectral_energyband_middle_low": {
        "dmean": 0.0112180188298,
        "dmean2": 0.0198206044734,
        "dvar": 0.000368752866052,
        "dvar2": 0.0010199212702,
        "max": 0.160731837153,
        "mean": 0.0188286546618,
        "median": 0.0154661219567,
        "min": 2.77708422129e-22,
        "stdev": 0.0175932087004,
        "var": 0.000309521012241
    },
    "spectral_entropy": {
        "dmean": 0.346286565065,
        "dmean2": 0.530229210854,
        "dvar": 0.122767433524,
        "dvar2": 0.266366273165,
        "max": 9.81635475159,
        "mean": 7.2017250061,
        "median": 7.11763858795,
        "min": 6.35487651825,
        "stdev": 0.441502720118,
        "var": 0.194924652576
    },
    "spectral_flux": {
        "dmean": 0.0451469942927,
        "dmean2": 0.0711306482553,
        "dvar": 0.00248678401113,
        "dvar2": 0.00425782520324,
        "max": 0.342977285385,
        "mean": 0.0879381522536,
        "median": 0.0693656057119,
        "min": 1.04733333117e-10,
        "stdev": 0.0633492097259,
        "var": 0.0040131220594
    },
    "spectral_kurtosis": {
        "dmean": 2.77262759209,
        "dmean2": 4.75737190247,
        "dvar": 5.1439166069,
        "dvar2": 12.6003522873,
        "max": 18.0172386169,
        "mean": 5.80071020126,
        "median": 5.44410037994,
        "min": -1.16308355331,
        "stdev": 2.79095339775,
        "var": 7.78942108154
    },
    "spectral_rms": {
        "dmean": 0.00135320657864,
        "dmean2": 0.00221528601833,
        "dvar": 2.25668600251e-06,
        "dvar2": 5.54249390916e-06,
        "max": 0.0143718793988,
        "mean": 0.0052724047564,
        "median": 0.00501391058788,
        "min": 3.27131984695e-12,
        "stdev": 0.00218074838631,
        "var": 4.75566321256e-06
    },
    "spectral_rolloff": {
        "dmean": 437.085327148,
        "dmean2": 765.17956543,
        "dvar": 1494523.375,
        "dvar2": 3855819.25,
        "max": 18260.15625,
        "mean": 727.67755127,
        "median": 516.796875,
        "min": 86.1328125,
        "stdev": 1189.65393066,
        "var": 1415276.5
    },
    "spectral_skewness": {
        "dmean": 0.345322430134,
        "dmean2": 0.587372124195,
        "dvar": 0.0850186645985,
        "dvar2": 0.20639654994,
        "max": 3.11209130287,
        "mean": 1.81387031078,
        "median": 1.81294751167,
        "min": -0.0340262055397,
        "stdev": 0.360834538937,
        "var": 0.130201563239
    },
    "spectral_spread": {
        "dmean": 886540.8125,
        "dmean2": 1285888.125,
        "dvar": 3.2293411881e+12,
        "dvar2": 4.51463767654e+12,
        "max": 39299928,
        "mean": 3909570,
        "median": 3325514.25,
        "min": 1926962.75,
        "stdev": 2080427.75,
        "var": 4.32817963008e+12
    },
    "spectral_strongpeak": {
        "dmean": 0.37160590291,
        "dmean2": 0.634525060654,
        "dvar": 0.225701823831,
        "dvar2": 0.615124046803,
        "max": 4.17910814285,
        "mean": 0.694096803665,
        "median": 0.534714519978,
        "min": 2.20690665742e-09,
        "stdev": 0.532515883446,
        "var": 0.283573180437
    },
    "zerocrossingrate": {
        "dmean": 0.0104125980288,
        "dmean2": 0.0141173554584,
        "dvar": 0.00024983426556,
        "dvar2": 0.000348682544427,
        "max": 0.4990234375,
        "mean": 0.0342667251825,
        "median": 0.02880859375,
        "min": 0.005859375,
        "stdev": 0.0304155629128,
        "var": 0.000925106462091
    },
    "barkbands": {
        "dmean": [5.72927820031e-05, 0.00455965846777, 0.00182022433728, 0.000666724634357, 0.00569265754893, 0.00210701581091, 0.00120694516227, 0.00249680317938, 0.000968823384028, 0.000388985034078, 0.000453265703982, 0.00053035171004, 0.000282830180367, 0.000353763141902, 0.000220008718316, 0.000185463533853, 0.000161853255122, 0.00018114176055, 0.000146061633131, 0.00016084795061, 0.000101075042039, 0.000104094644485, 0.000128607061924, 0.000208189012483, 7.90486737969e-05, 0.0001091751692, 1.01749183159e-05],
        "dmean2": [9.54771676334e-05, 0.00738515146077, 0.00303438026458, 0.00119184912182, 0.0100768581033, 0.00359442410991, 0.00217080349103, 0.00463616382331, 0.00171511049848, 0.000693476467859, 0.00081395561574, 0.000998786417767, 0.000495977234095, 0.000628762994893, 0.000396003102651, 0.000335093645845, 0.00028295890661, 0.000328786118189, 0.000270356133115, 0.000296918005915, 0.000180997958523, 0.000183763506357, 0.00023471408349, 0.000384945917176, 0.000146587655763, 0.000199627393158, 1.86454963114e-05],
        "dvar": [2.02195220567e-08, 8.89799994184e-05, 9.11516053748e-06, 3.30652642333e-06, 7.63261632528e-05, 1.98334182642e-05, 7.15034775567e-06, 0.000139950410812, 7.34574678063e-06, 4.46292887091e-07, 1.33406012992e-06, 2.68364919975e-06, 4.0643635657e-07, 7.59389024552e-07, 2.91020455734e-07, 2.10983202464e-07, 8.59667608211e-08, 2.34054127191e-07, 7.40926964227e-08, 1.94898944983e-07, 8.49875831932e-08, 5.46976615112e-08, 1.04572592363e-07, 3.15689959507e-07, 6.83673064827e-08, 7.31786542474e-08, 7.46793182849e-10],
        "dvar2": [5.12289517474e-08, 0.000212033904972, 2.37852618739e-05, 9.37557888392e-06, 0.000218695306103, 5.25868563273e-05, 1.99195146706e-05, 0.000400900229579, 2.06080367207e-05, 1.27538021388e-06, 3.86212741432e-06, 7.8041712186e-06, 1.14823455988e-06, 2.08998881135e-06, 8.21096989512e-07, 5.95063397668e-07, 2.21667946221e-07, 6.56044164771e-07, 2.01078705686e-07, 5.32776084583e-07, 2.34828107182e-07, 1.44333355934e-07, 2.86662043436e-07, 8.80558388872e-07, 1.9501661086e-07, 2.00736025135e-07, 2.05463868141e-09],
        "max": [0.00116038299166, 0.119917280972, 0.0335055477917, 0.0205712765455, 0.0698583424091, 0.0364712700248, 0.0187104903162, 0.111254870892, 0.0307277981192, 0.00476806890219, 0.00858756247908, 0.0154329100624, 0.00699436664581, 0.00720640458167, 0.00319863390177, 0.00450263079256, 0.00231923651882, 0.00520022306591, 0.00207398831844, 0.00468260375783, 0.0031044932548, 0.00164052273612, 0.00277391634881, 0.0044078854844, 0.0027668280527, 0.00147163856309, 0.000233363753068],
        "mean": [5.09279452672e-05, 0.00848860759288, 0.00281495414674, 0.0006512979744, 0.0108251329511, 0.00291250180453, 0.00119467184413, 0.00199682684615, 0.00103961548302, 0.000437645212514, 0.000498979876284, 0.000414976559114, 0.00030244505615, 0.000310910516419, 0.000208668396226, 0.000199120448087, 0.000176098415977, 0.000134175163112, 0.000106822160888, 0.000119395539514, 7.81584531069e-05, 7.58718742873e-05, 8.36314502521e-05, 0.000127314080601, 4.6792501962e-05, 6.61624435452e-05, 6.09639619142e-06],
        "median": [9.50001594902e-06, 0.00253936112858, 0.00179934664629, 0.000154197681695, 0.00957182515413, 0.0014006101992, 0.000545040355064, 0.000717000977602, 0.00046052923426, 0.000253388832789, 0.000249882490607, 0.000137709037517, 0.000156658599735, 0.000138330447953, 0.000102786121715, 0.000118115771329, 0.00010205507715, 3.23435015162e-05, 2.93034518108e-05, 3.47863388015e-05, 2.44573839154e-05, 1.22114261103e-05, 9.09091522772e-06, 5.85311136092e-06, 1.18302352803e-06, 2.72098162668e-07, 1.95388971669e-09],
        "min": [2.223897105e-24, 7.83904176609e-24, 1.54161974889e-23, 1.4767491923e-23, 2.32436824427e-23, 6.55492483379e-23, 4.99288305379e-23, 1.42734520038e-23, 8.9437187171e-23, 6.96300384223e-23, 4.19235584241e-23, 9.75914845761e-23, 1.14568894594e-22, 1.94750218992e-22, 1.06504098192e-22, 1.54913513207e-22, 1.19166047784e-22, 2.93979126372e-22, 3.66116354078e-22, 3.40017553672e-22, 3.98036039197e-22, 6.70967574067e-22, 6.5352655365e-22, 1.10890376871e-21, 1.32791377032e-21, 1.57553834443e-21, 2.4787175894e-21],
        "stdev": [0.00013136571215, 0.0145947737619, 0.00332503649406, 0.00153978238814, 0.0093331867829, 0.00440094154328, 0.00219979719259, 0.00890969578177, 0.00223989551887, 0.000581027357839, 0.000928393157665, 0.00122590514366, 0.000521468056832, 0.000711898494046, 0.000427153310739, 0.000370016408851, 0.00026438923669, 0.000380240235245, 0.000220919479034, 0.000358265126124, 0.000233178026974, 0.000197855115402, 0.000257131614489, 0.000435974245192, 0.000198221401661, 0.000214260537177, 2.1598114472e-05],
        "var": [1.72569514234e-08, 0.000213007413549, 1.1055867617e-05, 2.37092990574e-06, 8.71083757374e-05, 1.93682863028e-05, 4.83910753246e-06, 7.93826839072e-05, 5.01713202539e-06, 3.37592780397e-07, 8.61913804329e-07, 1.50284347455e-06, 2.71928911388e-07, 5.06799494815e-07, 1.82459942266e-07, 1.36912149173e-07, 6.99016737826e-08, 1.44582642747e-07, 4.88054148207e-08, 1.28353903506e-07, 5.43719949064e-08, 3.91466485894e-08, 6.61166623672e-08, 1.90073549788e-07, 3.92917236525e-08, 4.5907576407e-08, 4.66478577987e-10]
    },
    "erbbands": {
        "dmean": [0.0951838865876, 1.14900791645, 2.38148283958, 2.00310993195, 5.73565626144, 24.676317215, 27.0526428223, 15.4730482101, 13.6784305573, 44.4414596558, 35.736541748, 24.6934833527, 13.6303310394, 13.380194664, 19.9011631012, 21.089006424, 13.5678901672, 16.7683410645, 14.2442951202, 10.0152454376, 10.5833854675, 8.34587574005, 9.10387229919, 8.70903587341, 7.59480857849, 7.45083189011, 5.06929016113, 3.63783574104, 3.65059995651, 3.47319293022, 3.77019906044, 4.90849971771, 2.86133790016, 0.976300477982, 0.480365216732, 0.33717045188, 0.259061336517, 0.0399824716151, 0.00116382620763, 4.79240407003e-05],
        "dmean2": [0.153849318624, 1.87324929237, 3.92350673676, 3.49623990059, 10.1903247833, 43.4730911255, 46.6540374756, 26.3735694885, 24.2158527374, 81.614364624, 65.0096893311, 43.3640060425, 24.4343891144, 24.3743362427, 36.1241722107, 39.3353729248, 24.0448379517, 29.5686626434, 25.8891086578, 17.5966072083, 19.2375335693, 14.6830682755, 16.3548069, 15.9726915359, 14.1598262787, 13.5963115692, 9.3148651123, 6.48138904572, 6.39585113525, 6.27859306335, 6.92205572128, 9.05513954163, 5.30898571014, 1.80615341663, 0.892831265926, 0.617731869221, 0.474063932896, 0.0728869959712, 0.00213453313336, 8.44592650537e-05],
        "dvar": [0.0623270459473, 5.01373052597, 12.6211700439, 19.8923797607, 197.862716675, 1442.87878418, 1705.50732422, 1113.67211914, 748.125976562, 31710.0527344, 23712.0664062, 4161.9765625, 775.899658203, 1068.54882812, 2501.55322266, 3875.38354492, 1057.60522461, 1486.07116699, 1166.81762695, 443.155731201, 893.239257812, 244.720672607, 424.619903564, 371.124511719, 305.214691162, 410.549591064, 148.828735352, 124.358520508, 68.0150680542, 61.7409248352, 94.114730835, 160.221054077, 70.4062728882, 9.54841518402, 2.51963210106, 0.718078136444, 0.432216197252, 0.00886386819184, 7.79240144766e-06, 7.11219172445e-09],
        "dvar2": [0.144123375416, 12.1440553665, 31.1628322601, 55.1986351013, 564.603210449, 4167.87646484, 4625.33691406, 2965.23144531, 2046.36425781, 89479.0390625, 67751.59375, 11619.8164062, 2197.51928711, 3097.96411133, 7193.10058594, 11257.4326172, 2982.0378418, 4064.88427734, 3282.23876953, 1216.17077637, 2520.21118164, 630.026733398, 1151.11889648, 1033.30651855, 839.949462891, 1101.12512207, 412.991668701, 334.912628174, 177.868850708, 164.13041687, 260.359436035, 443.528961182, 198.9634552, 27.1172809601, 7.16358375549, 1.98564565182, 1.18700563908, 0.0242134574801, 2.13761268242e-05, 1.84028277062e-08],
        "max": [3.5639796257, 26.3304252625, 32.5287628174, 33.4847373962, 190.152252197, 276.3331604, 368.025787354, 240.158798218, 187.58505249, 1515.60192871, 1649.10302734, 708.755310059, 256.466583252, 222.518127441, 322.909057617, 585.780334473, 361.473236084, 278.163604736, 186.871063232, 140.025466919, 308.512023926, 118.797546387, 228.065444946, 169.757293701, 171.511367798, 221.74647522, 102.504310608, 127.974212646, 60.1218566895, 58.443157196, 85.3406982422, 83.2203292847, 75.0555496216, 31.2868881226, 15.6696310043, 5.08614015579, 3.56153249741, 0.618962883949, 0.0197108220309, 0.000544365961105],
        "mean": [0.168904528022, 2.14433026314, 4.00833654404, 2.37434530258, 7.55827713013, 46.5676231384, 45.5921478271, 22.2100296021, 15.6799592972, 38.1487922668, 29.7904129028, 26.2789001465, 17.1369094849, 13.6109428406, 20.9681587219, 17.8646392822, 13.9349851608, 16.793712616, 12.2825393677, 11.4986076355, 10.9377212524, 8.32530021667, 7.4713139534, 6.40134000778, 5.38322973251, 5.69369029999, 3.87979149818, 2.79543662071, 2.66265034676, 2.44019126892, 2.44598436356, 3.02097535133, 1.73355197906, 0.590678811073, 0.282807677984, 0.202828973532, 0.156537279487, 0.0242036450654, 0.000707281869836, 5.52659221285e-05],
        "median": [0.0178055111319, 0.747931182384, 2.37981677055, 1.25363528728, 3.10546731949, 40.4889221191, 37.4052009583, 9.80325508118, 7.04922151566, 14.9083271027, 10.8042554855, 10.1900682449, 10.5523042679, 7.33925580978, 11.1773281097, 7.14594364166, 7.36578464508, 7.5584025383, 5.26811885834, 6.38825750351, 6.16415786743, 3.97884654999, 2.31081533432, 1.77007341385, 1.3313639164, 1.69288229942, 1.1817291975, 0.709818959236, 0.421450823545, 0.371251046658, 0.266686111689, 0.173785567284, 0.0525421239436, 0.018733356148, 0.00597122684121, 0.00190404092427, 0.000337594363373, 2.16126936721e-05, 1.66375939443e-05, 3.02467342408e-05],
        "min": [2.7619017412e-22, 1.82137012169e-21, 1.18216493009e-20, 3.33819431383e-20, 8.11024741214e-20, 7.89257224901e-20, 1.3864181669e-19, 7.73430416349e-19, 6.13682246225e-19, 6.19952326967e-19, 3.69301220973e-19, 2.32242185951e-18, 1.91344618708e-18, 2.46444132606e-18, 2.46973755673e-18, 3.69462453984e-18, 4.12025445994e-18, 9.91570103435e-18, 6.84017362011e-18, 6.32618219904e-18, 9.51055541494e-18, 8.31012195868e-18, 1.27733908479e-17, 1.73967564087e-17, 1.90940714686e-17, 1.71924791933e-17, 1.44243738673e-17, 2.15140727231e-17, 2.27114745624e-17, 1.8000924165e-17, 1.69693703841e-17, 1.85044074972e-17, 2.20715544056e-17, 1.43145358625e-17, 1.07499383247e-17, 4.88299273969e-18, 3.14710542059e-18, 1.4538621572e-18, 3.34797914961e-19, 3.4572149411e-20],
        "stdev": [0.392732948065, 3.40940451622, 4.33174753189, 3.88080048561, 12.6292819977, 40.7077598572, 41.9611740112, 33.7179260254, 24.4582595825, 136.991653442, 116.692344666, 54.9779510498, 23.8021697998, 25.1740646362, 39.5580024719, 46.9756317139, 25.9922142029, 32.4620857239, 26.9509429932, 17.8125991821, 23.5128211975, 13.7848138809, 16.9825305939, 15.2151823044, 13.9467477798, 16.858133316, 9.70379447937, 9.20836353302, 7.05786991119, 6.49078893661, 7.6193189621, 9.90871143341, 6.41328382492, 2.35405182838, 1.20751810074, 0.665675342083, 0.519773244858, 0.0750242173672, 0.00221040192991, 7.50612380216e-05],
        "var": [0.154239162803, 11.6240386963, 18.7640361786, 15.0606126785, 159.498764038, 1657.12182617, 1760.73999023, 1136.89855957, 598.206481934, 18766.7128906, 13617.1025391, 3022.57495117, 566.543273926, 633.733520508, 1564.83569336, 2206.70996094, 675.595153809, 1053.7869873, 726.35333252, 317.288665771, 552.852783203, 190.021087646, 288.40637207, 231.501785278, 194.511779785, 284.196655273, 94.1636199951, 84.7939529419, 49.8135261536, 42.1303405762, 58.0540237427, 98.1825561523, 41.1302070618, 5.54156017303, 1.45809996128, 0.443123668432, 0.270164221525, 0.00562863284722, 4.88587647851e-06, 5.63418911526e-09]
    },
    "gfcc": {
        "mean": [-28.0284423828, 132.62461853, -116.591972351, 31.760559082, -61.5114898682, 6.63340520859, -38.0828552246, -4.47567224503, -18.3791694641, -5.46850395203, -8.44896507263, -3.23633432388, -1.42205119133],
        "cov": [[8287.578125, -1084.28894043, 376.614562988, -83.9777069092, -133.978637695, 195.080932617, -251.222351074, 216.352905273, -182.357803345, 216.486221313, -316.376678467, 150.731170654, -391.572021484], [-1084.28894043, 1735.65466309, -438.378356934, 384.795379639, 156.497070312, -27.6994667053, 242.153457642, -219.888824463, 289.779388428, -246.374389648, 238.221984863, -295.33190918, 358.192352295], [376.614562988, -438.378356934, 582.973632812, 2.37508320808, 136.831665039, 86.7899246216, 11.904548645, 117.84400177, -4.42921876907, 117.13469696, -39.8809394836, 116.421455383, -115.219512939], [-83.9777069092, 384.795379639, 2.37508320808, 232.93119812, 80.6427230835, 22.1173000336, 77.2079086304, -31.1881904602, 87.5340270996, -53.1373100281, 83.4738998413, -66.5720825195, 112.813323975], [-133.978637695, 156.497070312, 136.831665039, 80.6427230835, 143.926727295, 40.4883422852, 66.4898757935, -2.98310232162, 55.1314430237, 4.96462488174, 28.7040042877, -1.08167123795, 29.8338871002], [195.080932617, -27.6994667053, 86.7899246216, 22.1173000336, 40.4883422852, 108.057159424, 44.3784751892, 48.7937736511, 28.4540462494, 23.3563938141, -5.4600892067, -10.1957445145, -32.3259429932], [-251.222351074, 242.153457642, 11.904548645, 77.2079086304, 66.4898757935, 44.3784751892, 118.458442688, 13.2296743393, 71.7644729614, -7.10641431808, 47.5115814209, -51.1445274353, 36.2722892761], [216.352905273, -219.888824463, 117.84400177, -31.1881904602, -2.98310232162, 48.7937736511, 13.2296743393, 102.270484924, -4.7920498848, 55.8778953552, -22.6684398651, 34.1837348938, -77.7424316406], [-182.357803345, 289.779388428, -4.42921876907, 87.5340270996, 55.1314430237, 28.4540462494, 71.7644729614, -4.7920498848, 118.393760681, -14.0133647919, 49.8917350769, -59.0510749817, 51.6250648499], [216.486221313, -246.374389648, 117.13469696, -53.1373100281, 4.96462488174, 23.3563938141, -7.10641431808, 55.8778953552, -14.0133647919, 91.7230377197, -23.9190254211, 44.2360229492, -62.0407028198], [-316.376678467, 238.221984863, -39.8809394836, 83.4738998413, 28.7040042877, -5.4600892067, 47.5115814209, -22.6684398651, 49.8917350769, -23.9190254211, 93.3663253784, -26.7755432129, 60.6683311462], [150.731170654, -295.33190918, 116.421455383, -66.5720825195, -1.08167123795, -10.1957445145, -51.1445274353, 34.1837348938, -59.0510749817, 44.2360229492, -26.7755432129, 114.417037964, -44.7842216492], [-391.572021484, 358.192352295, -115.219512939, 112.813323975, 29.8338871002, -32.3259429932, 36.2722892761, -77.7424316406, 51.6250648499, -62.0407028198, 60.6683311462, -44.7842216492, 163.91973877]],
        "icov": [[0.000186761622899, -0.000174202185008, 1.5920624719e-05, -0.00057706690859, 0.000314349657856, -0.000372557638912, 0.000429137609899, 7.34295899747e-05, 0.000125043632579, -0.000543983071111, 0.0006899345899, -0.000289862742648, 0.000464507960714], [-0.000174202185008, 0.00435792375356, 0.00139392598066, 0.000266573013505, -0.00304687977768, 0.00127040001098, -0.00274856924079, 0.00207562185824, -0.0040800855495, 0.00480918958783, -0.00305494503118, 0.00312235858291, -0.00165601912886], [1.5920624719e-05, 0.00139392598066, 0.00530122546479, -0.00204961397685, -0.00546592846513, -6.12904696027e-05, 0.000499129586387, -0.00138474395499, -0.0016095637111, -0.00101020175498, 0.00059435289586, -0.00207228912041, 0.00168286904227], [-0.00057706690859, 0.000266573013505, -0.00204961397685, 0.0138780027628, -0.00393115868792, -0.000224912029807, 0.000879776023794, -0.0045046643354, -0.000261420180323, 0.00543669657782, -0.00784456543624, 0.0061274706386, -0.0078953737393], [0.000314349657856, -0.00304687977768, -0.00546592846513, -0.00393115868792, 0.0218695402145, -0.00404489925131, -0.00746571365744, 0.00912290159613, -0.0014195983531, -0.00378931080922, 0.00490775983781, -0.00841168407351, 0.00237146858126], [-0.000372557638912, 0.00127040001098, -6.12904696027e-05, -0.000224912029807, -0.00404489925131, 0.0169598516077, -0.0043958327733, -0.00568847730756, -0.00192267261446, 0.00199734908529, 0.000785528507549, 0.00367086171173, 0.000874968653079], [0.000429137609899, -0.00274856924079, 0.000499129586387, 0.000879776023794, -0.00746571365744, -0.0043958327733, 0.0261212587357, -0.0113773820922, 0.000685233972035, -0.00383542245254, -0.00406113918871, 0.00699781253934, -0.00216014892794], [7.34295899747e-05, 0.00207562185824, -0.00138474395499, -0.0045046643354, 0.00912290159613, -0.00568847730756, -0.0113773820922, 0.0313548333943, -0.00598459597677, -0.0045215152204, 0.00220867013559, -0.0079032452777, 0.00956959556788], [0.000125043632579, -0.0040800855495, -0.0016095637111, -0.000261420180323, -0.0014195983531, -0.00192267261446, 0.000685233972035, -0.00598459597677, 0.0231676306576, -0.00636325543746, -0.00199959939346, 0.00577321089804, -0.00223526894115], [-0.000543983071111, 0.00480918958783, -0.00101020175498, 0.00543669657782, -0.00378931080922, 0.00199734908529, -0.00383542245254, -0.0045215152204, -0.00636325543746, 0.0275766998529, -0.00533419381827, 0.00123248726595, -0.00171995395795], [0.0006899345899, -0.00305494503118, 0.00059435289586, -0.00784456543624, 0.00490775983781, 0.000785528507549, -0.00406113918871, 0.00220867013559, -0.00199959939346, -0.00533419381827, 0.0249526184052, -0.00851400569081, 0.00239766458981], [-0.000289862742648, 0.00312235858291, -0.00207228912041, 0.0061274706386, -0.00841168407351, 0.00367086171173, 0.00699781253934, -0.0079032452777, 0.00577321089804, 0.00123248726595, -0.00851400569081, 0.0262622013688, -0.00725646410137], [0.000464507960714, -0.00165601912886, 0.00168286904227, -0.0078953737393, 0.00237146858126, 0.000874968653079, -0.00216014892794, 0.00956959556788, -0.00223526894115, -0.00171995395795, 0.00239766458981, -0.00725646410137, 0.0193861164153]]
    },
    "melbands": {
        "dmean": [0.00108066166285, 0.00130094168708, 0.000409474334447, 0.000989453285001, 0.00110473472159, 0.00035680187284, 0.000209917721804, 0.000544572540093, 0.000257052626694, 0.000146632606629, 6.62891834509e-05, 5.17736807524e-05, 6.68650900479e-05, 5.97201687924e-05, 4.33053537563e-05, 2.58204054262e-05, 3.32010640705e-05, 2.49719942076e-05, 1.58046950673e-05, 1.25758433569e-05, 1.29821182782e-05, 8.68977531354e-06, 9.09342725208e-06, 8.78117316461e-06, 6.96601182426e-06, 5.5220593822e-06, 5.79257903155e-06, 4.8071888159e-06, 3.39799476023e-06, 2.38470602199e-06, 2.09880386137e-06, 2.01029570235e-06, 2.13581847675e-06, 1.9497726953e-06, 2.08618371289e-06, 2.52599670603e-06, 3.3072651604e-06, 2.15487784772e-06, 1.39991311698e-06, 6.44098975044e-07],
        "dmean2": [0.00175456202123, 0.00212571630254, 0.000703135039657, 0.00174937036354, 0.00191389792599, 0.000605932611506, 0.000373110466171, 0.00100600486621, 0.000462694442831, 0.000259363965597, 0.000117996962217, 9.42588667385e-05, 0.000120291369967, 0.000112194924441, 7.88233519415e-05, 4.55994195363e-05, 5.82809479965e-05, 4.54206165159e-05, 2.87139046122e-05, 2.20697857003e-05, 2.34555645875e-05, 1.53722758114e-05, 1.6109273929e-05, 1.60523450177e-05, 1.2849273844e-05, 1.0309398931e-05, 1.08041358544e-05, 8.70565327205e-06, 6.32571391179e-06, 4.27169607065e-06, 3.73393118025e-06, 3.58149850399e-06, 3.77877472602e-06, 3.53620589522e-06, 3.84625127481e-06, 4.61089712189e-06, 6.1302944232e-06, 3.98116753786e-06, 2.62251387539e-06, 1.18518414638e-06],
        "dvar": [6.17355635768e-06, 3.99074906454e-06, 8.70434121225e-07, 2.61710988525e-06, 2.66751385425e-06, 5.70958263779e-07, 1.78533269946e-07, 5.51290440853e-06, 9.96719904833e-07, 1.72807617105e-07, 1.74232379635e-08, 1.54606727421e-08, 2.67985260649e-08, 3.40631061135e-08, 1.45350185221e-08, 2.79482637033e-09, 6.15121997782e-09, 3.7546170617e-09, 1.57021895486e-09, 5.95697546846e-10, 1.33892774645e-09, 2.80503037464e-10, 2.44527204041e-10, 6.12469797101e-10, 2.26113405777e-10, 1.03556732634e-10, 3.89499571485e-10, 1.39451214465e-10, 5.83946849209e-11, 5.32381499996e-11, 4.63811176965e-11, 2.1369296957e-11, 2.40166792703e-11, 2.20114655669e-11, 3.46388959183e-11, 3.84024548272e-11, 7.54903153877e-11, 3.64947794207e-11, 2.16453053398e-11, 4.48837278108e-12],
        "dvar2": [1.43460110849e-05, 9.7467282103e-06, 2.41222073782e-06, 7.72720250097e-06, 7.25813242752e-06, 1.514311748e-06, 4.93005984481e-07, 1.56374335347e-05, 2.84093130176e-06, 4.88563102863e-07, 4.93809260149e-08, 4.47586963048e-08, 7.71871171423e-08, 9.91501352132e-08, 4.18028136551e-08, 7.81639553082e-09, 1.68290270608e-08, 1.05406021689e-08, 4.44019487844e-09, 1.64295499427e-09, 3.77020104025e-09, 7.37620187152e-10, 6.20306583876e-10, 1.73529701719e-09, 6.28580354434e-10, 2.80454048873e-10, 1.09977205121e-09, 3.68966301956e-10, 1.6302544037e-10, 1.48116074961e-10, 1.25797636197e-10, 5.62384583347e-11, 6.18376738704e-11, 5.94376284302e-11, 9.74729047476e-11, 1.05449912691e-10, 2.09472314494e-10, 1.0234029596e-10, 6.21501392017e-11, 1.27337229303e-11],
        "max": [0.0345446243882, 0.0153341293335, 0.0108475117013, 0.0133880376816, 0.014132280834, 0.0053221816197, 0.0029269293882, 0.0199121441692, 0.0108481273055, 0.00465384544805, 0.00118501344696, 0.000832413265016, 0.00115455244668, 0.00176603184082, 0.00121728668455, 0.000457186833955, 0.000585487461649, 0.000405948696425, 0.000247854244662, 0.00019650394097, 0.000392056623241, 0.000141562471981, 0.00014456496865, 0.000263905007159, 0.000124031503219, 6.91631212248e-05, 0.000216541331611, 0.000119913776871, 6.55883923173e-05, 8.27750991448e-05, 7.69225734985e-05, 3.70918714907e-05, 3.95957649744e-05, 3.91957946704e-05, 6.03142179898e-05, 4.2066018068e-05, 4.79941481899e-05, 5.12924852956e-05, 4.45019832114e-05, 2.15797826968e-05],
        "mean": [0.00201567495242, 0.00232891272753, 0.00051996082766, 0.00179942487739, 0.00202193413861, 0.000499954097904, 0.000229672397836, 0.000451578292996, 0.000222105809371, 0.000155072615598, 8.08173572295e-05, 5.12908482051e-05, 7.31418767828e-05, 4.70986014989e-05, 4.13826019212e-05, 2.74272315437e-05, 3.21396510117e-05, 2.07703451451e-05, 1.44123550854e-05, 1.62819196703e-05, 1.24213611343e-05, 8.66785103426e-06, 8.12380767456e-06, 6.39891868559e-06, 5.03407591168e-06, 3.90936384065e-06, 3.92678521166e-06, 3.79314019483e-06, 2.54936617239e-06, 1.8804737465e-06, 1.57547742674e-06, 1.45431067722e-06, 1.53677501658e-06, 1.31825640892e-06, 1.35444031457e-06, 1.58324712629e-06, 2.01298166758e-06, 1.31586511998e-06, 8.24404651212e-07, 3.93798416098e-07],
        "median": [0.000390287052142, 0.00135441217571, 0.000279432249954, 0.00142152933404, 0.00174433353823, 0.00021228386322, 0.000109890155727, 0.000169582272065, 8.22698348202e-05, 6.62752063363e-05, 4.90920974698e-05, 2.63651563728e-05, 3.58585275535e-05, 1.8735336198e-05, 2.06538934435e-05, 1.26579961943e-05, 1.50450923684e-05, 7.93507661001e-06, 6.76160334478e-06, 1.09095963126e-05, 6.30082604403e-06, 4.32423530583e-06, 2.42164674091e-06, 1.56019450515e-06, 1.33320463647e-06, 1.03671243323e-06, 8.15500357021e-07, 1.22610595099e-06, 8.37577090351e-07, 5.57231373932e-07, 3.04489560676e-07, 2.14757150729e-07, 2.3562731144e-07, 1.80567354846e-07, 1.7175509015e-07, 1.00140496784e-07, 9.60375388104e-08, 4.1291599473e-08, 2.50187159878e-08, 1.42170026862e-08],
        "min": [2.61475046784e-24, 5.02123376809e-24, 7.83517398107e-24, 5.93726812313e-24, 4.71848749089e-24, 1.60516975232e-23, 9.60571706258e-24, 6.11352962607e-24, 2.67174468216e-24, 1.59201738999e-23, 9.05659887506e-24, 9.78068246705e-24, 6.78429292618e-24, 1.3744265176e-23, 4.22520961141e-24, 1.39029271921e-23, 1.95911397001e-23, 1.19814292655e-23, 7.48071037736e-24, 8.61074179118e-24, 1.16836902829e-23, 7.68132796075e-24, 1.13849794237e-23, 1.12885135679e-23, 1.44223605438e-23, 1.30045432054e-23, 1.34071833334e-23, 1.0786725457e-23, 9.3977323072e-24, 7.35740510699e-24, 1.50126209829e-23, 1.36774597013e-23, 1.21560467823e-23, 9.53481897758e-24, 9.49842093542e-24, 1.20798451855e-23, 1.05590538888e-23, 1.38462838237e-23, 1.43384241657e-23, 1.19731375485e-23],
        "stdev": [0.00398669065908, 0.00263820006512, 0.000823488575406, 0.00168559257872, 0.00172956183087, 0.000760157417972, 0.000369543849956, 0.00179228046909, 0.000762762210798, 0.000342482351698, 0.000113363690616, 9.61990226642e-05, 0.000132919303724, 0.000137854251079, 9.27126602619e-05, 4.49920116807e-05, 6.55230833218e-05, 4.84392367071e-05, 3.11164185405e-05, 2.1345598725e-05, 2.88730134343e-05, 1.44663927131e-05, 1.43682545968e-05, 1.9217708541e-05, 1.18640055007e-05, 8.20666718937e-06, 1.53106120706e-05, 1.00425595519e-05, 6.03077205596e-06, 5.78936169404e-06, 5.60662101634e-06, 3.92459696741e-06, 4.20779315391e-06, 3.80912820219e-06, 4.53504208053e-06, 4.91165792482e-06, 6.77304751662e-06, 4.66128904009e-06, 3.48865205524e-06, 1.61829916578e-06],
