{
"metadata": {
    "version": {
        "essentia": "2.1-beta6-dev",
        "essentia_git_sha": "v2.1_beta5-778-gc9eadba6",
        "extractor": "music 2.0"
    },
    "audio_properties": {
        "analysis": {
            "equal_loudness": 0,
            "length": 19.9999771118,
            "sample_rate": 44100,
            "start_time": 0,
            "downmix": "mix"
        },
        "bit_rate": 128000,
        "length": 20,
        "lossless": 0,
        "number_channels": 2,
        "replay_gain": -5.3125705719,
        "sample_rate": 48000,
        "codec": "mp3",
        "md5_encoded": "6513cd2f4d230a08e6f1b345072c406d"
    },
    "tags": {
        "file_name": "rone-byebyemacadam2.mp3",
        "encoding": ["Lavf59.16.100"]
    }
},
"lowlevel": {
    "average_loudness": 0.959033191204,
    "barkbands_crest": {
        "dmean": 3.23003077507,
        "dmean2": 5.20950555801,
        "dvar": 7.03121089935,
        "dvar2": 16.561964035,
        "max": 25.7542476654,
        "mean": 13.4081726074,
        "median": 12.7453308105,
        "min": 5.67125225067,
        "stdev": 4.04492378235,
        "var": 16.361410141
    },
    "barkbands_flatness_db": {
        "dmean": 0.0580154284835,
        "dmean2": 0.098544344306,
        "dvar": 0.00230746390298,
        "dvar2": 0.00636025285348,
        "max": 0.819753885269,
        "mean": 0.539387881756,
        "median": 0.554875552654,
        "min": 0.0440866351128,
        "stdev": 0.120617002249,
        "var": 0.0145484609529
    },
    "barkbands_kurtosis": {
        "dmean": 2.8182220459,
        "dmean2": 4.75493764877,
        "dvar": 56.541683197,
        "dvar2": 164.415588379,
        "max": 138.326828003,
        "mean": 2.62514615059,
        "median": 1.29429721832,
        "min": -1.46518516541,
        "stdev": 6.22412776947,
        "var": 38.7397651672
    },
    "barkbands_skewness": {
        "dmean": 0.607260763645,
        "dmean2": 0.971374630928,
        "dvar": 0.419448077679,
        "dvar2": 1.09107613564,
        "max": 7.67344999313,
        "mean": 0.552984774113,
        "median": 0.512360870838,
        "min": -4.25169277191,
        "stdev": 0.853955447674,
        "var": 0.729239940643
    },
    "barkbands_spread": {
        "dmean": 0.73870575428,
        "dmean2": 1.17576563358,
        "dvar": 10.1140851974,
        "dvar2": 28.3389377594,
        "max": 78.0208511353,
        "mean": 2.00343108177,
        "median": 1.46415519714,
        "min": 0.128513664007,
        "stdev": 3.15201401711,
        "var": 9.93519306183
    },
    "dissonance": {
        "dmean": 0.0956156253815,
        "dmean2": 0.161370843649,
        "dvar": 0.00564769562334,
        "dvar2": 0.0154148479924,
        "max": 0.49931371212,
        "mean": 0.29032844305,
        "median": 0.295278251171,
        "min": 0.0173930618912,
        "stdev": 0.106613576412,
        "var": 0.0113664539531
    },
    "dynamic_complexity": 4.35752391815,
    "erbbands_crest": {
        "dmean": 3.65231800079,
        "dmean2": 6.04948806763,
        "dvar": 8.15361690521,
        "dvar2": 20.8188533783,
        "max": 29.8557834625,
        "mean": 14.5593175888,
        "median": 14.2830467224,
        "min": 2.873929739,
        "stdev": 4.09770488739,
        "var": 16.7911834717
    },
    "erbbands_flatness_db": {
        "dmean": 0.0371884256601,
        "dmean2": 0.0619444288313,
        "dvar": 0.00100379507057,
        "dvar2": 0.00254419259727,
        "max": 0.664948880672,
        "mean": 0.524986922741,
        "median": 0.539219856262,
        "min": 0.0652170702815,
        "stdev": 0.0801057443023,
        "var": 0.00641693081707
    },
    "erbbands_kurtosis": {
        "dmean": 1.90336835384,
        "dmean2": 3.05804538727,
        "dvar": 8.62796211243,
        "dvar2": 23.3375396729,
        "max": 50.8775100708,
        "mean": 1.90670967102,
        "median": 1.10069513321,
        "min": -1.35109984875,
        "stdev": 3.13514733315,
        "var": 9.82914924622
    },
    "erbbands_skewness": {
        "dmean": 0.52565330267,
        "dmean2": 0.843852460384,
        "dvar": 0.254973053932,
        "dvar2": 0.630313515663,
        "max": 4.71753358841,
        "mean": 0.37841117382,
        "median": 0.325992286205,
        "min": -2.30012655258,
        "stdev": 0.715881049633,
        "var": 0.512485682964
    },
    "erbbands_spread": {
        "dmean": 1.21477043629,
        "dmean2": 1.87662684917,
        "dvar": 3.42519521713,
        "dvar2": 7.59368419647,
        "max": 44.2491188049,
        "mean": 3.9450404644,
        "median": 3.25386834145,
        "min": 0.460425138474,
        "stdev": 3.2130689621,
        "var": 10.3238124847
    },
    "hfc": {
        "dmean": 5.1934132576,
        "dmean2": 6.97679138184,
        "dvar": 62.2309837341,
        "dvar2": 120.562728882,
        "max": 78.6299819946,
        "mean": 6.17813110352,
        "median": 2.15915393829,
        "min": 1.14246176034e-16,
        "stdev": 9.68391704559,
        "var": 93.7782440186
    },
    "loudness_ebu128": {
        "integrated": -21.6111907959,
        "loudness_range": 2.49354171753,
        "momentary": {
            "dmean": 1.181432724,
            "dmean2": 2.01243209839,
            "dvar": 1.46929454803,
            "dvar2": 2.35033917427,
            "max": -17.2507839203,
            "mean": -22.4455947876,
            "median": -21.9353752136,
            "min": -47.6528015137,
            "stdev": 3.36491441727,
            "var": 11.3226490021
        },
        "short_term": {
            "dmean": 0.165874704719,
            "dmean2": 0.291379094124,
            "dvar": 0.0198478680104,
            "dvar2": 0.031084170565,
            "max": -19.9221954346,
            "mean": -21.5048656464,
            "median": -21.3187236786,
            "min": -25.0599803925,
            "stdev": 0.987250685692,
            "var": 0.974663972855
        }
    },
    "melbands_crest": {
        "dmean": 3.25892758369,
        "dmean2": 5.29811811447,
        "dvar": 6.9093670845,
        "dvar2": 17.1930503845,
        "max": 27.8544216156,
        "mean": 14.4547319412,
        "median": 14.1137285233,
        "min": 1.70089876652,
        "stdev": 3.88844037056,
        "var": 15.119969368
    },
    "melbands_flatness_db": {
        "dmean": 0.0660393387079,
        "dmean2": 0.112701587379,
        "dvar": 0.00293546565808,
        "dvar2": 0.00825182627887,
        "max": 0.969546556473,
        "mean": 0.654873013496,
        "median": 0.678893744946,
        "min": 0.00221146969125,
        "stdev": 0.151796355844,
        "var": 0.0230421349406
    },
    "melbands_kurtosis": {
        "dmean": 1.79683959484,
        "dmean2": 2.91860032082,
        "dvar": 4.9306397438,
        "dvar2": 12.0956001282,
        "max": 25.386138916,
        "mean": 1.74445354939,
        "median": 0.967536211014,
        "min": -1.3748152256,
        "stdev": 2.83285570145,
        "var": 8.0250711441
    },
    "melbands_skewness": {
        "dmean": 0.500628590584,
        "dmean2": 0.798846542835,
        "dvar": 0.164006277919,
        "dvar2": 0.4119361341,
        "max": 3.14621067047,
        "mean": 0.478130280972,
        "median": 0.41461828351,
        "min": -1.54353129864,
        "stdev": 0.701483130455,
        "var": 0.492078542709
    },
    "melbands_spread": {
        "dmean": 1.12164521217,
        "dmean2": 1.76534259319,
        "dvar": 19.3559627533,
        "dvar2": 37.2783889771,
        "max": 131.534423828,
        "mean": 3.6739757061,
        "median": 2.60216212273,
        "min": 0.439881682396,
        "stdev": 7.78136777878,
        "var": 60.5496864319
    },
    "pitch_salience": {
        "dmean": 0.0845072865486,
        "dmean2": 0.134144261479,
        "dvar": 0.0047201719135,
        "dvar2": 0.0111838197336,
        "max": 0.953831791878,
        "mean": 0.589197874069,
        "median": 0.599144041538,
        "min": 0.184948921204,
        "stdev": 0.100153185427,
        "var": 0.010030659847
    },
    "silence_rate_20dB": {
        "dmean": 0,
        "dmean2": 0,
        "dvar": 0,
        "dvar2": 0,
        "max": 1,
        "mean": 1,
        "median": 1,
        "min": 1,
        "stdev": 0,
        "var": 0
    },
    "silence_rate_30dB": {
        "dmean": 0.0139211136848,
        "dmean2": 0.027874564752,
        "dvar": 0.0137272225693,
        "dvar2": 0.0363888032734,
        "max": 1,
        "mean": 0.990729987621,
        "median": 1,
        "min": 0,
        "stdev": 0.0958332270384,
        "var": 0.00918400753289
    },
    "silence_rate_60dB": {
        "dmean": 0.257540613413,
        "dmean2": 0.515679419041,
        "dvar": 0.191214352846,
        "dvar2": 0.384482711554,
        "max": 1,
        "mean": 0.295480877161,
        "median": 0,
        "min": 0,
        "stdev": 0.456260234118,
        "var": 0.208173394203
    },
    "spectral_centroid": {
        "dmean": 51.1453323364,
        "dmean2": 74.2051010132,
        "dvar": 71709.1640625,
        "dvar2": 82316.1796875,
        "max": 10901.0498047,
        "mean": 450.438323975,
        "median": 406.138885498,
        "min": 226.999465942,
        "stdev": 410.186340332,
        "var": 168252.828125
    },
    "spectral_complexity": {
        "dmean": 1.27378189564,
        "dmean2": 1.94425082207,
        "dvar": 1.20114564896,
        "dvar2": 2.75414705276,
        "max": 14,
        "mean": 5.80417156219,
        "median": 6,
        "min": 0,
        "stdev": 2.33764052391,
        "var": 5.46456289291
    },
    "spectral_decrease": {
        "dmean": 3.2157145835e-09,
        "dmean2": 4.28356417004e-09,
        "dvar": 2.38935371644e-17,
        "dvar2": 4.47450382169e-17,
        "max": 2.63821647687e-29,
        "mean": -3.76325326457e-09,
        "median": -1.26151133983e-09,
        "min": -5.04995085748e-08,
        "stdev": 6.00611160806e-09,
        "var": 3.60733762919e-17
    },
    "spectral_energy": {
        "dmean": 0.0126069514081,
        "dmean2": 0.0167957041413,
        "dvar": 0.000366642285371,
        "dvar2": 0.000687497027684,
        "max": 0.197728917003,
        "mean": 0.0147637566552,
        "median": 0.00497168954462,
        "min": 1.02628864055e-20,
        "stdev": 0.0235248524696,
        "var": 0.000553418707568
    },
    "spectral_energyband_high": {
        "dmean": 2.18502691496e-07,
        "dmean2": 3.44636958971e-07,
        "dvar": 1.13105163256e-12,
        "dvar2": 2.6330923119e-12,
        "max": 1.84834116226e-05,
        "mean": 3.24245746697e-07,
        "median": 3.87122156553e-09,
        "min": 7.73336486113e-21,
        "stdev": 1.46783634136e-06,
        "var": 2.15454347072e-12
    },
    "spectral_energyband_low": {
        "dmean": 0.000191349288798,
        "dmean2": 0.000262685789494,
        "dvar": 1.56543720209e-07,
        "dvar2": 2.80295893162e-07,
        "max": 0.00503256265074,
        "mean": 0.000237042782828,
        "median": 4.71816165373e-05,
        "min": 3.43611086463e-23,
        "stdev": 0.000521626498085,
        "var": 2.7209421205e-07
    },
    "spectral_energyband_middle_high": {
        "dmean": 0.000605894427281,
        "dmean2": 0.000957042793743,
        "dvar": 3.2922371247e-06,
        "dvar2": 7.66521861806e-06,
        "max": 0.0189675558358,
        "mean": 0.00058419094421,
        "median": 4.97299006383e-05,
        "min": 1.49747802088e-21,
        "stdev": 0.00180566764902,
        "var": 3.26043573295e-06
    },
    "spectral_energyband_middle_low": {
        "dmean": 0.012383078225,
        "dmean2": 0.0165176782757,
        "dvar": 0.00035998885869,
        "dvar2": 0.000675556191709,
        "max": 0.196649029851,
        "mean": 0.0144272251055,
        "median": 0.00481230719015,
        "min": 2.36130807611e-22,
        "stdev": 0.0232506580651,
        "var": 0.000540593115147
    },
    "spectral_entropy": {
        "dmean": 0.216412737966,
        "dmean2": 0.321788370609,
        "dvar": 0.0418471433222,
        "dvar2": 0.0807200372219,
        "max": 9.79242897034,
        "mean": 4.93529033661,
        "median": 4.75728368759,
        "min": 3.48320055008,
        "stdev": 0.737413108349,
        "var": 0.543778121471
    },
    "spectral_flux": {
        "dmean": 0.031885035336,
        "dmean2": 0.0498467944562,
        "dvar": 0.00104692054447,
        "dvar2": 0.00237580947578,
        "max": 0.30216088891,
        "mean": 0.0671078413725,
        "median": 0.0542783811688,
        "min": 1.01305908107e-10,
        "stdev": 0.046819601208,
        "var": 0.00219207489863
    },
    "spectral_kurtosis": {
        "dmean": 314.318267822,
        "dmean2": 567.684387207,
        "dvar": 162727.125,
        "dvar2": 512419.5625,
        "max": 3029.80493164,
        "mean": 439.634002686,
        "median": 293.197631836,
        "min": -1.19934725761,
        "stdev": 435.244110107,
        "var": 189437.4375
    },
    "spectral_rms": {
        "dmean": 0.00144136406016,
        "dmean2": 0.00170453602914,
        "dvar": 1.93441178453e-06,
        "dvar2": 2.85044097836e-06,
        "max": 0.0138890696689,
        "mean": 0.00301843206398,
        "median": 0.00220236903988,
        "min": 3.16426485708e-12,
        "stdev": 0.00230059749447,
        "var": 5.29274848304e-06
    },
    "spectral_rolloff": {
        "dmean": 86.6572113037,
        "dmean2": 153.50831604,
        "dvar": 321127.15625,
        "dvar2": 630021.8125,
        "max": 18346.2890625,
        "mean": 605.151062012,
        "median": 516.796875,
        "min": 279.931640625,
        "stdev": 1008.13543701,
        "var": 1016337
    },
    "spectral_skewness": {
        "dmean": 5.28480958939,
        "dmean2": 9.19651317596,
        "dvar": 26.4381637573,
        "dvar2": 87.4292907715,
        "max": 44.143611908,
        "mean": 16.02526474,
        "median": 15.4919805527,
        "min": 0.00409567262977,
        "stdev": 8.14851665497,
        "var": 66.3983230591
    },
    "spectral_spread": {
        "dmean": 511376.375,
        "dmean2": 873574.4375,
        "dvar": 1.38259949158e+12,
        "dvar2": 1.80283336294e+12,
        "max": 40667836,
        "mean": 829974.6875,
        "median": 633942.1875,
        "min": 38033.6171875,
        "stdev": 1565155.875,
        "var": 2.44971287347e+12
    },
    "spectral_strongpeak": {
        "dmean": 0.504075944424,
        "dmean2": 0.72971278429,
        "dvar": 0.309057503939,
        "dvar2": 0.634657800198,
        "max": 5.15134954453,
        "mean": 0.851096987724,
        "median": 0.612814426422,
        "min": 0,
        "stdev": 0.789540946484,
        "var": 0.62337487936
    },
    "zerocrossingrate": {
        "dmean": 0.00253713666461,
        "dmean2": 0.00295237195678,
        "dvar": 0.000218361528823,
        "dvar2": 0.000257140083704,
        "max": 0.6298828125,
        "mean": 0.0226589664817,
        "median": 0.01953125,
        "min": 0.0087890625,
        "stdev": 0.0343801863492,
        "var": 0.00118199724238
    },
    "barkbands": {
        "dmean": [3.50147871586e-07, 1.54168674271e-06, 2.09520658245e-05, 0.000518120767083, 0.00197396567091, 0.00539979338646, 0.00247633317485, 0.00199619447812, 0.000635051808786, 0.000770597951487, 3.58574980055e-05, 1.10183000288e-05, 3.55596966983e-05, 2.3288283046e-05, 7.24521169104e-06, 7.80113907695e-07, 5.45440741462e-07, 2.77994672615e-07, 2.25098617079e-07, 1.86671826441e-07, 7.00027626976e-08, 4.29952109471e-08, 4.82034367977e-09, 1.25344667978e-09, 6.86845136322e-10, 6.71184718914e-10, 7.16845360849e-10],
        "dmean2": [6.17153943949e-07, 2.59539638137e-06, 2.85347032332e-05, 0.000735267531127, 0.00269249011762, 0.0076348837465, 0.00362766021863, 0.00311678578146, 0.000842837034725, 0.00118473568, 5.74657096877e-05, 1.81787399924e-05, 5.36987536179e-05, 3.68069813703e-05, 1.13951509775e-05, 1.26545933199e-06, 8.97649613307e-07, 4.40732577545e-07, 3.69502515696e-07, 2.93661940987e-07, 1.17497926055e-07, 7.57152136543e-08, 8.57214299543e-09, 2.35690555961e-09, 1.29458199716e-09, 1.26512944565e-09, 1.35039457394e-09],
        "dvar": [1.14907356633e-12, 1.63887965698e-11, 2.53656851079e-09, 1.60324429999e-06, 1.62047526828e-05, 0.000124940910609, 3.14954450005e-05, 2.61316090473e-05, 1.44209650443e-06, 5.51014454686e-06, 9.57006740521e-09, 2.44725839593e-09, 1.39838718383e-08, 3.21942223991e-08, 5.21121323871e-09, 1.74407901316e-11, 5.20789097611e-12, 2.8851521866e-12, 1.41614291908e-12, 7.41066658993e-13, 1.18952157152e-13, 9.05865619604e-14, 6.16647555958e-16, 1.43266176625e-17, 1.88897590981e-18, 1.81063714951e-18, 2.06002279842e-18],
        "dvar2": [3.16145872502e-12, 4.47358955435e-11, 4.91285945259e-09, 3.44685236087e-06, 3.01718646369e-05, 0.000230172649026, 6.41752703814e-05, 5.9819460148e-05, 2.41676048063e-06, 1.20561689982e-05, 2.10482493657e-08, 6.34887342699e-09, 3.34071970087e-08, 7.31256406539e-08, 1.21362688787e-08, 4.34003701033e-11, 1.28964304513e-11, 7.59546418816e-12, 3.39906683529e-12, 1.70223687576e-12, 3.06466711817e-13, 2.71171838239e-13, 1.84132574876e-15, 4.55707464479e-17, 6.23108910223e-18, 5.97154919092e-18, 6.8001281523e-18],
        "max": [1.65126912179e-05, 6.77178468322e-05, 0.00102290988434, 0.0170393995941, 0.0447767227888, 0.133348107338, 0.0657648295164, 0.0535774715245, 0.0145162530243, 0.027155360207, 0.0011385071557, 0.000922963139601, 0.00162893824745, 0.00504698837176, 0.00201209401712, 7.36837318982e-05, 2.85142359644e-05, 3.6925823224e-05, 2.49196091318e-05, 1.47090149767e-05, 5.00165060657e-06, 5.54744929104e-06, 3.6051750385e-07, 4.34507434477e-08, 1.47257912531e-08, 1.4448246155e-08, 1.54117465456e-08],
        "mean": [2.7439213568e-07, 1.54399276653e-06, 2.52338559221e-05, 0.000573477707803, 0.00216544978321, 0.00569907482713, 0.00262752384879, 0.00184568786062, 0.00101185007952, 0.000687699124683, 3.38409590768e-05, 1.02690974018e-05, 4.06586477766e-05, 2.68580824923e-05, 1.16443488878e-05, 9.34634670102e-07, 6.36103152374e-07, 3.69329086425e-07, 3.20204975424e-07, 2.6433465905e-07, 1.04031954606e-07, 4.88686602296e-08, 5.41564260104e-09, 9.54646028895e-10, 5.28605881289e-10, 5.30608168514e-10, 5.75184566642e-10],
        "median": [5.9789840634e-08, 2.86771523861e-07, 5.15399960932e-06, 9.96752060018e-05, 0.000424834695878, 0.00132955599111, 0.000483953626826, 0.000356202916009, 0.000250784010859, 4.92790313729e-05, 3.09996153192e-06, 3.7575844658e-07, 5.26044573235e-07, 2.03235259733e-07, 1.84448154528e-08, 4.39680247766e-09, 2.90866042363e-09, 1.50984291736e-09, 1.11715214857e-09, 1.01711938871e-09, 5.93634918999e-10, 3.71773306584e-10, 2.20707160881e-10, 1.53357118671e-10, 1.40350508993e-10, 1.49103063229e-10, 1.72729372472e-10],
        "min": [5.28353080793e-24, 1.98393563617e-23, 8.49059748645e-24, 4.06108355021e-24, 6.78085017942e-23, 3.00611982459e-23, 7.21760333514e-23, 4.36894898247e-23, 1.31233070035e-23, 2.45911215554e-23, 9.3491250648e-23, 6.8496476856e-23, 6.61586844079e-23, 9.18384671447e-23, 1.02096277931e-22, 1.71535607652e-22, 1.55032877328e-22, 1.77634676274e-22, 3.56398622711e-22, 3.46635932583e-22, 4.98136858758e-22, 4.7173190459e-22, 5.07602735236e-22, 8.68057693344e-22, 1.33957144318e-21, 1.51145375836e-21, 2.55165407835e-21],
        "stdev": [9.32916236707e-07, 3.68955352315e-06, 6.48601635476e-05, 0.00146280438639, 0.00488846888766, 0.0130480062217, 0.00632873410359, 0.0051255277358, 0.00195953017101, 0.00240153074265, 0.000100599238067, 4.38820679847e-05, 0.000141040567541, 0.000195682834601, 0.000115862916573, 4.62847765448e-06, 2.66509050562e-06, 2.01208740691e-06, 1.75730133378e-06, 1.18762022794e-06, 4.75670731248e-07, 2.72965394288e-07, 2.7151568105e-08, 3.42843575751e-09, 1.13537357294e-09, 1.11158504623e-09, 1.18511755964e-09],
        "var": [8.70332722992e-13, 1.36128053274e-11, 4.2068410977e-09, 2.13979660657e-06, 2.38971279032e-05, 0.000170250466908, 4.00528770115e-05, 2.62710345851e-05, 3.83975884688e-06, 5.76735010327e-06, 1.01202060065e-08, 1.92563587298e-09, 1.98924432482e-08, 3.8291769755e-08, 1.3424215517e-08, 2.14228062373e-11, 7.10270731119e-12, 4.04849547983e-12, 3.08810811124e-12, 1.41044185879e-12, 2.2626265282e-13, 7.45101070144e-14, 7.37207661165e-16, 1.17541719843e-17, 1.28907320012e-18, 1.23562140932e-18, 1.40450366966e-18]
    },
    "erbbands": {
        "dmean": [4.92987710459e-05, 0.000694158254191, 0.0254629440606, 0.795559704304, 1.83450067043, 8.19742488861, 23.9090213776, 48.477016449, 39.4867401123, 53.4934082031, 19.0948085785, 16.679063797, 28.2726383209, 7.26974725723, 1.44219493866, 0.708829879761, 1.65735113621, 1.09719848633, 0.521277248859, 0.193609163165, 0.0491561889648, 0.0280581265688, 0.0151009261608, 0.0146404234692, 0.00931916572154, 0.00929819326848, 0.00356512796134, 0.00256194686517, 0.00168589700479, 0.000585197820328, 0.000115257265861, 4.47351849289e-05, 1.61421867233e-05, 1.13138376037e-05, 8.96872734302e-06, 6.76382842357e-06, 3.99118380301e-06, 8.00019279268e-07, 5.93604499954e-06, 1.40716010719e-05],
        "dmean2": [7.36368310754e-05, 0.000989203806967, 0.0346826054156, 1.10220777988, 2.66049742699, 11.0717439651, 34.7283401489, 68.7083358765, 56.391872406, 81.9247970581, 28.9816112518, 21.2544460297, 42.553817749, 11.2761983871, 2.25608706474, 1.13978075981, 2.51224637032, 1.65868067741, 0.805738091469, 0.343687832355, 0.07988422364, 0.0469635352492, 0.0249473098665, 0.0239635612816, 0.0147253694013, 0.0147351091728, 0.00558219151571, 0.00444121705368, 0.00293163675815, 0.00105836917646, 0.000203465635423, 7.94186198618e-05, 2.73225214187e-05, 1.76515204657e-05, 1.27849270939e-05, 9.10034759727e-06, 5.27357042301e-06, 1.15513421406e-06, 7.86974214861e-06, 1.87451460079e-05],
        "dvar": [1.40570568519e-08, 1.70862335835e-06, 0.00263999425806, 3.20044732094, 24.13829422, 302.195770264, 1694.01843262, 11452.0332031, 9016.51660156, 10836.5175781, 2121.56591797, 871.152404785, 7717.71289062, 821.244873047, 13.8904209137, 6.06236314774, 29.7853221893, 85.8137588501, 8.66679096222, 3.85051679611, 0.0657705962658, 0.0166347566992, 0.00810754671693, 0.00554821500555, 0.00210681254975, 0.00205303239636, 0.000284381443635, 0.000170097133378, 0.000117358271382, 1.47599603224e-05, 3.41307242024e-07, 3.0051200639e-08, 8.64362748043e-10, 3.54868828767e-10, 1.99215727248e-10, 1.0435917408e-10, 3.55502571825e-11, 1.60605936102e-12, 8.02851882198e-11, 4.55746440586e-10],
        "dvar2": [3.56532581236e-08, 3.93951313526e-06, 0.00494915060699, 6.46040391922, 55.8458786011, 555.163024902, 3082.02514648, 22301.0625, 18771.140625, 24386.0410156, 4908.79541016, 1350.94372559, 16349.2333984, 1955.5369873, 31.1303081512, 15.8126955032, 71.8130111694, 183.118270874, 21.1955490112, 9.84501552582, 0.171710982919, 0.0424235612154, 0.0216184351593, 0.0139153441414, 0.00524628767744, 0.00458227330819, 0.000692452013027, 0.000433950626757, 0.000347812485415, 4.57933492726e-05, 1.00884801668e-06, 9.23139609199e-08, 2.35642039215e-09, 8.17972189981e-10, 4.00169508641e-10, 1.88528054279e-10, 6.1739204027e-11, 3.34695791047e-12, 1.49399437266e-10, 8.55420234647e-10],
        "max": [0.00226672855206, 0.0197261087596, 0.660010576248, 24.509355545, 68.3969421387, 184.858703613, 542.908508301, 1244.29833984, 1248.39025879, 974.618041992, 463.012969971, 316.56439209, 1152.90100098, 514.935546875, 41.9469680786, 43.54322052, 74.1293563843, 269.501098633, 79.0632629395, 45.6818885803, 4.44360971451, 1.93478882313, 1.97191882133, 1.29319167137, 0.92867064476, 0.801851511002, 0.252332866192, 0.204605296254, 0.198024153709, 0.0642140284181, 0.00914650782943, 0.0022227729205, 0.000302679953165, 0.000226069954806, 0.000160783849424, 0.000105320403236, 5.77896535106e-05, 1.4345735508e-05, 9.24965861486e-05, 0.000220315603656],
        "mean": [6.21092840447e-05, 0.000876019417774, 0.0323650501668, 0.932540953159, 1.94898378849, 9.10666465759, 25.8615207672, 50.4146652222, 39.8261680603, 53.8795661926, 20.7033424377, 26.8582515717, 27.6143074036, 6.50382184982, 1.35598802567, 0.818118691444, 1.92144525051, 1.30994284153, 0.818370878696, 0.278510242701, 0.0645414963365, 0.0349514633417, 0.0210740100592, 0.0198619235307, 0.013234179467, 0.0131883928552, 0.00557895936072, 0.00383258145303, 0.00212284224108, 0.000621329876594, 0.000131711480208, 4.36809714301e-05, 1.90355403902e-05, 1.47678729263e-05, 1.20491122289e-05, 9.03995078261e-06, 5.28104965269e-06, 1.09496681944e-06, 7.02609304426e-06, 1.65000074048e-05],
        "median": [2.14609917748e-05, 0.000281645188807, 0.00745629239827, 0.191936761141, 0.380888611078, 1.73616123199, 6.3763923645, 11.2176389694, 7.57521438599, 12.2798957825, 6.50666046143, 6.60535860062, 2.45428848267, 0.49822100997, 0.132459804416, 0.033620942384, 0.0252818204463, 0.0137562770396, 0.00422892672941, 0.00086489203386, 0.000299347593682, 0.0001878188923, 0.000113593698188, 7.13259578333e-05, 6.09539165453e-05, 5.16570617037e-05, 4.01547804358e-05, 2.60618689936e-05, 2.19133835344e-05, 1.55094003276e-05, 1.16468490887e-05, 9.51730271481e-06, 7.84136682341e-06, 6.27088047622e-06, 4.91022819915e-06, 3.55772908733e-06, 2.03547801902e-06, 4.69205730269e-07, 2.39502128352e-06, 5.54208691028e-06],
        "min": [6.86220887556e-22, 3.76823622467e-21, 7.2288565811e-21, 2.04944061868e-20, 6.3327351497e-20, 2.81643392196e-19, 2.99838832432e-19, 3.33320777183e-19, 1.14896782951e-18, 6.65445916488e-19, 8.60438132864e-19, 3.25968925145e-19, 5.79894296346e-19, 1.85859873579e-18, 4.02127775015e-18, 2.78343732544e-18, 3.15211999626e-18, 3.45353137658e-18, 5.59383039909e-18, 6.1755989316e-18, 1.02526596743e-17, 8.43014338402e-18, 9.76948776209e-18, 1.59564116235e-17, 1.84296783463e-17, 1.44734422213e-17, 1.29890790198e-17, 2.39839943275e-17, 1.48426030025e-17, 1.74288212379e-17, 1.6820327327e-17, 1.53343866921e-17, 1.59065607567e-17, 1.5366532585e-17, 9.26025056158e-18, 5.72931637957e-18, 2.7187788917e-18, 1.38464523451e-18, 3.63593209458e-19, 3.46340102423e-20],
        "stdev": [0.000122373501654, 0.00157236098312, 0.067472063005, 2.19616508484, 5.14216423035, 21.0810508728, 49.3293838501, 121.203598022, 103.183898926, 109.681159973, 47.1987495422, 49.8283882141, 93.7621994019, 27.6288471222, 3.8286216259, 2.46539998055, 6.52328062057, 10.5081930161, 5.17502069473, 2.57485485077, 0.303033828735, 0.14969612658, 0.108707554638, 0.106495551765, 0.0671556964517, 0.0610086992383, 0.0249672811478, 0.0176085196435, 0.0106674553826, 0.00342507171445, 0.000642702740151, 0.000167081336258, 3.15527795465e-05, 2.24082705245e-05, 1.79668986675e-05, 1.34372530738e-05, 7.87126009527e-06, 1.5972248093e-06, 1.10915407276e-05, 2.6235000405e-05],
        "var": [1.49752725775e-08, 2.47231923822e-06, 0.00455247890204, 4.82314157486, 26.4418525696, 444.410675049, 2433.38793945, 14690.3125, 10646.9169922, 12029.9570312, 2227.72192383, 2482.8684082, 8791.34960938, 763.353210449, 14.6583442688, 6.07819700241, 42.553188324, 110.422119141, 26.78083992, 6.62987756729, 0.091829508543, 0.0224089305848, 0.0118173323572, 0.0113413026556, 0.0045098871924, 0.0037220614031, 0.000623365107458, 0.000310059986077, 0.00011379460193, 1.17311165013e-05, 4.1306680032e-07, 2.79161742611e-08, 9.95577953411e-10, 5.02130614866e-10, 3.22809473596e-10, 1.80559775464e-10, 6.1956731412e-11, 2.55112706134e-12, 1.23022272924e-10, 6.88275270111e-10]
    },
    "gfcc": {
        "mean": [-358.596252441, 240.895202637, -44.6945381165, -80.6486282349, -90.6169281006, -57.4125556946, -33.2546844482, -26.9541606903, -15.5520839691, -13.440369606, -12.1117944717, -19.3660984039, -3.2164952755],
        "cov": [[14553.1113281, 460.593566895, -6176.41894531, -1551.92651367, 392.282165527, 57.0254669189, 706.326416016, -444.083587646, 69.3334197998, 384.175476074, -71.515045166, -264.665679932, -34.5268249512], [460.593566895, 985.043212891, 1216.16040039, -591.993347168, -151.273223877, 56.2381706238, -115.430374146, 40.4448127747, -55.1363983154, -148.696426392, 45.3010025024, -35.3507347107, 35.3879852295], [-6176.41894531, 1216.16040039, 6951.46679688, 632.762390137, -886.393554688, -290.317932129, -712.406555176, 408.091003418, -179.033493042, -763.256591797, 94.8219528198, 276.890991211, 118.782325745], [-1551.92651367, -591.993347168, 632.762390137, 1423.91967773, 1.41194880009, -289.498138428, 9.71763896942, 70.3171615601, 40.2425346375, -91.1345062256, -94.0735015869, 87.4538803101, -56.1440429688], [392.282165527, -151.273223877, -886.393554688, 1.41194880009, 342.443084717, 98.9191665649, 53.0020446777, -52.2525749207, 27.1520252228, 121.824989319, -26.2878360748, -73.5138931274, -19.0903263092], [57.0254669189, 56.2381706238, -290.317932129, -289.498138428, 98.9191665649, 233.264282227, 41.6709899902, -50.4484558105, 10.4288654327, 63.1471824646, 18.2485141754, -42.2293510437, -24.7811069489], [706.326416016, -115.430374146, -712.406555176, 9.71763896942, 53.0020446777, 41.6709899902, 200.415664673, -15.4287958145, 23.2959442139, 76.5170135498, -20.5612354279, -23.4729213715, -23.71900177], [-444.083587646, 40.4448127747, 408.091003418, 70.3171615601, -52.2525749207, -50.4484558105, -15.4287958145, 119.67414856, 1.36757695675, -72.9504547119, 10.6133289337, 30.358745575, 5.41938114166], [69.3334197998, -55.1363983154, -179.033493042, 40.2425346375, 27.1520252228, 10.4288654327, 23.2959442139, 1.36757695675, 62.7765541077, 41.3050994873, -1.99006283283, -4.12068605423, -16.5698318481], [384.175476074, -148.696426392, -763.256591797, -91.1345062256, 121.824989319, 63.1471824646, 76.5170135498, -72.9504547119, 41.3050994873, 179.26020813, 8.32070064545, -58.2154045105, -16.8663692474], [-71.515045166, 45.3010025024, 94.8219528198, -94.0735015869, -26.2878360748, 18.2485141754, -20.5612354279, 10.6133289337, -1.99006283283, 8.32070064545, 72.3848419189, 26.3330364227, -3.7693157196], [-264.665679932, -35.3507347107, 276.890991211, 87.4538803101, -73.5138931274, -42.2293510437, -23.4729213715, 30.358745575, -4.12068605423, -58.2154045105, 26.3330364227, 82.7321472168, 25.581943512], [-34.5268249512, 35.3879852295, 118.782325745, -56.1440429688, -19.0903263092, -24.7811069489, -23.71900177, 5.41938114166, -16.5698318481, -16.8663692474, -3.7693157196, 25.581943512, 67.8839416504]],
        "icov": [[0.000241708912654, -0.000555824837647, 0.000410412496421, -9.26941866055e-05, 0.000292090117, 0.000293929537293, -9.96123199002e-05, 0.000413637812017, -0.00019008560048, 0.000708767038304, -0.00027048663469, 0.000124643062009, -0.000192783511011], [-0.000555824837647, 0.00562133733183, -0.00250277621672, 0.0030881522689, -0.00305678416044, 0.0024570338428, -0.00382133689709, 0.00291363312863, -0.00308734527789, 0.00321070710197, -0.00221863039769, 0.00484382733703, 0.000285367073957], [0.000410412496421, -0.00250277621672, 0.00196810415946, -0.00188791565597, 0.0028266266454, -0.00191856315359, 0.00299939839169, -0.00182459654752, 0.00117583863903, 0.000812983838841, -0.000613535114098, 8.1245234469e-05, -0.00177921645809], [-9.26941866055e-05, 0.0030881522689, -0.00188791565597, 0.00422514788806, -0.00393699854612, 0.00505452230573, -0.00414440501481, 0.00323631591164, -0.00250874762423, 0.00113793683704, 0.00232915114611, -0.00192458438687, 0.00469741923735], [0.000292090117, -0.00305678416044, 0.0028266266454, -0.00393699854612, 0.00966214388609, -0.00634729070589, 0.00605866638944, -0.00464303744957, 0.00242194673046, -0.00175969791599, -0.000392577814637, 0.00358726736158, -0.00479204533622], [0.000293929537293, 0.0024570338428, -0.00191856315359, 0.00505452230573, -0.00634729070589, 0.0131560182199, -0.00732442783192, 0.00757473707199, -0.00439268583432, 0.00328837009147, -0.00112461729441, -0.00011148124031, 0.00598420901224], [-9.96123199002e-05, -0.00382133689709, 0.00299939839169, -0.00414440501481, 0.00605866638944, -0.00732442783192, 0.0153003996238, -0.00902373809367, 0.0056557036005, -0.00714093446732, 0.00542266573757, -0.00480567989871, 8.02768699941e-05], [0.000413637812017, 0.00291363312863, -0.00182459654752, 0.00323631591164, -0.00464303744957, 0.00757473707199, -0.00902373809367, 0.0201205089688, -0.00975172407925, 0.0124425031245, -0.00786820426583, 0.00605599395931, -0.000746925652493], [-0.00019008560048, -0.00308734527789, 0.00117583863903, -0.00250874762423, 0.00242194673046, -0.00439268583432, 0.0056557036005, -0.00975172407925, 0.0275873914361, -0.0151286022738, 0.00948736444116, -0.0127317560837, 0.00751231703907], [0.000708767038304, 0.00321070710197, 0.000812983838841, 0.00113793683704, -0.00175969791599, 0.00328837009147, -0.00714093446732, 0.0124425031245, -0.0151286022738, 0.0295985657722, -0.0187692455947, 0.0225157309324, -0.0104434182867], [-0.00027048663469, -0.00221863039769, -0.000613535114098, 0.00232915114611, -0.000392577814637, -0.00112461729441, 0.00542266573757, -0.00786820426583, 0.00948736444116, -0.0187692455947, 0.0348497517407, -0.0274827852845, 0.0159651003778], [0.000124643062009, 0.00484382733703, 8.1245234469e-05, -0.00192458438687, 0.00358726736158, -0.00011148124031, -0.00480567989871, 0.00605599395931, -0.0127317560837, 0.0225157309324, -0.0274827852845, 0.0466224215925, -0.0219991393387], [-0.000192783511011, 0.000285367073957, -0.00177921645809, 0.00469741923735, -0.00479204533622, 0.00598420901224, 8.02768699941e-05, -0.000746925652493, 0.00751231703907, -0.0104434182867, 0.0159651003778, -0.0219991393387, 0.0308228395879]]
    },
    "melbands": {
        "dmean": [3.84370110851e-07, 1.48657372847e-05, 0.000181574825547, 0.000276853592368, 0.000816614774521, 0.00109733594581, 0.00055961398175, 0.000592691183556, 0.000125005550217, 9.77271411102e-05, 0.000140781441587, 2.94400851999e-05, 5.46103774468e-06, 1.3378892163e-06, 3.67440475202e-06, 2.44937677962e-06, 2.17476235775e-06, 9.63812794907e-07, 6.09028916188e-07, 5.98955622877e-08, 5.54185639601e-08, 3.33546665843e-08, 2.00043892562e-08, 1.16127996108e-08, 1.22705019479e-08, 7.81341480405e-09, 6.05036243329e-09, 6.9789849455e-09, 2.38383579543e-09, 1.61161850531e-09, 1.70568059676e-09, 1.04276010049e-09, 7.14133807644e-10, 1.86533524738e-10, 6.07019018384e-11, 4.13354420137e-11, 1.88367620113e-11, 9.38381317095e-12, 7.20741348548e-12, 6.32862208819e-12],
        "dmean2": [6.41233100396e-07, 2.01574221137e-05, 0.000257328822045, 0.000363872444723, 0.00115652219392, 0.00155018852092, 0.000793177343439, 0.00091106549371, 0.000187308483873, 0.000126197192003, 0.000214327519643, 4.62195312139e-05, 8.69251016411e-06, 2.20569290832e-06, 5.73446914132e-06, 3.57794237971e-06, 3.35071422342e-06, 1.57348904395e-06, 1.10168116407e-06, 1.0242041526e-07, 8.80408350667e-08, 5.63995143921e-08, 3.50813529337e-08, 1.94157241395e-08, 2.053344339e-08, 1.27036718922e-08, 9.84790471392e-09, 1.08297157908e-08, 3.58436835768e-09, 2.93242385929e-09, 2.94792168454e-09, 1.84407666914e-09, 1.27362032032e-09, 3.33637395489e-10, 1.10884523785e-10, 7.47787803901e-11, 3.58095220143e-11, 1.77477546548e-11, 1.35899963158e-11, 1.19272291696e-11],
        "dvar": [1.11007990994e-12, 9.03248642548e-10, 2.02312023134e-07, 3.05882110752e-07, 1.96717837753e-06, 5.78295794185e-06, 1.74404499376e-06, 1.49168261032e-06, 7.93071706084e-08, 3.22306838996e-08, 1.96834179178e-07, 1.55899453347e-08, 2.27115562468e-10, 3.84844205115e-11, 1.4866091691e-10, 8.20618503705e-11, 3.00070829296e-10, 1.70952002554e-11, 5.38107301773e-11, 6.50496163553e-14, 7.51420003694e-14, 2.29821417702e-14, 1.28325381395e-14, 5.73098638112e-15, 3.98280609271e-15, 1.69780512145e-15, 9.62210793356e-16, 1.41990864629e-15, 1.20031622822e-16, 7.66624705141e-17, 8.3866671019e-17, 4.51413900792e-17, 2.2018136736e-17, 1.31206034255e-18, 9.36784434785e-20, 4.51523419763e-20, 4.93614093258e-21, 4.09819450175e-22, 2.05682051468e-22, 1.6094288439e-22],
        "dvar2": [3.00928899855e-12, 1.64216396037e-09, 4.45857608611e-07, 5.33623165211e-07, 3.5630612274e-06, 1.11177841973e-05, 3.53691643795e-06, 3.3806452393e-06, 1.82497188916e-07, 4.96877774481e-08, 4.19600695523e-07, 3.73258686182e-08, 5.07158703922e-10, 1.01955791032e-10, 3.60599827776e-10, 1.62990773656e-10, 6.61314336625e-10, 4.12632462921e-11, 1.31867294861e-10, 1.73777049066e-13, 1.95023101943e-13, 5.92908426349e-14, 3.49070815656e-14, 1.616818692e-14, 1.00205835722e-14, 4.28357224569e-15, 2.69313426777e-15, 2.95558297956e-15, 2.63655124929e-16, 2.20215357866e-16, 1.96223665796e-16, 1.32968820247e-16, 6.74495247574e-17, 4.08981338621e-18, 2.7062307169e-19, 1.33840782867e-19, 1.59889569542e-20, 1.29885804156e-21, 6.77942922005e-22, 5.3094155746e-22],
        "max": [1.9241902919e-05, 0.000342124752933, 0.00577371101826, 0.00590203236789, 0.0183593314141, 0.0281557682902, 0.0161439683288, 0.012345909141, 0.00288549880497, 0.0017949086614, 0.00578054832295, 0.00225922209211, 0.000177796944627, 0.000118515665235, 0.000169656297658, 0.000208195124287, 0.000498611247167, 0.000105655562948, 0.000177544847247, 4.37880953541e-06, 4.52756876257e-06, 2.19467369789e-06, 1.98289603759e-06, 1.64525988566e-06, 1.1092964769e-06, 7.29618989226e-07, 5.15798205925e-07, 7.59371289405e-07, 1.90710352399e-07, 1.35650779498e-07, 1.64673309655e-07, 1.23535102148e-07, 7.59923608484e-08, 1.91761806434e-08, 6.00306337972e-09, 3.50399664839e-09, 9.48425227243e-10, 1.94820631849e-10, 1.53416349069e-10, 1.35816774494e-10],
        "mean": [3.9643123273e-07, 1.87141595234e-05, 0.000199580768822, 0.000323379790643, 0.000893107498996, 0.00114483165089, 0.000577796017751, 0.000584936933592, 0.000153424945893, 0.000155640344019, 0.000132832079544, 2.53724210779e-05, 5.06251353727e-06, 1.23061647628e-06, 4.33985087511e-06, 2.94707751891e-06, 2.45528690357e-06, 1.41440978041e-06, 8.66213838435e-07, 7.32031395501e-08, 6.55228404867e-08, 3.79591398314e-08, 2.44539055672e-08, 1.56324411194e-08, 1.63548925514e-08, 1.06416919721e-08, 7.71213315431e-09, 9.63809032584e-09, 3.8230529853e-09, 2.1034083364e-09, 2.48124853997e-09, 1.29243227232e-09, 7.04045988176e-10, 1.93755594902e-10, 6.81087269916e-11, 3.78984239824e-11, 1.42168238987e-11, 7.18630623758e-12, 5.48119622606e-12, 4.85691001306e-12],
        "median": [8.41676950358e-08, 3.98319753003e-06, 3.75950585294e-05, 7.03847690602e-05, 0.000225197640248, 0.000255134189501, 0.000108596614155, 0.000129292588099, 5.20885987498e-05, 3.60205813195e-05, 8.49525258673e-06, 1.57978752213e-06, 4.35778247265e-07, 5.55105188482e-08, 6.85170959969e-08, 3.64554750831e-08, 1.8272029223e-08, 6.81585010653e-09, 1.13568465743e-09, 5.16107878656e-10, 2.58657290031e-10, 1.66197083873e-10, 9.53001080828e-11, 6.51197706869e-11, 4.71202139807e-11, 4.05545701188e-11, 3.30809581117e-11, 2.9949886321e-11, 2.24179268898e-11, 1.30864841533e-11, 1.09860185185e-11, 8.63325470141e-12, 5.70462600769e-12, 4.3606823881e-12, 2.72671468737e-12, 2.36661623458e-12, 1.98059776045e-12, 1.61073292291e-12, 1.41357238415e-12, 1.27648564462e-12],
        "min": [5.71798293528e-24, 4.6888839077e-24, 4.02198010957e-24, 1.18878530072e-23, 1.22745802331e-23, 8.02273039445e-24, 1.55553430862e-23, 7.62436904795e-24, 6.27959983498e-24, 1.82108342755e-24, 2.84819748387e-24, 6.64338028041e-24, 1.41737526072e-23, 8.48789958216e-24, 6.48394320842e-24, 7.11397998658e-24, 5.89801085461e-24, 9.77835848283e-24, 6.44168156315e-24, 1.04446635355e-23, 1.21381451618e-23, 7.43783578717e-24, 9.63386046423e-24, 9.3349579118e-24, 1.33630434103e-23, 1.21432214817e-23, 1.43620852597e-23, 8.83710227249e-24, 7.98809151211e-24, 1.08769206574e-23, 1.33465136189e-23, 6.2083522846e-24, 1.13020527876e-23, 8.45825340048e-24, 8.82859125218e-24, 9.16797735741e-24, 9.96160140478e-24, 9.72305302248e-24, 1.24580590244e-23, 1.4036653315e-23],
