{
"metadata": {
    "version": {
        "essentia": "2.1-beta6-dev",
        "essentia_git_sha": "v2.1_beta5-778-gc9eadba6",
        "extractor": "music 2.0"
    },
    "audio_properties": {
        "analysis": {
            "equal_loudness": 0,
            "length": 14.9999771118,
            "sample_rate": 44100,
            "start_time": 0,
            "downmix": "mix"
        },
        "bit_rate": 128000,
        "length": 15,
        "lossless": 0,
        "number_channels": 2,
        "replay_gain": 2.773229599,
        "sample_rate": 48000,
        "codec": "mp3",
        "md5_encoded": "b006b3b5d4fe5266c08f0ec402e5cc1c"
    },
    "tags": {
        "file_name": "rone-origami1.mp3",
        "encoding": ["Lavf59.16.100"]
    }
},
"lowlevel": {
    "average_loudness": 0.859544873238,
    "barkbands_crest": {
        "dmean": 2.23186802864,
        "dmean2": 3.54834747314,
        "dvar": 3.91812777519,
        "dvar2": 9.90347576141,
        "max": 21.3188171387,
        "mean": 11.3165044785,
        "median": 11.0976076126,
        "min": 3.34876275063,
        "stdev": 3.63180327415,
        "var": 13.189994812
    },
    "barkbands_flatness_db": {
        "dmean": 0.0234644785523,
        "dmean2": 0.0333885774016,
        "dvar": 0.000626162916888,
        "dvar2": 0.00123009493109,
        "max": 0.446132212877,
        "mean": 0.261229425669,
        "median": 0.279460310936,
        "min": 0.0577158741653,
        "stdev": 0.102849170566,
        "var": 0.0105779524893
    },
    "barkbands_kurtosis": {
        "dmean": 1.97333192825,
        "dmean2": 3.18512248993,
        "dvar": 4.26104211807,
        "dvar2": 10.3386087418,
        "max": 23.5880622864,
        "mean": 4.42818069458,
        "median": 3.71347379684,
        "min": -1.10419642925,
        "stdev": 3.07047796249,
        "var": 9.42783546448
    },
    "barkbands_skewness": {
        "dmean": 0.455753803253,
        "dmean2": 0.707825005054,
        "dvar": 0.188107967377,
        "dvar2": 0.41639405489,
        "max": 4.021671772,
        "mean": 0.767518281937,
        "median": 1.07839715481,
        "min": -2.20263719559,
        "stdev": 1.3125847578,
        "var": 1.72287869453
    },
    "barkbands_spread": {
        "dmean": 1.46332907677,
        "dmean2": 2.41872191429,
        "dvar": 3.56594109535,
        "dvar2": 9.18286800385,
        "max": 33.9508247375,
        "mean": 8.29013538361,
        "median": 4.85473585129,
        "min": 1.21181404591,
        "stdev": 8.32763671875,
        "var": 69.3495330811
    },
    "dissonance": {
        "dmean": 0.030332326889,
        "dmean2": 0.0509867593646,
        "dvar": 0.0009281844832,
        "dvar2": 0.00232352083549,
        "max": 0.499837189913,
        "mean": 0.396114349365,
        "median": 0.394349634647,
        "min": 0.193438008428,
        "stdev": 0.0625432431698,
        "var": 0.00391165725887
    },
    "dynamic_complexity": 3.17517113686,
    "erbbands_crest": {
        "dmean": 3.10243177414,
        "dmean2": 5.09214496613,
        "dvar": 8.14122962952,
        "dvar2": 19.9848861694,
        "max": 23.4778079987,
        "mean": 11.9280223846,
        "median": 12.2376060486,
        "min": 2.59473466873,
        "stdev": 5.30458545685,
        "var": 28.1386260986
    },
    "erbbands_flatness_db": {
        "dmean": 0.0242506396025,
        "dmean2": 0.0343890078366,
        "dvar": 0.000600210449193,
        "dvar2": 0.00115925690625,
        "max": 0.452898651361,
        "mean": 0.281216114759,
        "median": 0.298844248056,
        "min": 0.0877482742071,
        "stdev": 0.0970107093453,
        "var": 0.00941107794642
    },
    "erbbands_kurtosis": {
        "dmean": 2.01292705536,
        "dmean2": 3.10425519943,
        "dvar": 5.49152326584,
        "dvar2": 12.7036943436,
        "max": 19.9084625244,
        "mean": 3.15148091316,
        "median": 2.11530637741,
        "min": -1.14646959305,
        "stdev": 3.67906022072,
        "var": 13.5354833603
    },
    "erbbands_skewness": {
        "dmean": 0.347617477179,
        "dmean2": 0.539076507092,
        "dvar": 0.0991958081722,
        "dvar2": 0.221025899053,
        "max": 3.02215695381,
        "mean": 0.890182197094,
        "median": 1.02841687202,
        "min": -1.00134956837,
        "stdev": 0.851308405399,
        "var": 0.724725961685
    },
    "erbbands_spread": {
        "dmean": 3.72389817238,
        "dmean2": 5.86060094833,
        "dvar": 13.9443845749,
        "dvar2": 31.5746421814,
        "max": 44.2577705383,
        "mean": 15.8363342285,
        "median": 11.9043445587,
        "min": 2.10124921799,
        "stdev": 10.9798698425,
        "var": 120.557540894
    },
    "hfc": {
        "dmean": 3.15030837059,
        "dmean2": 4.60544872284,
        "dvar": 13.0767221451,
        "dvar2": 27.8595333099,
        "max": 46.0038337708,
        "mean": 10.6603746414,
        "median": 10.0129413605,
        "min": 1.08973012126e-16,
        "stdev": 8.8848695755,
        "var": 78.9409103394
    },
    "loudness_ebu128": {
        "integrated": -24.4749393463,
        "loudness_range": 4.00806427002,
        "momentary": {
            "dmean": 2.43364834785,
            "dmean2": 3.77583813667,
            "dvar": 408.669830322,
            "dvar2": 731.525024414,
            "max": -20.9770870209,
            "mean": -63.3260536194,
            "median": -24.75715065,
            "min": -300.691009521,
            "stdev": 94.2919616699,
            "var": 8890.97460938
        },
        "short_term": {
            "dmean": 0.129971966147,
            "dmean2": 0.0590211562812,
            "dvar": 0.0142022073269,
            "dvar2": 0.00284828059375,
            "max": -22.525812149,
            "mean": -25.0641536713,
            "median": -25.1953830719,
            "min": -30.1461277008,
            "stdev": 1.61941790581,
            "var": 2.62251448631
        }
    },
    "melbands_crest": {
        "dmean": 2.39974403381,
        "dmean2": 3.91842269897,
        "dvar": 5.79187631607,
        "dvar2": 14.0693693161,
        "max": 26.5701446533,
        "mean": 11.6681804657,
        "median": 12.0697908401,
        "min": 1.37950670719,
        "stdev": 5.28535747528,
        "var": 27.9350032806
    },
    "melbands_flatness_db": {
        "dmean": 0.0240555573255,
        "dmean2": 0.0319292582572,
        "dvar": 0.000821081572212,
        "dvar2": 0.00153878191486,
        "max": 0.52704179287,
        "mean": 0.301937997341,
        "median": 0.339482873678,
        "min": 0.00197210488841,
        "stdev": 0.146548464894,
        "var": 0.0214764531702
    },
    "melbands_kurtosis": {
        "dmean": 2.25699472427,
        "dmean2": 3.65609788895,
        "dvar": 6.22748947144,
        "dvar2": 14.817199707,
        "max": 27.6908397675,
        "mean": 4.34758710861,
        "median": 3.73924016953,
        "min": -1.42304980755,
        "stdev": 4.26917123795,
        "var": 18.2258243561
    },
    "melbands_skewness": {
        "dmean": 0.493923932314,
        "dmean2": 0.766559839249,
        "dvar": 0.211461752653,
        "dvar2": 0.464473694563,
        "max": 3.95020294189,
        "mean": 1.08170962334,
        "median": 1.03309321404,
        "min": -0.732295870781,
        "stdev": 0.890070617199,
        "var": 0.792225658894
    },
    "melbands_spread": {
        "dmean": 3.24774217606,
        "dmean2": 5.40932178497,
        "dvar": 39.5649261475,
        "dvar2": 103.975120544,
        "max": 163.552261353,
        "mean": 26.605676651,
        "median": 6.5911192894,
        "min": 2.09120559692,
        "stdev": 45.8590660095,
        "var": 2103.05395508
    },
    "pitch_salience": {
        "dmean": 0.0447592660785,
        "dmean2": 0.07456985116,
        "dvar": 0.00200650864281,
        "dvar2": 0.00493135349825,
        "max": 0.916065216064,
        "mean": 0.564953923225,
        "median": 0.525516152382,
        "min": 0.343807190657,
        "stdev": 0.121250197291,
        "var": 0.0147016104311
    },
    "silence_rate_20dB": {
        "dmean": 0,
        "dmean2": 0,
        "dvar": 0,
        "dvar2": 0,
        "max": 1,
        "mean": 1,
        "median": 1,
        "min": 1,
        "stdev": 0,
        "var": 0
    },
    "silence_rate_30dB": {
        "dmean": 0,
        "dmean2": 0,
        "dvar": 0,
        "dvar2": 0,
        "max": 1,
        "mean": 1,
        "median": 1,
        "min": 1,
        "stdev": 0,
        "var": 0
    },
    "silence_rate_60dB": {
        "dmean": 0.0216718260199,
        "dmean2": 0.0434108525515,
        "dvar": 0.0212020911276,
        "dvar2": 0.0446270816028,
        "max": 1,
        "mean": 0.208655327559,
        "median": 0,
        "min": 0,
        "stdev": 0.406343787909,
        "var": 0.16511528194
    },
    "spectral_centroid": {
        "dmean": 111.037117004,
        "dmean2": 180.860046387,
        "dvar": 134038.546875,
        "dvar2": 271208.0625,
        "max": 11697.8359375,
        "mean": 2179.33300781,
        "median": 492.699493408,
        "min": 305.171844482,
        "stdev": 3844.08349609,
        "var": 14776977
    },
    "spectral_complexity": {
        "dmean": 1.35913312435,
        "dmean2": 2.26356577873,
        "dvar": 2.47475719452,
        "dvar2": 5.80031681061,
        "max": 20,
        "mean": 9.5007724762,
        "median": 11,
        "min": 0,
        "stdev": 5.51599502563,
        "var": 30.4262008667
    },
    "spectral_decrease": {
        "dmean": 1.50423717926e-09,
        "dmean2": 2.21702034509e-09,
        "dvar": 3.09750539631e-18,
        "dvar2": 6.61223779847e-18,
        "max": 2.02410277885e-28,
        "mean": -6.07809980124e-09,
        "median": -5.6290634376e-09,
        "min": -2.43838336189e-08,
        "stdev": 5.01527974706e-09,
        "var": 2.51530288349e-17
    },
    "spectral_energy": {
        "dmean": 0.00595457479358,
        "dmean2": 0.00877166446298,
        "dvar": 4.84175579913e-05,
        "dvar2": 0.000103296937596,
        "max": 0.0962028279901,
        "mean": 0.0239070616663,
        "median": 0.0221236888319,
        "min": 9.99720310133e-21,
        "stdev": 0.0197068043053,
        "var": 0.000388358108466
    },
    "spectral_energyband_high": {
        "dmean": 1.11602512334e-05,
        "dmean2": 1.63700460689e-05,
        "dvar": 7.08272385186e-10,
        "dvar2": 1.53866919206e-09,
        "max": 0.00024634069996,
        "mean": 1.55655143317e-05,
        "median": 2.84767111225e-06,
        "min": 7.11037507526e-21,
        "stdev": 3.19891623803e-05,
        "var": 1.02330643958e-09
    },
    "spectral_energyband_low": {
        "dmean": 0.000544287730008,
        "dmean2": 0.000728540238924,
        "dvar": 2.02408409677e-06,
        "dvar2": 3.62907599083e-06,
        "max": 0.0268866084516,
        "mean": 0.0016088723205,
        "median": 0.000214434461668,
        "min": 1.39346488668e-23,
        "stdev": 0.00429433444515,
        "var": 1.84413074749e-05
    },
    "spectral_energyband_middle_high": {
        "dmean": 0.000426721322583,
        "dmean2": 0.000662419653963,
        "dvar": 3.92547406136e-07,
        "dvar2": 9.271560657e-07,
        "max": 0.00799855217338,
        "mean": 0.00127191643696,
        "median": 0.00088314228924,
        "min": 1.15083976589e-21,
        "stdev": 0.00134772527963,
        "var": 1.81636346497e-06
    },
    "spectral_energyband_middle_low": {
        "dmean": 0.0058003901504,
        "dmean2": 0.00851586926728,
        "dvar": 4.6145014494e-05,
        "dvar2": 9.80762997642e-05,
        "max": 0.094090975821,
        "mean": 0.0214525349438,
        "median": 0.020103847608,
        "min": 1.56111029304e-22,
        "stdev": 0.017841335386,
        "var": 0.000318313279422
    },
    "spectral_entropy": {
        "dmean": 0.172008365393,
        "dmean2": 0.243903294206,
        "dvar": 0.0470865555108,
        "dvar2": 0.0975581556559,
        "max": 9.82184886932,
        "mean": 6.73988962173,
        "median": 6.27785778046,
        "min": 5.10970878601,
        "stdev": 1.41040098667,
        "var": 1.98923099041
    },
    "spectral_flux": {
        "dmean": 0.0160722546279,
        "dmean2": 0.0276346243918,
        "dvar": 0.000301315973047,
        "dvar2": 0.0008876954671,
        "max": 0.157452836633,
        "mean": 0.0489744059741,
        "median": 0.050901889801,
        "min": 6.28722005014e-11,
        "stdev": 0.0319387577474,
        "var": 0.00102008425165
    },
    "spectral_kurtosis": {
        "dmean": 13.0332994461,
        "dmean2": 21.8777427673,
        "dvar": 243.534057617,
        "dvar2": 637.428894043,
        "max": 140.990249634,
        "mean": 27.2837638855,
        "median": 17.5201854706,
        "min": -1.2679527998,
        "stdev": 27.3276882172,
        "var": 746.80255127
    },
    "spectral_rms": {
        "dmean": 0.000540129665751,
        "dmean2": 0.000795438652858,
        "dvar": 2.98506961371e-07,
        "dvar2": 6.38342271486e-07,
        "max": 0.00968795269728,
        "mean": 0.0041502318345,
        "median": 0.00464586773887,
        "min": 3.12303850315e-12,
        "stdev": 0.00246972381137,
        "var": 6.09953576713e-06
    },
    "spectral_rolloff": {
        "dmean": 129.832229614,
        "dmean2": 210.090316772,
        "dvar": 220782.9375,
        "dvar2": 252685.515625,
        "max": 19552.1484375,
        "mean": 3469.86254883,
        "median": 538.330078125,
        "min": 279.931640625,
        "stdev": 6603.41650391,
        "var": 43605108
    },
    "spectral_skewness": {
        "dmean": 0.805993020535,
        "dmean2": 1.3415222168,
        "dvar": 0.753279209137,
        "dvar2": 2.00022435188,
        "max": 8.9169178009,
        "mean": 3.17027044296,
        "median": 3.00036692619,
        "min": -0.0764322727919,
        "stdev": 2.00789570808,
        "var": 4.031645298
    },
    "spectral_spread": {
        "dmean": 537595.8125,
        "dmean2": 837561.5625,
        "dvar": 1.42381350912e+12,
        "dvar2": 2.24199914291e+12,
        "max": 42761628,
        "mean": 7863193,
        "median": 1776822.25,
        "min": 603335.625,
        "stdev": 14191208,
        "var": 2.01390395752e+14
    },
    "spectral_strongpeak": {
        "dmean": 0.575790822506,
        "dmean2": 0.952109754086,
        "dvar": 0.501362025738,
        "dvar2": 1.11820185184,
        "max": 5.02232980728,
        "mean": 1.30885016918,
        "median": 1.05099523067,
        "min": 0,
        "stdev": 1.13130819798,
        "var": 1.27985823154
    },
    "zerocrossingrate": {
        "dmean": 0.00468931393698,
        "dmean2": 0.00723110465333,
        "dvar": 0.000249662087299,
        "dvar2": 0.000579731015023,
        "max": 0.52978515625,
        "mean": 0.099648617208,
        "median": 0.0244140625,
        "min": 0.0107421875,
        "stdev": 0.172672793269,
        "var": 0.0298158954829
    },
    "barkbands": {
        "dmean": [3.03961019199e-06, 1.30053776957e-05, 0.000432506029028, 0.000300031679217, 0.0014238494914, 0.000396659510443, 0.00144016020931, 0.00483280420303, 0.000789794663433, 0.000123158853967, 0.000194876745809, 4.71095809189e-05, 0.000215613225009, 0.000101456091215, 3.33231473633e-05, 4.79577647639e-05, 3.26225890603e-05, 1.04127675513e-05, 1.78027839866e-05, 9.53851122176e-06, 4.13836278312e-06, 2.02002684091e-06, 1.15945556445e-06, 8.34953823414e-07, 3.41551640304e-07, 1.08143325406e-07, 5.31205124332e-09],
        "dmean2": [5.47902300241e-06, 2.0880916054e-05, 0.000615095370449, 0.000462859228719, 0.00186913053039, 0.000499291811138, 0.0019663402345, 0.00709724286571, 0.00119232328143, 0.000203348914511, 0.00029874543543, 8.10173442005e-05, 0.000362181919627, 0.000167018573848, 5.74357327423e-05, 7.97291068011e-05, 5.18534434377e-05, 1.64653993124e-05, 2.71788030659e-05, 1.44517225635e-05, 6.29114947515e-06, 3.08119024339e-06, 1.74896820226e-06, 1.23128768337e-06, 5.2327652611e-07, 1.69539987382e-07, 9.43821198973e-09],
        "dvar": [5.22607374043e-11, 6.07831340815e-10, 1.42617614074e-06, 2.73456862487e-07, 3.06336437461e-06, 4.65362234081e-07, 5.26733583683e-06, 3.73318725906e-05, 2.99861358144e-06, 2.17770850242e-08, 1.0593149824e-07, 4.05342293064e-09, 1.76098822635e-07, 2.71454609901e-08, 7.04115521444e-09, 8.14367506763e-09, 4.15257828124e-09, 4.22676671441e-10, 1.43317735457e-09, 5.17229981067e-10, 1.0192230393e-10, 2.43432930064e-11, 9.57685927089e-12, 5.0677422328e-12, 9.96587035985e-13, 1.12189778138e-13, 4.9372168773e-16],
        "dvar2": [1.47251294491e-10, 1.6873705766e-09, 2.99579141938e-06, 6.64913500259e-07, 6.96968618286e-06, 8.1689296394e-07, 1.06719426185e-05, 8.21071225801e-05, 6.45413274469e-06, 5.67826106135e-08, 2.42059826405e-07, 1.13763549692e-08, 4.6825022082e-07, 6.8990452462e-08, 1.97710470218e-08, 2.21188987126e-08, 1.08504956131e-08, 1.07826358953e-09, 3.34971406168e-09, 1.16717324694e-09, 2.34280095324e-10, 5.42932539205e-11, 2.05771372164e-11, 1.19348680244e-11, 2.40098566029e-12, 2.79418984695e-13, 1.33900577665e-15],
        "max": [0.000107692263555, 0.000370501540601, 0.021287465468, 0.00724411662668, 0.0304022468626, 0.0114676188678, 0.0342161878943, 0.0570205263793, 0.0218011606485, 0.00116512947716, 0.00478520570323, 0.000604458735324, 0.00455469358712, 0.00215485855006, 0.00121168466285, 0.00115446641576, 0.000788241974078, 0.000286721740849, 0.000354797200998, 0.000271462602541, 9.46903237491e-05, 4.19897041866e-05, 3.1563165976e-05, 2.27895488933e-05, 1.14953672892e-05, 3.41918075719e-06, 2.66739021981e-07],
        "mean": [2.69060478786e-06, 3.17220001307e-05, 0.00118998624384, 0.000721751013771, 0.00776578998193, 0.00111302698497, 0.00278855045326, 0.00759554700926, 0.00134942389559, 0.000193927218788, 0.000391968904296, 7.58939422667e-05, 0.000297345919535, 0.00015322380932, 4.63381475129e-05, 7.27082951926e-05, 5.0083061069e-05, 1.65783530974e-05, 2.71628705377e-05, 1.24114476421e-05, 5.70794554733e-06, 2.52603854278e-06, 1.33603327868e-06, 9.44156340665e-07, 3.49534047928e-07, 1.00066962716e-07, 3.98124377909e-09],
        "median": [4.75330068639e-07, 6.47470187687e-06, 6.83262187522e-05, 0.000154749024659, 0.00669972132891, 0.000253832957242, 0.00169889663812, 0.00408784998581, 0.000335536431521, 0.00014145973546, 0.00016226497246, 4.71500898129e-05, 0.00010022182687, 7.91909551481e-05, 2.02590290428e-05, 3.19606260746e-05, 1.51741223817e-05, 5.58902956982e-06, 6.95862763678e-06, 2.40273834606e-06, 1.07525033854e-06, 3.55157084186e-07, 1.39455536896e-07, 8.78383090708e-08, 2.48102907108e-08, 2.62536792306e-09, 5.74879366333e-10],
        "min": [4.68438720333e-25, 2.03143811831e-24, 6.3946085566e-25, 1.20482834523e-24, 6.46261398727e-24, 8.21852882657e-24, 6.28417049506e-24, 7.8948765521e-24, 2.02423396442e-23, 2.12643657449e-23, 1.33243813374e-23, 1.27744545674e-23, 2.09321243529e-23, 2.55501476465e-23, 2.63380051206e-23, 5.71543231131e-23, 5.42236164978e-23, 1.14670323174e-22, 1.40996366008e-22, 1.9339241898e-22, 2.57959232569e-22, 3.14721876776e-22, 4.22864104591e-22, 6.15831321233e-22, 8.92739118962e-22, 1.22397830421e-21, 1.9621008877e-21],
        "stdev": [6.63293712933e-06, 5.48737189092e-05, 0.00327008543536, 0.00126215058845, 0.00694411015138, 0.00178524735384, 0.00355192669667, 0.00935099925846, 0.0028950588312, 0.000192861742107, 0.000577872851864, 8.68934002938e-05, 0.000530160439666, 0.000217436623643, 8.70126968948e-05, 0.000114665024739, 9.1793051979e-05, 2.59957796516e-05, 5.0655038649e-05, 2.73431287496e-05, 1.17808767754e-05, 5.62886634725e-06, 3.42213343174e-06, 2.40098734139e-06, 1.00604427189e-06, 3.23529718571e-07, 1.87592057443e-08],
        "var": [4.39958521004e-11, 3.01112512702e-09, 1.06934594442e-05, 1.59302419434e-06, 4.82206669403e-05, 3.18710795e-06, 1.26161839944e-05, 8.74411853147e-05, 8.38136566017e-06, 3.71956510037e-08, 3.33937066443e-07, 7.55046247747e-09, 2.81070072106e-07, 4.72786823025e-08, 7.57120943717e-09, 1.31480684118e-08, 8.42596481476e-09, 6.75780542636e-10, 2.56593302161e-09, 7.47646666799e-10, 1.38789063575e-10, 3.16841344827e-11, 1.1710997623e-11, 5.76474068134e-12, 1.012125171e-12, 1.04671479817e-13, 3.51907778871e-16]
    },
    "erbbands": {
        "dmean": [0.000197911067517, 0.0100624617189, 0.317456781864, 0.786016702652, 2.75596189499, 5.70178937912, 4.43988084793, 3.82733559608, 21.9353523254, 82.9706954956, 37.9165039062, 22.9617156982, 4.63843822479, 3.41426730156, 7.56709766388, 2.21835398674, 10.8855648041, 4.43288230896, 2.25432157516, 2.38104081154, 1.73240602016, 1.21274781227, 0.859544754028, 1.13777697086, 0.499548047781, 0.548765003681, 0.227695405483, 0.115922771394, 0.0677466169, 0.0575212873518, 0.0324179381132, 0.020889300853, 0.0116733741015, 0.00509450910613, 0.0019473991124, 0.000671894231346, 0.000170965635334, 2.1500092771e-05, 3.15144393426e-06, 6.73063595968e-06],
        "dmean2": [0.000324647204252, 0.016150040552, 0.478192180395, 0.99692428112, 4.41405439377, 6.72563076019, 5.81329250336, 4.8801445961, 29.2911872864, 122.842269897, 55.0211906433, 34.9186630249, 7.51729869843, 5.40005397797, 11.7504310608, 3.73094654083, 18.2451572418, 7.41942310333, 3.71763563156, 4.04234886169, 2.77220821381, 1.93048405647, 1.38494753838, 1.73645925522, 0.760878026485, 0.832664310932, 0.336759209633, 0.177191734314, 0.103639692068, 0.085787281394, 0.0500458069146, 0.0314690694213, 0.0169398728758, 0.00785153545439, 0.00299622793682, 0.00101832125802, 0.000281291140709, 3.62998107448e-05, 4.61657737105e-06, 9.89493582892e-06],
        "dvar": [1.38552181284e-07, 0.000566617876757, 0.732138156891, 3.03940749168, 20.5071372986, 48.4555969238, 30.7452983856, 35.8014793396, 1261.13476562, 10906.6142578, 2218.0534668, 2596.21411133, 35.6339454651, 16.8091487885, 135.276412964, 11.7519836426, 445.536224365, 56.5188674927, 13.2480859756, 60.2764778137, 8.06499958038, 6.14712190628, 2.53481721878, 6.3481054306, 1.15415620804, 1.89483833313, 0.277740448713, 0.0763242691755, 0.0275688841939, 0.0261594261974, 0.00757065555081, 0.00318834627979, 0.000967553991359, 0.000217683933442, 3.44712825608e-05, 3.8383559513e-06, 3.74698032601e-07, 8.47843750762e-09, 1.50171420438e-11, 6.14979941971e-11],
        "dvar2": [3.95384461171e-07, 0.00167524057906, 1.77506363392, 4.33775997162, 60.0421333313, 89.0097351074, 58.5866470337, 66.5122070312, 2488.61425781, 24163.4921875, 4821.21777344, 5621.55371094, 93.9330749512, 40.9161262512, 304.105010986, 30.867729187, 1180.52624512, 143.274612427, 33.3619651794, 168.677017212, 20.7880821228, 16.3130874634, 6.53252506256, 14.6303033829, 2.64301681519, 4.36724328995, 0.626720488071, 0.169096618891, 0.0580212920904, 0.063229598105, 0.0159356798977, 0.00747109251097, 0.00221969676204, 0.000529618526343, 8.33859012346e-05, 9.11224105948e-06, 9.67394385043e-07, 2.23682263822e-08, 3.25289413461e-11, 1.31118046975e-10],
        "max": [0.00493548996747, 0.304813921452, 14.124712944, 35.9356689453, 42.6866645813, 136.788589478, 105.922225952, 87.9972686768, 536.921569824, 942.667480469, 514.237182617, 635.052734375, 45.005443573, 45.53748703, 174.68927002, 36.3084907532, 229.877090454, 101.003379822, 32.8343544006, 135.756851196, 29.0297679901, 29.8289585114, 19.7556152344, 31.7987136841, 10.5214586258, 16.0155963898, 5.21775436401, 2.58744597435, 1.41071557999, 1.7969712019, 0.902113437653, 0.606043696404, 0.301742881536, 0.159002453089, 0.072604931891, 0.0229280348867, 0.00855813641101, 0.00131071708165, 4.73983163829e-05, 0.000108159438241],
        "mean": [0.000496224150993, 0.0256179533899, 0.835015773773, 2.48716592789, 6.08361339569, 31.9232597351, 26.7165699005, 11.3077497482, 41.1377258301, 137.995178223, 69.1265792847, 40.238571167, 7.94603919983, 6.27313041687, 16.2076568604, 4.696434021, 15.1359729767, 7.00945997238, 4.25277519226, 3.542137146, 2.9866373539, 2.01889419556, 1.50611627102, 1.71282589436, 0.780934691429, 0.699804484844, 0.3278863132, 0.153930440545, 0.089066952467, 0.0622653998435, 0.037939671427, 0.0234723370522, 0.0131335118786, 0.0053696394898, 0.00197437172756, 0.000686177168973, 0.00015083674225, 1.83908778126e-05, 1.19321321108e-05, 2.68610710918e-05],
        "median": [0.000169577382621, 0.00377844600007, 0.0696073248982, 0.510361254215, 3.95859909058, 25.600189209, 20.5305290222, 5.45699548721, 20.7633495331, 84.1546783447, 45.0119590759, 12.1626081467, 5.09235191345, 5.08101940155, 8.32449531555, 3.1283056736, 5.34913921356, 4.17501783371, 2.43627095222, 1.67693626881, 1.5279186964, 0.684271991253, 0.480864584446, 0.466008216143, 0.212536811829, 0.126253798604, 0.063538916409, 0.0270547848195, 0.0139850489795, 0.00814474746585, 0.00408922601491, 0.00244244444184, 0.00114573317114, 0.000448670878541, 0.000140215604915, 3.53296891262e-05, 1.43192264659e-05, 2.36995902014e-06, 1.12295711006e-05, 2.47744301305e-05],
        "min": [6.65279722858e-23, 3.8587160209e-22, 1.85991399174e-21, 4.13529156303e-21, 1.49323451972e-20, 3.03388652181e-20, 3.02171307276e-20, 5.99051243571e-20, 1.15317029476e-19, 1.4776378354e-19, 2.92783162753e-19, 4.98126820711e-19, 5.23228236784e-19, 4.92695552809e-19, 6.00465657795e-19, 7.68035699491e-19, 1.26774889752e-18, 2.11074303204e-18, 1.90416418663e-18, 3.23030097185e-18, 3.52460294161e-18, 4.24609965038e-18, 5.20986556645e-18, 6.21336717119e-18, 7.45825248639e-18, 8.26654608402e-18, 9.99892202141e-18, 9.53505567751e-18, 1.03684897755e-17, 1.17877414551e-17, 1.20650487924e-17, 1.20209766093e-17, 9.94172413642e-18, 7.99110321184e-18, 6.09370350147e-18, 3.80787383751e-18, 2.43909134221e-18, 8.85134644027e-19, 2.39624891825e-19, 2.49518530945e-20],
        "stdev": [0.000797773711383, 0.0471502542496, 2.11156535149, 5.9618434906, 7.20911979675, 29.5425186157, 25.7069664001, 15.0496311188, 55.2698974609, 159.685058594, 79.9729614258, 83.2720108032, 8.68713951111, 6.25035667419, 22.3677082062, 5.27595663071, 26.8292713165, 9.35780334473, 5.44141721725, 7.96565485001, 4.06092500687, 3.57166814804, 2.52042794228, 3.25342059135, 1.3753567934, 1.61212837696, 0.649975657463, 0.326143026352, 0.198571711779, 0.163248732686, 0.0960060730577, 0.0596410706639, 0.034102588892, 0.0149086099118, 0.00583882676437, 0.00201021926478, 0.000554177269805, 7.98662586021e-05, 9.72081761574e-06, 2.20917154365e-05],
        "var": [6.36442905488e-07, 0.00222314661369, 4.45870828629, 35.5435791016, 51.9714050293, 872.760437012, 660.848144531, 226.491409302, 3054.76147461, 25499.3183594, 6395.67480469, 6934.22802734, 75.4664001465, 39.0669593811, 500.31439209, 27.8357162476, 719.809814453, 87.5684890747, 29.6090221405, 63.4516563416, 16.4911117554, 12.7568130493, 6.35255718231, 10.5847454071, 1.89160645008, 2.59895801544, 0.422468334436, 0.106369264424, 0.0394307225943, 0.0266501493752, 0.00921716634184, 0.00355705711991, 0.00116298662033, 0.000222266637138, 3.40918959409e-05, 4.04098182116e-06, 3.07112429709e-07, 6.37861896635e-09, 9.44942873948e-11, 4.88043883085e-10]
    },
    "gfcc": {
        "mean": [-299.46887207, 158.705856323, -120.636528015, -14.7119159698, -58.4396133423, -29.3448181152, -35.9431495667, -18.7764759064, -15.0409955978, -14.1010160446, -6.35133457184, -20.0333118439, -9.48178386688],
        "cov": [[181317.515625, 27928.5566406, -22220.7832031, -1740.23242188, -10874.4189453, -4786.65429688, -6720.04003906, -3084.24072266, -2864.4543457, -2315.28125, -1086.55236816, -3596.47216797, -1680.50622559], [27928.5566406, 5713.17773438, -3467.45166016, -834.593383789, -1526.97692871, -1165.58740234, -931.87677002, -777.552368164, -330.206298828, -549.487854004, -139.886642456, -680.258300781, -266.319610596], [-22220.7832031, -3467.45166016, 2895.75708008, 278.478607178, 1364.36218262, 626.98638916, 824.963256836, 402.264373779, 347.734558105, 302.114776611, 118.878349304, 434.756347656, 185.868972778], [-1740.23242188, -834.593383789, 278.478607178, 415.126159668, 144.225250244, 301.286346436, 58.786819458, 188.262451172, -8.71603393555, 97.4659423828, 5.13774347305, 87.7859420776, 18.7883834839], [-10874.4189453, -1526.97692871, 1364.36218262, 144.225250244, 787.865600586, 313.932006836, 453.742736816, 184.69493103, 191.253356934, 135.0103302, 74.3774719238, 222.281570435, 99.5149078369], [-4786.65429688, -1165.58740234, 626.98638916, 301.286346436, 313.932006836, 375.127960205, 187.837661743, 208.846282959, 39.3237304688, 122.167762756, 15.9650583267, 147.679275513, 56.180847168], [-6720.04003906, -931.87677002, 824.963256836, 58.786819458, 453.742736816, 187.837661743, 316.923461914, 127.984565735, 127.073829651, 81.8599319458, 47.1257820129, 136.468048096, 68.7072143555], [-3084.24072266, -777.552368164, 402.264373779, 188.262451172, 184.69493103, 208.846282959, 127.984565735, 181.541976929, 49.3359031677, 86.9702377319, 3.39224290848, 96.006401062, 26.9803237915], [-2864.4543457, -330.206298828, 347.734558105, -8.71603393555, 191.253356934, 39.3237304688, 127.073829651, 49.3359031677, 103.442497253, 33.8236999512, 24.5470085144, 39.1602172852, 32.0003204346], [-2315.28125, -549.487854004, 302.114776611, 97.4659423828, 135.0103302, 122.167762756, 81.8599319458, 86.9702377319, 33.8236999512, 87.4665145874, 18.5260353088, 65.1314849854, 17.9834041595], [-1086.55236816, -139.886642456, 118.878349304, 5.13774347305, 74.3774719238, 15.9650583267, 47.1257820129, 3.39224290848, 24.5470085144, 18.5260353088, 50.3536567688, 24.5138835907, 17.9992542267], [-3596.47216797, -680.258300781, 434.756347656, 87.7859420776, 222.281570435, 147.679275513, 136.468048096, 96.006401062, 39.1602172852, 65.1314849854, 24.5138835907, 118.900840759, 43.1051292419], [-1680.50622559, -266.319610596, 185.868972778, 18.7883834839, 99.5149078369, 56.180847168, 68.7072143555, 26.9803237915, 32.0003204346, 17.9834041595, 17.9992542267, 43.1051292419, 64.9652481079]],
        "icov": [[0.000590757874306, -0.00214360840619, 0.00106866459828, -0.00181235536002, 0.00226037460379, -0.000569423718844, 0.00171332363971, -0.00131611083634, 0.00129819335416, -0.00280544138514, 0.000351750873961, -0.000348637462594, -3.7913766846e-06], [-0.00214360840619, 0.0103373629972, -0.00111838500015, 0.00751110445708, -0.0102037191391, 0.00311533617787, -0.00716333184391, 0.00653219269589, -0.00517186010256, 0.0134719461203, -0.00068151782034, 0.00492301536724, 0.00149415188935], [0.00106866459828, -0.00111838500015, 0.00734041258693, -0.00160035525914, -0.000959228374995, -0.000370126712369, 0.00124476558995, -0.000773342442699, 0.00129226059653, -0.00371652725153, 0.00227256421931, 0.00229428079911, 0.00155526830349], [-0.00181235536002, 0.00751110445708, -0.00160035525914, 0.0159842129797, -0.0117074791342, -0.00427221646532, 0.000899531471077, -0.00369337410666, -0.000278496270766, 0.00961324945092, -0.0049825431779, 0.00712487613782, 0.000205413933145], [0.00226037460379, -0.0102037191391, -0.000959228374995, -0.0117074791342, 0.0251285471022, -0.00498173758388, -0.00388711132109, 0.00336085399613, -0.00245268410072, -0.01086528413, 0.00156423461158, -0.0114273820072, 0.00266746408306], [-0.000569423718844, 0.00311533617787, -0.000370126712369, -0.00427221646532, -0.00498173758388, 0.0182860568166, -0.00516528403386, -0.00466179475188, 0.00663067214191, -0.00049081153702, 0.00271960627288, 0.000652858463582, -0.00476457038894], [0.00171332363971, -0.00716333184391, 0.00124476558995, 0.000899531471077, -0.00388711132109, -0.00516528403386, 0.0326254852116, -0.0148246539757, 0.00108497717883, -0.00514889787883, -0.0047634174116, -0.001397207845, -0.00365619501099], [-0.00131611083634, 0.00653219269589, -0.000773342442699, -0.00369337410666, 0.00336085399613, -0.00466179475188, -0.0148246539757, 0.0372583866119, -0.0190682224929, 0.00254557421431, 0.0105187082663, -0.0105933677405, 0.00790465716273], [0.00129819335416, -0.00517186010256, 0.00129226059653, -0.000278496270766, -0.00245268410072, 0.00663067214191, 0.00108497717883, -0.0190682224929, 0.0370734333992, -0.0119138574228, -0.00487360637635, 0.0144845340401, -0.00966621376574], [-0.00280544138514, 0.0134719461203, -0.00371652725153, 0.00961324945092, -0.01086528413, -0.00049081153702, -0.00514889787883, 0.00254557421431, -0.0119138574228, 0.048700992018, -0.00906649418175, 0.000148430204717, 0.00676668109372], [0.000351750873961, -0.00068151782034, 0.00227256421931, -0.0049825431779, 0.00156423461158, 0.00271960627288, -0.0047634174116, 0.0105187082663, -0.00487360637635, -0.00906649418175, 0.0308307986706, -0.00613507116213, -0.00239533814602], [-0.000348637462594, 0.00492301536724, 0.00229428079911, 0.00712487613782, -0.0114273820072, 0.000652858463582, -0.001397207845, -0.0105933677405, 0.0144845340401, 0.000148430204717, -0.00613507116213, 0.0425262413919, -0.00833701621741], [-3.7913766846e-06, 0.00149415188935, 0.00155526830349, 0.000205413933145, 0.00266746408306, -0.00476457038894, -0.00365619501099, 0.00790465716273, -0.00966621376574, 0.00676668109372, -0.00239533814602, -0.00833701621741, 0.0266125872731]]
    },
    "melbands": {
        "dmean": [2.10645839616e-06, 0.000117588235298, 0.000170335842995, 0.000288135721348, 0.000203143586987, 8.71599331731e-05, 0.000328874069965, 0.00107096601278, 0.000235133426031, 0.000126204118715, 2.117342774e-05, 1.32327877509e-05, 2.78992756648e-05, 9.03396994545e-06, 1.9619565137e-05, 1.42010212585e-05, 1.02219482869e-05, 4.68902180728e-06, 2.41644420385e-06, 4.73699219583e-06, 1.69709608144e-06, 1.20080380839e-06, 1.62797209668e-06, 5.84071017329e-07, 1.0564671129e-06, 3.58201958761e-07, 3.43823131743e-07, 3.60359024398e-07, 1.46566662806e-07, 1.28421078216e-07, 5.65245876771e-08, 3.88106684568e-08, 3.66495633841e-08, 3.01706393202e-08, 1.94499882866e-08, 1.51918602143e-08, 1.22104699685e-08, 9.28899002162e-09, 5.67608182678e-09, 3.96855925899e-09],
        "dmean2": [3.42731482306e-06, 0.000171177453012, 0.000250846467679, 0.00040073422133, 0.000244326132815, 0.000107662221126, 0.000442721357103, 0.00157857127488, 0.000336412485922, 0.000191773375263, 3.5214023228e-05, 2.10094549402e-05, 4.33043533121e-05, 1.47969039972e-05, 3.30369693984e-05, 2.37727763306e-05, 1.71228748513e-05, 7.65015101933e-06, 4.13683756051e-06, 7.9487417679e-06, 2.70017767434e-06, 1.89017885077e-06, 2.71416683972e-06, 9.19848901049e-07, 1.62442506735e-06, 5.43507496786e-07, 5.34280502507e-07, 5.56332736323e-07, 2.17085315057e-07, 2.01226256991e-07, 9.1267047253e-08, 5.99056519945e-08, 5.57630350784e-08, 4.53484325647e-08, 3.01652924861e-08, 2.29061196677e-08, 1.90755393703e-08, 1.38425217955e-08, 8.6335587568e-09, 6.29395868756e-09],
        "dvar": [1.29044613537e-11, 1.00081052778e-07, 9.28767818209e-08, 1.42931256164e-07, 6.18860767077e-08, 2.01846361847e-08, 2.90773442657e-07, 1.82849726116e-06, 7.74872503939e-08, 7.8312055507e-08, 7.69849184401e-10, 2.34432778745e-10, 2.23302931701e-09, 1.44893264054e-10, 1.47422063446e-09, 7.41962380424e-10, 2.98290420142e-10, 5.93285906514e-11, 3.82935627652e-11, 1.10713854751e-10, 7.7749360769e-12, 4.53995608468e-12, 1.5830482758e-11, 1.20224110615e-12, 5.50551574816e-12, 5.77832053039e-13, 5.45704540583e-13, 8.33906023661e-13, 1.08599456196e-13, 1.0085575902e-13, 1.95466354284e-14, 9.0970847256e-15, 9.4126468501e-15, 7.52032865912e-15, 2.6170768501e-15, 1.8815068742e-15, 1.09885690126e-15, 6.00606604822e-16, 2.56152054142e-16, 1.36537462698e-16],
        "dvar2": [3.55884662018e-11, 2.22941324068e-07, 2.04863752629e-07, 3.81977486086e-07, 9.87077513059e-08, 3.59568090857e-08, 5.81974290981e-07, 4.04415550292e-06, 1.69372412984e-07, 1.70427725266e-07, 2.06052575003e-09, 5.78809000729e-10, 5.19100673557e-09, 3.60102087038e-10, 3.95747390414e-09, 1.95778504519e-09, 7.60951635037e-10, 1.49431744756e-10, 1.06300308833e-10, 3.14390319334e-10, 1.90561993269e-11, 1.14214939589e-11, 4.26055475622e-11, 3.01481387598e-12, 1.26856858351e-11, 1.34276997073e-12, 1.23427396775e-12, 1.93839714245e-12, 2.45032347277e-13, 2.46410910339e-13, 4.33272429707e-14, 1.94435108611e-14, 2.20466768892e-14, 1.82878936468e-14, 5.70231050421e-15, 4.0939291921e-15, 2.67560597972e-15, 1.36224719605e-15, 6.15848274493e-16, 3.40099160204e-16],
        "max": [5.45050788787e-05, 0.00547644728795, 0.00605763774365, 0.00548833655193, 0.00536149600521, 0.00199344474822, 0.0079511795193, 0.0122900009155, 0.00316088250838, 0.00343718961813, 0.000222233778914, 0.00013679022959, 0.000694399699569, 0.000180177783477, 0.000424654921517, 0.000295317178825, 0.000229461467825, 7.09859668859e-05, 0.000100271332485, 0.000155938629177, 2.60463093582e-05, 2.06096647162e-05, 5.21027468494e-05, 1.24450652947e-05, 2.88067603833e-05, 6.81310893924e-06, 6.24707718089e-06, 1.09658058136e-05, 3.0754904401e-06, 2.89870990855e-06, 1.33094863486e-06, 8.92182242751e-07, 9.53952621785e-07, 9.58869236456e-07, 5.42317366126e-07, 5.271267014e-07, 3.10829051386e-07, 2.06683282045e-07, 1.74473214543e-07, 1.24875768392e-07],
        "mean": [5.02810280523e-06, 0.000323494139593, 0.000497584522236, 0.00125108403154, 0.00130556535441, 0.0002441330289, 0.00058678392088, 0.00173813977744, 0.000468580663437, 0.000210821002838, 2.89854797302e-05, 2.18454351852e-05, 5.6123790273e-05, 1.74785000127e-05, 2.75057500403e-05, 2.01363400265e-05, 1.44989144246e-05, 8.21306912258e-06, 3.34630453835e-06, 6.60452951706e-06, 2.86583053821e-06, 1.88301783055e-06, 2.48510286838e-06, 9.20073659927e-07, 1.51409153659e-06, 5.4351869494e-07, 4.8306020517e-07, 4.39423047283e-07, 2.0761893893e-07, 1.56875174184e-07, 7.1285263914e-08, 5.04706179072e-08, 4.24838546564e-08, 3.13185708478e-08, 2.21884768337e-08, 1.73621419464e-08, 1.3285020195e-08, 1.03095789683e-08, 6.04370065105e-09, 3.97429245069e-09],
        "median": [1.48881053974e-06, 2.9538598028e-05, 0.000151200409164, 0.00109204708133, 0.000975030940026, 8.50436554174e-05, 0.00028126660618, 0.00101350073237, 0.000305052148178, 5.34138162038e-05, 1.70435487234e-05, 1.69863706105e-05, 2.54581736954e-05, 1.07818577817e-05, 1.04549762909e-05, 7.36286074243e-06, 8.20406694402e-06, 3.84986014978e-06, 1.56596536272e-06, 2.75170373243e-06, 1.36203414058e-06, 6.85108261678e-07, 5.09393998982e-07, 3.16116882004e-07, 3.84793196417e-07, 1.46400466861e-07, 1.06076910811e-07, 7.1254156353e-08, 4.12522567217e-08, 2.68262301262e-08, 1.16365859171e-08, 6.97220503554e-09, 6.11586958854e-09, 3.75453579338e-09, 2.20345675039e-09, 1.85269011244e-09, 1.31337840603e-09, 8.57013460198e-10, 4.9549542247e-10, 2.9764296583e-10],
        "min": [9.79776781375e-25, 1.41712836698e-24, 1.53675350262e-24, 1.27461926394e-24, 1.54324188357e-24, 1.27076656589e-24, 1.42564441627e-24, 1.48122775287e-24, 2.29688586861e-24, 3.12079448334e-24, 1.85961533847e-24, 1.68231175027e-24, 2.30804529219e-24, 1.4409557134e-24, 2.36709231981e-24, 2.32845529318e-24, 3.24754411764e-24, 3.2171652814e-24, 1.86931418608e-24, 3.59339710736e-24, 3.8492321931e-24, 3.23584964916e-24, 3.98541522332e-24, 5.53793844987e-24, 4.28343227939e-24, 4.9986218591e-24, 3.96146461738e-24, 4.09341895871e-24, 5.31582361795e-24, 5.66350696218e-24, 4.56073029821e-24, 4.52019941376e-24, 5.77944269397e-24, 5.86159703523e-24, 5.7765546742e-24, 6.21388929929e-24, 6.75139900416e-24, 6.58879781108e-24, 6.31030151255e-24, 5.73964663346e-24],
        "stdev": [7.81481230661e-06, 0.000836318533402, 0.000917520548683, 0.00109167711344, 0.00125139520969, 0.000363338447642, 0.000815028441139, 0.00206124666147, 0.000522270041984, 0.00045307961409, 3.38456447935e-05, 2.16808293771e-05, 8.13261503936e-05, 2.20140718739e-05, 4.7869853006e-05, 3.4941604099e-05, 2.07234716072e-05, 1.13804189823e-05, 6.4008058871e-06, 1.19748010547e-05, 3.89839124182e-06, 3.00550914289e-06, 5.65919344808e-06, 1.44299485783e-06, 3.00103829431e-06, 9.89486238723e-07, 9.24699577354e-07, 1.04753894448e-06, 4.11271201983e-07, 3.4457542597e-07, 1.6294623606e-07, 1.14442578081e-07, 1.02595095086e-07, 8.67437748298e-08, 5.56145742792e-08, 4.69384922042e-08, 3.39291510443e-08, 2.6775886397e-08, 1.68510414511e-08, 1.14017684183e-08],
