{
"metadata": {
    "version": {
        "essentia": "2.1-beta6-dev",
        "essentia_git_sha": "v2.1_beta5-778-gc9eadba6",
        "extractor": "music 2.0"
    },
    "audio_properties": {
        "analysis": {
            "equal_loudness": 0,
            "length": 19.9999771118,
            "sample_rate": 44100,
            "start_time": 0,
            "downmix": "mix"
        },
        "bit_rate": 128000,
        "length": 20,
        "lossless": 0,
        "number_channels": 2,
        "replay_gain": -8.34217643738,
        "sample_rate": 48000,
        "codec": "mp3",
        "md5_encoded": "c4653b242f69105cc28f7ea05370eeea"
    },
    "tags": {
        "file_name": "rone-byebyemacadam1.mp3",
        "encoding": ["Lavf59.16.100"]
    }
},
"lowlevel": {
    "average_loudness": 0.982852041721,
    "barkbands_crest": {
        "dmean": 3.67841863632,
        "dmean2": 6.32616567612,
        "dvar": 14.0662136078,
        "dvar2": 34.3149337769,
        "max": 26.3442325592,
        "mean": 20.2889614105,
        "median": 22.3641796112,
        "min": 3.41588664055,
        "stdev": 5.34459352493,
        "var": 28.5646800995
    },
    "barkbands_flatness_db": {
        "dmean": 0.0505971759558,
        "dmean2": 0.0808009132743,
        "dvar": 0.00203364947811,
        "dvar2": 0.00443429546431,
        "max": 0.423156112432,
        "mean": 0.218501865864,
        "median": 0.204311057925,
        "min": 0.0459826029837,
        "stdev": 0.0895966142416,
        "var": 0.00802755355835
    },
    "barkbands_kurtosis": {
        "dmean": 50.735710144,
        "dmean2": 79.8498458862,
        "dvar": 6241.8203125,
        "dvar2": 14426.4033203,
        "max": 751.702270508,
        "mean": 82.7335586548,
        "median": 21.0446567535,
        "min": -1.62015128136,
        "stdev": 127.090003967,
        "var": 16151.8681641
    },
    "barkbands_skewness": {
        "dmean": 2.5379652977,
        "dmean2": 3.86242341995,
        "dvar": 6.60397720337,
        "dvar2": 13.187833786,
        "max": 25.0268821716,
        "mean": 6.58812475204,
        "median": 4.53841924667,
        "min": -1.95876991749,
        "stdev": 5.30779790878,
        "var": 28.1727161407
    },
    "barkbands_spread": {
        "dmean": 10.3731651306,
        "dmean2": 16.3013191223,
        "dvar": 137.233200073,
        "dvar2": 307.232055664,
        "max": 83.5719146729,
        "mean": 18.7836551666,
        "median": 13.113158226,
        "min": 0.418271362782,
        "stdev": 19.1876544952,
        "var": 368.16607666
    },
    "dissonance": {
        "dmean": 0.0161350052804,
        "dmean2": 0.0266110002995,
        "dvar": 0.000229079800192,
        "dvar2": 0.000608729780652,
        "max": 0.499324709177,
        "mean": 0.466318517923,
        "median": 0.470444977283,
        "min": 0.362707108259,
        "stdev": 0.0223514661193,
        "var": 0.000499588029925
    },
    "dynamic_complexity": 3.15161633492,
    "erbbands_crest": {
        "dmean": 2.23520708084,
        "dmean2": 3.57143306732,
        "dvar": 6.0511136055,
        "dvar2": 14.2265768051,
        "max": 20.6986808777,
        "mean": 7.13338279724,
        "median": 5.84957695007,
        "min": 2.27210569382,
        "stdev": 3.71312212944,
        "var": 13.7872753143
    },
    "erbbands_flatness_db": {
        "dmean": 0.0127587541938,
        "dmean2": 0.0205267574638,
        "dvar": 0.000266387040028,
        "dvar2": 0.000644831452519,
        "max": 0.227977260947,
        "mean": 0.0944148898125,
        "median": 0.0903324782848,
        "min": 0.0645060166717,
        "stdev": 0.0194639284164,
        "var": 0.000378844531951
    },
    "erbbands_kurtosis": {
        "dmean": 0.82217168808,
        "dmean2": 1.38793587685,
        "dvar": 4.93968439102,
        "dvar2": 13.2516965866,
        "max": 23.2339000702,
        "mean": -0.605558931828,
        "median": -1.03695106506,
        "min": -1.75581741333,
        "stdev": 1.86929535866,
        "var": 3.49426531792
    },
    "erbbands_skewness": {
        "dmean": 0.412179678679,
        "dmean2": 0.624990582466,
        "dvar": 0.254995822906,
        "dvar2": 0.562454938889,
        "max": 4.77903413773,
        "mean": 0.204979211092,
        "median": 0.0781266316772,
        "min": -1.37701570988,
        "stdev": 0.774549305439,
        "var": 0.599926650524
    },
    "erbbands_spread": {
        "dmean": 16.1724185944,
        "dmean2": 25.128074646,
        "dvar": 251.790115356,
        "dvar2": 548.810852051,
        "max": 163.151748657,
        "mean": 89.6225738525,
        "median": 87.6969223022,
        "min": 17.9775371552,
        "stdev": 24.2914485931,
        "var": 590.074462891
    },
    "hfc": {
        "dmean": 11.5291347504,
        "dmean2": 14.4101600647,
        "dvar": 141.962509155,
        "dvar2": 215.981307983,
        "max": 137.360595703,
        "mean": 26.2286720276,
        "median": 19.3726425171,
        "min": 1.13592769525e-16,
        "stdev": 23.1161136627,
        "var": 534.354675293
    },
    "loudness_ebu128": {
        "integrated": -11.9943876266,
        "loudness_range": 0.693662643433,
        "momentary": {
            "dmean": 1.28557407856,
            "dmean2": 1.85791754723,
            "dvar": 1.66192638874,
            "dvar2": 2.34479236603,
            "max": -9.33068943024,
            "mean": -12.5776424408,
            "median": -11.4623651505,
            "min": -27.404176712,
            "stdev": 2.54186415672,
            "var": 6.46107339859
        },
        "short_term": {
            "dmean": 0.106855526567,
            "dmean2": 0.151858061552,
            "dvar": 0.0141048459336,
            "dvar2": 0.0260547809303,
            "max": -11.3367443085,
            "mean": -11.8638305664,
            "median": -11.8330726624,
            "min": -12.8009138107,
            "stdev": 0.242390558124,
            "var": 0.0587531812489
        }
    },
    "melbands_crest": {
        "dmean": 3.65604615211,
        "dmean2": 5.90105962753,
        "dvar": 15.2796459198,
        "dvar2": 36.4933052063,
        "max": 38.2140617371,
        "mean": 28.3526172638,
        "median": 30.3050327301,
        "min": 1.9983932972,
        "stdev": 6.61794614792,
        "var": 43.7972106934
    },
    "melbands_flatness_db": {
        "dmean": 0.0576563440263,
        "dmean2": 0.0904570370913,
        "dvar": 0.00259105372243,
        "dvar2": 0.00549296988174,
        "max": 0.531769216061,
        "mean": 0.303458839655,
        "median": 0.291429907084,
        "min": 0.00564325368032,
        "stdev": 0.106412254274,
        "var": 0.0113235674798
    },
    "melbands_kurtosis": {
        "dmean": 131.657867432,
        "dmean2": 194.540481567,
        "dvar": 23568.609375,
        "dvar2": 43812.046875,
        "max": 1566.97302246,
        "mean": 267.699188232,
        "median": 117.403663635,
        "min": -1.24091827869,
        "stdev": 321.731445312,
        "var": 103511.117188
    },
    "melbands_skewness": {
        "dmean": 3.52185368538,
        "dmean2": 5.35303020477,
        "dvar": 10.2805509567,
        "dvar2": 21.0484695435,
        "max": 30.3641090393,
        "mean": 11.2789382935,
        "median": 9.44814491272,
        "min": -0.0835324600339,
        "stdev": 6.63762617111,
        "var": 44.0580787659
    },
    "melbands_spread": {
        "dmean": 6.76137113571,
        "dmean2": 10.61024189,
        "dvar": 95.7831268311,
        "dvar2": 197.18598938,
        "max": 130.876922607,
        "mean": 10.8061180115,
        "median": 5.36992311478,
        "min": 0.288271546364,
        "stdev": 16.1002426147,
        "var": 259.217803955
    },
    "pitch_salience": {
        "dmean": 0.107124812901,
        "dmean2": 0.184731796384,
        "dvar": 0.0160664580762,
        "dvar2": 0.0396570451558,
        "max": 0.93600833416,
        "mean": 0.234777733684,
        "median": 0.191715762019,
        "min": 0.0318660736084,
        "stdev": 0.163164228201,
        "var": 0.0266225636005
    },
    "silence_rate_20dB": {
        "dmean": 0.0858468711376,
        "dmean2": 0.171893149614,
        "dvar": 0.0784773677588,
        "dvar2": 0.146992385387,
        "max": 1,
        "mean": 0.871378898621,
        "median": 1,
        "min": 0,
        "stdev": 0.334779173136,
        "var": 0.112077087164
    },
    "silence_rate_30dB": {
        "dmean": 0.116009280086,
        "dmean2": 0.23228803277,
        "dvar": 0.102551274002,
        "dvar2": 0.222463950515,
        "max": 1,
        "mean": 0.62456548214,
        "median": 1,
        "min": 0,
        "stdev": 0.484233051538,
        "var": 0.234481647611
    },
    "silence_rate_60dB": {
        "dmean": 0.00464037107304,
        "dmean2": 0.00929152127355,
        "dvar": 0.00461876485497,
        "dvar2": 0.00920516438782,
        "max": 1,
        "mean": 0.0312862098217,
        "median": 0,
        "min": 0,
        "stdev": 0.174089148641,
        "var": 0.0303070303053
    },
    "spectral_centroid": {
        "dmean": 427.698608398,
        "dmean2": 592.734375,
        "dvar": 225284.234375,
        "dvar2": 288611.0625,
        "max": 11486.9140625,
        "mean": 1593.16333008,
        "median": 1639.25537109,
        "min": 129.209381104,
        "stdev": 910.697814941,
        "var": 829370.5
    },
    "spectral_complexity": {
        "dmean": 3.88863110542,
        "dmean2": 5.45180034637,
        "dvar": 18.5560665131,
        "dvar2": 31.7970619202,
        "max": 50,
        "mean": 11.4055624008,
        "median": 9,
        "min": 0,
        "stdev": 9.09445667267,
        "var": 82.7091445923
    },
    "spectral_decrease": {
        "dmean": 1.79738712802e-08,
        "dmean2": 2.61854218309e-08,
        "dvar": 5.26417424191e-16,
        "dvar2": 8.20370679415e-16,
        "max": 1.2636801251e-29,
        "mean": -3.37872982925e-08,
        "median": -1.59920983123e-08,
        "min": -1.81925329912e-07,
        "stdev": 4.04546618427e-08,
        "var": 1.63657978008e-15
    },
    "spectral_energy": {
        "dmean": 0.0683725103736,
        "dmean2": 0.0994270071387,
        "dvar": 0.0075669339858,
        "dvar2": 0.0117522981018,
        "max": 0.691889643669,
        "mean": 0.129900023341,
        "median": 0.0619594939053,
        "min": 1.02554999411e-20,
        "stdev": 0.153756245971,
        "var": 0.0236409828067
    },
    "spectral_energyband_high": {
        "dmean": 0.000998101080768,
        "dmean2": 0.00127673358656,
        "dvar": 1.48738990902e-06,
        "dvar2": 2.31965282183e-06,
        "max": 0.0151782082394,
        "mean": 0.00194205599837,
        "median": 0.00120429287199,
        "min": 7.93789172994e-21,
        "stdev": 0.00220210524276,
        "var": 4.84926749778e-06
    },
    "spectral_energyband_low": {
        "dmean": 0.0680040940642,
        "dmean2": 0.102317713201,
        "dvar": 0.0084700929001,
        "dvar2": 0.0138929514214,
        "max": 0.686017096043,
        "mean": 0.12182726711,
        "median": 0.054274469614,
        "min": 4.07861093512e-23,
        "stdev": 0.153016835451,
        "var": 0.0234141498804
    },
    "spectral_energyband_middle_high": {
        "dmean": 0.000804420968052,
        "dmean2": 0.00115823664237,
        "dvar": 1.08349922812e-06,
        "dvar2": 2.3650611638e-06,
        "max": 0.0110751660541,
        "mean": 0.00149005826097,
        "median": 0.000977574381977,
        "min": 1.28960860327e-21,
        "stdev": 0.00159755558707,
        "var": 2.55218401435e-06
    },
    "spectral_energyband_middle_low": {
        "dmean": 0.00709478138015,
        "dmean2": 0.0129399821162,
        "dvar": 0.000393192080082,
        "dvar2": 0.00112841743976,
        "max": 0.117543980479,
        "mean": 0.00636139279231,
        "median": 0.00290412735194,
        "min": 3.06329709409e-22,
        "stdev": 0.0152148362249,
        "var": 0.000231491241721
    },
    "spectral_entropy": {
        "dmean": 0.210972711444,
        "dmean2": 0.327760070562,
        "dvar": 0.0752391219139,
        "dvar2": 0.175964295864,
        "max": 9.79628181458,
        "mean": 7.96811819077,
        "median": 8.03033256531,
        "min": 5.73362541199,
        "stdev": 0.388710588217,
        "var": 0.15109591186
    },
    "spectral_flux": {
        "dmean": 0.0849920958281,
        "dmean2": 0.112854912877,
        "dvar": 0.0091062663123,
        "dvar2": 0.0137786455452,
        "max": 0.773016989231,
        "mean": 0.157953962684,
        "median": 0.106443546712,
        "min": 1.01269444219e-10,
        "stdev": 0.148868367076,
        "var": 0.0221617892385
    },
    "spectral_kurtosis": {
        "dmean": 0.374151200056,
        "dmean2": 0.591387987137,
        "dvar": 0.261635541916,
        "dvar2": 0.651182472706,
        "max": 11.559091568,
        "mean": 0.839354753494,
        "median": 0.718298196793,
        "min": -1.20882058144,
        "stdev": 0.70491206646,
        "var": 0.496901035309
    },
    "spectral_rms": {
        "dmean": 0.00286830961704,
        "dmean2": 0.00424565887079,
        "dvar": 7.41823623684e-06,
        "dvar2": 1.2705604604e-05,
        "max": 0.0259810369462,
        "mean": 0.00958380103111,
        "median": 0.00777484988794,
        "min": 3.16312601112e-12,
        "stdev": 0.00590614741668,
        "var": 3.48825778929e-05
    },
    "spectral_rolloff": {
        "dmean": 516.671203613,
        "dmean2": 900.518493652,
        "dvar": 1577805.625,
        "dvar2": 3359360.75,
        "max": 18453.9550781,
        "mean": 726.438659668,
        "median": 86.1328125,
        "min": 43.06640625,
        "stdev": 1776.7989502,
        "var": 3157014.5
    },
    "spectral_skewness": {
        "dmean": 0.123461641371,
        "dmean2": 0.19012144208,
        "dvar": 0.019158128649,
        "dvar2": 0.0419931970537,
        "max": 2.80207586288,
        "mean": 0.96528249979,
        "median": 0.929481983185,
        "min": -0.0247717574239,
        "stdev": 0.222092032433,
        "var": 0.0493248701096
    },
    "spectral_spread": {
        "dmean": 528429.5,
        "dmean2": 809658.5,
        "dvar": 1.46857341747e+12,
        "dvar2": 1.6392281129e+12,
        "max": 40234064,
        "mean": 7771016,
        "median": 7876364.5,
        "min": 3758860.5,
        "stdev": 1466186.5,
        "var": 2.14970269696e+12
    },
    "spectral_strongpeak": {
        "dmean": 0.23900398612,
        "dmean2": 0.364766567945,
        "dvar": 0.0783111378551,
        "dvar2": 0.173548564315,
        "max": 2.67689967155,
        "mean": 0.671105384827,
        "median": 0.536862194538,
        "min": 0,
        "stdev": 0.487095475197,
        "var": 0.237262010574
    },
    "zerocrossingrate": {
        "dmean": 0.0150143653154,
        "dmean2": 0.0180306788534,
        "dvar": 0.000338867481332,
        "dvar2": 0.000397834199248,
        "max": 0.62451171875,
        "mean": 0.0463142953813,
        "median": 0.0361328125,
        "min": 0.0029296875,
        "stdev": 0.0465086065233,
        "var": 0.00216305046342
    },
    "barkbands": {
        "dmean": [0.00217642495409, 0.0660241469741, 0.0114249521866, 0.00445368653163, 0.00192551477812, 0.000467878940981, 0.000225278083235, 0.000325415778207, 0.000198333931621, 0.000283332658, 0.00021064154862, 8.00062261987e-05, 5.39572247362e-05, 0.000110682667582, 5.84831977903e-05, 4.07432853535e-05, 6.31834263913e-05, 6.36490512989e-05, 8.28635820653e-05, 0.000104063161416, 0.000132327026222, 0.000202501134481, 0.000273287354503, 0.000218757413677, 0.000184124000953, 4.00258541049e-05, 2.36621667682e-06],
        "dmean2": [0.00294224172831, 0.104925997555, 0.0210458729416, 0.00858622137457, 0.00355830858462, 0.000757954840083, 0.000385968276532, 0.000509250850882, 0.000291416072287, 0.000426735467045, 0.000292833574349, 0.000135171387228, 8.99610022316e-05, 0.000171423263964, 9.43566556089e-05, 6.56036136206e-05, 9.89297259366e-05, 0.000101912039099, 0.000127629289636, 0.000161323841894, 0.000192452251213, 0.000279246130958, 0.00037257434451, 0.000293973600492, 0.000242032881943, 5.44887952856e-05, 3.69543340639e-06],
        "dvar": [1.00214610939e-05, 0.00975280255079, 0.00128654425498, 0.000213259176235, 3.20816434396e-05, 6.45426268875e-07, 2.39836737137e-07, 3.75325214463e-07, 1.2476250788e-07, 1.36526011829e-07, 1.08975925173e-07, 2.5836477846e-08, 1.7266820862e-08, 3.02926927986e-08, 1.70887126671e-08, 8.35359337259e-09, 1.32891004867e-08, 1.87847728483e-08, 2.23042899705e-08, 2.31825776353e-08, 4.30604565338e-08, 6.24324556497e-08, 1.33093820409e-07, 9.48430880499e-08, 6.36063361981e-08, 2.67216759831e-09, 1.85695486765e-11],
        "dvar2": [1.65099481819e-05, 0.0188811402768, 0.00357901281677, 0.000622194958851, 9.22400795389e-05, 1.74319234247e-06, 6.75086255342e-07, 9.45631256855e-07, 2.25158373723e-07, 2.8206906677e-07, 1.94512864482e-07, 6.57039862517e-08, 4.52893331726e-08, 6.86429046937e-08, 4.39393943452e-08, 2.24981633323e-08, 3.61516931946e-08, 5.05569879294e-08, 5.63461917125e-08, 5.86722492812e-08, 9.9362949868e-08, 1.21816597698e-07, 2.26538560355e-07, 1.65395917406e-07, 1.12641941996e-07, 4.88140772248e-09, 4.10363201753e-11],
        "max": [0.0299319718033, 0.660043001175, 0.203799918294, 0.0855008661747, 0.0425226464868, 0.00717652309686, 0.00482942257077, 0.00689729256555, 0.0032668185886, 0.00315311970189, 0.0043897270225, 0.0018983312184, 0.00163733854424, 0.00138783687726, 0.00135640520602, 0.00111460301559, 0.00167362578213, 0.00198265793733, 0.00213518831879, 0.00181172357406, 0.0031439550221, 0.00281740236096, 0.00392177514732, 0.00360328168608, 0.00298531819135, 0.000564255460631, 4.83053081552e-05],
        "mean": [0.00542897963896, 0.107829846442, 0.00699616596103, 0.00275129103102, 0.00176876306068, 0.000581265136134, 0.000258503569057, 0.000454446970252, 0.000250957091339, 0.000426606042311, 0.000317799189361, 9.84819198493e-05, 7.03834666638e-05, 0.000157760907314, 7.68066893215e-05, 5.92907854298e-05, 9.7181815363e-05, 9.6516123449e-05, 0.000140106902109, 0.000177177513251, 0.000230754696531, 0.000362036051229, 0.000486872624606, 0.000395803479478, 0.000315324607072, 6.82134996168e-05, 2.80656286122e-06],
        "median": [0.00333960796706, 0.0462225936353, 0.000176666275365, 0.000346022425219, 0.000738822855055, 0.000302772677969, 0.000125395861687, 0.000169556064066, 7.17020811862e-05, 0.000258374406258, 0.000129980558995, 2.88570681732e-05, 1.8758852093e-05, 7.20855459804e-05, 2.7279202186e-05, 2.20211841224e-05, 5.72803728573e-05, 4.99370689795e-05, 7.32527405489e-05, 9.87786406768e-05, 0.000128576037241, 0.000234153485508, 0.000282763998257, 0.000213491570321, 0.000166569079738, 3.61595593859e-05, 9.06379341359e-07],
        "min": [5.19269189697e-24, 1.72535034465e-23, 1.81507680396e-23, 3.13893000112e-24, 6.21257371596e-23, 3.64175080986e-23, 8.85160374474e-23, 2.89004872426e-23, 7.89511557696e-23, 2.3668564504e-23, 3.4311899503e-23, 3.81173140227e-23, 1.60484057644e-22, 4.88795130053e-23, 1.99985844644e-22, 1.82436112883e-22, 1.57668770846e-22, 1.46864998894e-22, 1.57390763641e-22, 2.87328359987e-22, 3.48353225976e-22, 7.09652000195e-22, 5.92582063121e-22, 9.83196448434e-22, 1.0432474183e-21, 1.88099356682e-21, 2.40816994797e-21],
        "stdev": [0.00600998383015, 0.142055496573, 0.0279709342867, 0.0107716489583, 0.00433570193127, 0.000799815636128, 0.000419794174377, 0.000724785670172, 0.000462080875877, 0.000491288199555, 0.000482676550746, 0.000195300046471, 0.000153035813128, 0.000216459913645, 0.000146123056766, 0.000116928189527, 0.000139390365803, 0.000168852406205, 0.000206759839784, 0.000230017307331, 0.000296666490613, 0.000405889732065, 0.000559178646654, 0.000534900231287, 0.000404198333854, 9.10425223992e-05, 5.2448367569e-06],
        "var": [3.61199054169e-05, 0.0201797634363, 0.000782373128459, 0.000116028430057, 1.87983096112e-05, 6.39705092453e-07, 1.76227160864e-07, 5.25314305833e-07, 2.13518745795e-07, 2.4136409138e-07, 2.32976645975e-07, 3.81421081386e-08, 2.34199610816e-08, 4.68548932986e-08, 2.13519495418e-08, 1.3672201149e-08, 1.94296756462e-08, 2.85111365628e-08, 4.27496331667e-08, 5.29079606792e-08, 8.80110064827e-08, 1.64746467135e-07, 3.12680782599e-07, 2.8611825087e-07, 1.63376284945e-07, 8.28874036074e-09, 2.75083116008e-11]
    },
    "erbbands": {
        "dmean": [2.4069480896, 14.6374893188, 15.2751455307, 14.5332584381, 10.0009889603, 5.05853557587, 3.9256541729, 3.86635732651, 3.05216264725, 7.12924861908, 4.24734735489, 5.45394659042, 9.51586151123, 5.16497516632, 8.35944652557, 3.20185256004, 2.3404302597, 5.61507177353, 3.49634027481, 2.64401698112, 2.46880292892, 3.14661288261, 3.24290394783, 4.03403139114, 4.38902664185, 5.17426872253, 5.39001274109, 5.17971134186, 6.29563713074, 7.41391134262, 8.62588405609, 4.93057012558, 3.73261141777, 2.85831522942, 0.917007625103, 0.254347801208, 0.0611969530582, 0.00851994287223, 0.000198101522983, 7.73325591581e-05],
        "dmean2": [3.61457204819, 23.4608745575, 25.9226760864, 27.3584518433, 18.8509101868, 9.24629020691, 6.97641944885, 6.19981575012, 4.97174167633, 11.3340330124, 6.72341537476, 7.93375968933, 14.1465826035, 7.82524299622, 11.8431186676, 5.36655521393, 3.86614775658, 8.68368911743, 5.56778526306, 4.16603136063, 4.01804161072, 4.8948597908, 5.16230678558, 6.17223024368, 6.79973459244, 7.92740249634, 8.26097679138, 7.34008073807, 8.76049613953, 10.0862474442, 11.5816049576, 6.80645608902, 4.92590045929, 3.75849890709, 1.28427529335, 0.341348588467, 0.0856649801135, 0.0120598357171, 0.000271477096248, 0.000109739936306],
        "dvar": [9.49216747284, 628.016479492, 1738.59631348, 2180.91210938, 1012.6607666, 214.316619873, 86.3943328857, 44.7186737061, 42.014755249, 169.339126587, 59.9248809814, 102.386421204, 177.003097534, 77.4279327393, 164.991287231, 48.2361755371, 32.3351135254, 71.2960205078, 45.4780006409, 30.9630336761, 22.6210098267, 37.4343833923, 52.916179657, 50.758556366, 76.9545135498, 58.2185249329, 89.4408416748, 52.9881286621, 65.6941604614, 93.1297302246, 137.996109009, 43.9195022583, 27.7014217377, 16.0901279449, 1.95224702358, 0.112697347999, 0.00683339172974, 0.000123174104374, 6.09568431287e-08, 8.64689386759e-09],
        "dvar2": [15.6531515121, 1380.0045166, 4492.72900391, 6258.23876953, 2932.80419922, 609.71862793, 244.396606445, 121.361907959, 110.963783264, 447.925415039, 153.048370361, 183.580123901, 364.473937988, 170.301193237, 300.730407715, 127.899009705, 82.9499664307, 154.432296753, 111.899452209, 81.9364089966, 57.4334526062, 101.955551147, 141.105316162, 124.588905334, 208.427719116, 144.719345093, 233.957260132, 113.451911926, 127.927444458, 187.025024414, 242.953033447, 78.7152099609, 50.3007583618, 28.5849533081, 3.85287570953, 0.204820439219, 0.0127382045612, 0.000246694631642, 1.23176079114e-07, 1.30699016054e-08],
        "max": [24.7486572266, 160.716003418, 277.36730957, 291.39251709, 215.381469727, 135.434417725, 98.5073318481, 62.6370887756, 53.6230278015, 126.91255188, 79.9095535278, 93.0616836548, 113.1485672, 128.847259521, 137.521179199, 95.2703857422, 70.69947052, 65.5741653442, 67.3618774414, 85.6153564453, 61.343952179, 79.9394989014, 108.467979431, 93.3885345459, 156.630966187, 107.184738159, 171.281402588, 92.6537704468, 90.6297683716, 131.880691528, 147.193328857, 67.1315994263, 64.1179046631, 41.2075843811, 21.66040802, 3.88112235069, 0.908332407475, 0.094662733376, 0.00228183437139, 0.000777682173066],
        "mean": [4.42952156067, 18.6512584686, 12.1677074432, 9.07221794128, 8.4472694397, 4.29417705536, 3.52299976349, 4.79010820389, 3.69672870636, 9.6398973465, 5.71162033081, 7.06175756454, 14.3154039383, 7.75493335724, 12.8138875961, 4.20390415192, 3.31510043144, 8.14307022095, 4.83826065063, 3.79849767685, 3.86605000496, 4.90687656403, 5.01629209518, 6.73830795288, 7.37607717514, 8.84748840332, 8.95525550842, 9.2085313797, 11.2801570892, 13.0768508911, 15.0529165268, 8.98557567596, 6.48695611954, 4.76995182037, 1.56242215633, 0.433105975389, 0.104732453823, 0.0139422556385, 0.000371730769984, 0.00015952589456],
        "median": [1.98825454712, 8.20547962189, 2.15969443321, 0.730955123901, 3.05528521538, 1.67188358307, 1.45822918415, 2.42888474464, 1.2731243372, 4.47205543518, 2.52871513367, 2.30472230911, 7.3387503624, 3.58675265312, 5.23277378082, 1.62875711918, 1.07586419582, 3.87120723724, 2.20089864731, 1.65848517418, 1.85187447071, 2.66957998276, 2.51557469368, 3.50148558617, 3.94658780098, 5.06962251663, 5.00745391846, 5.77012014389, 6.9723072052, 8.07933807373, 8.44776344299, 5.08683824539, 3.57357645035, 2.399487257, 0.813559651375, 0.223985433578, 0.056789137423, 0.0084010893479, 0.000258456566371, 9.4128845376e-05],
        "min": [8.17421355548e-22, 2.84116507132e-21, 1.03294316317e-20, 2.77139141729e-20, 8.44994916397e-20, 2.69232115792e-19, 1.28170692412e-19, 5.4805776893e-19, 1.28927616956e-18, 6.70386511191e-19, 7.02770063486e-19, 1.39700682837e-18, 1.75628683378e-18, 1.1569809349e-18, 1.13499333684e-18, 2.1507864319e-18, 6.89739549335e-18, 3.84073151939e-18, 7.03803067314e-18, 1.12846427619e-17, 1.04745723803e-17, 7.2749385093e-18, 7.53003935585e-18, 7.91122568881e-18, 9.92791518327e-18, 1.33889877587e-17, 1.58693111593e-17, 1.50569221905e-17, 2.69632027633e-17, 2.28534055206e-17, 1.48354412727e-17, 1.97669150681e-17, 1.51317754185e-17, 8.49968197658e-18, 1.04363624263e-17, 6.39287983978e-18, 3.84573968441e-18, 1.29708061864e-18, 3.28389901852e-19, 3.67010796631e-20],
        "stdev": [5.4146437645, 29.6291465759, 36.2987327576, 35.2490577698, 24.0328884125, 11.2916669846, 7.4116230011, 6.72105550766, 6.41755867004, 13.9396696091, 8.50897216797, 13.1307563782, 17.9056243896, 12.0451583862, 18.271194458, 8.00135707855, 6.84463691711, 10.8444671631, 7.63617897034, 6.67979049683, 6.45403814316, 7.55230808258, 8.87041568756, 9.78829956055, 11.3539247513, 11.3110694885, 12.2346057892, 11.0883207321, 12.8832645416, 15.2755880356, 17.5418205261, 11.3252382278, 8.84549427032, 6.1112537384, 2.20209336281, 0.593094110489, 0.137372091413, 0.016372570768, 0.000372892798623, 0.000169722683495],
        "var": [29.3183670044, 877.886291504, 1317.59790039, 1242.49609375, 577.579711914, 127.501739502, 54.9321556091, 45.1725883484, 41.1850585938, 194.314376831, 72.4026031494, 172.416763306, 320.611358643, 145.085830688, 333.836517334, 64.0217208862, 46.8490562439, 117.602478027, 58.3112297058, 44.6195983887, 41.6546096802, 57.0373573303, 78.6842803955, 95.8108139038, 128.911605835, 127.940299988, 149.685577393, 122.95085144, 165.978515625, 233.343582153, 307.715454102, 128.261016846, 78.242767334, 37.3474197388, 4.84921503067, 0.351760655642, 0.0188710913062, 0.000268061063252, 1.39049035397e-07, 2.88057897535e-08]
    },
    "gfcc": {
        "mean": [4.12052822113, 52.7444419861, -64.8766555786, 60.0149040222, -59.4875488281, 44.3520011902, -20.2366046906, 26.4960231781, -12.4372692108, 11.4740409851, -8.62877845764, 7.48167324066, -4.36656332016],
        "cov": [[8870.96484375, -165.541290283, -228.017562866, 147.021896362, -227.27041626, 244.511886597, -96.4532546997, 212.54045105, -186.396087646, 50.7332344055, -149.119308472, 34.7264251709, -65.4808120728], [-165.541290283, 454.587524414, 350.001190186, 141.960906982, 89.3645553589, -77.5216903687, -2.7216091156, -99.2147979736, 8.73517227173, -65.0039520264, 21.8142280579, -79.7726516724, -14.2684211731], [-228.017562866, 350.001190186, 559.376831055, 196.882843018, 171.619338989, -13.0521364212, 54.1111106873, -56.1660881042, 59.4347305298, -49.5167770386, 26.8702659607, -79.5724639893, -9.64735412598], [147.021896362, 141.960906982, 196.882843018, 215.87487793, 150.8306427, 12.7030239105, 28.4976863861, -30.5623931885, 8.74144363403, -29.3388023376, 20.2703113556, -41.715297699, -9.07365322113], [-227.27041626, 89.3645553589, 171.619338989, 150.8306427, 277.137329102, 92.2838668823, 93.4797286987, -7.47693538666, 34.1145858765, -23.0066051483, 33.94298172, -31.7633152008, 10.4288749695], [244.511886597, -77.5216903687, -13.0521364212, 12.7030239105, 92.2838668823, 141.797576904, 80.4134902954, 48.5649833679, 24.6206703186, 0.74149286747, 5.51280021667, 9.29142189026, 17.699005127], [-96.4532546997, -2.7216091156, 54.1111106873, 28.4976863861, 93.4797286987, 80.4134902954, 135.011245728, 68.7791595459, 65.2915420532, 7.51475191116, 23.8249187469, -5.41073179245, 20.7099094391], [212.54045105, -99.2147979736, -56.1660881042, -30.5623931885, -7.47693538666, 48.5649833679, 68.7791595459, 105.865142822, 54.893611908, 37.4236526489, 11.5562620163, 24.3332576752, 12.6790494919], [-186.396087646, 8.73517227173, 59.4347305298, 8.74144363403, 34.1145858765, 24.6206703186, 65.2915420532, 54.893611908, 102.276481628, 42.9475517273, 38.2825775146, 7.73847436905, 17.2538890839], [50.7332344055, -65.0039520264, -49.5167770386, -29.3388023376, -23.0066051483, 0.74149286747, 7.51475191116, 37.4236526489, 42.9475517273, 73.9440994263, 35.381816864, 26.5149288177, 11.417383194], [-149.119308472, 21.8142280579, 26.8702659607, 20.2703113556, 33.94298172, 5.51280021667, 23.8249187469, 11.5562620163, 38.2825775146, 35.381816864, 69.9276046753, 26.0126094818, 21.3386154175], [34.7264251709, -79.7726516724, -79.5724639893, -41.715297699, -31.7633152008, 9.29142189026, -5.41073179245, 24.3332576752, 7.73847436905, 26.5149288177, 26.0126094818, 66.9424514771, 30.7296276093], [-65.4808120728, -14.2684211731, -9.64735412598, -9.07365322113, 10.4288749695, 17.699005127, 20.7099094391, 12.6790494919, 17.2538890839, 11.417383194, 21.3386154175, 30.7296276093, 47.9378166199]],
        "icov": [[0.00023093445634, -0.000488355930429, 2.11642272916e-05, -0.000667059677653, 0.000491948798299, -0.0010461959755, 0.000575315498281, -0.00115881673992, 0.000996680464596, -0.000961840094533, 0.000680348544847, -0.000315781420795, 0.000155212983373], [-0.000488355930429, 0.00806550402194, -0.00263962661847, 0.00101644126698, -0.000378525670385, 0.00513809360564, -0.00200609443709, 0.00546067114919, -0.00344360084273, 0.00664370739833, -0.00613701343536, 0.00543154776096, -0.00209046760574], [2.11642272916e-05, -0.00263962661847, 0.00480585265905, -0.0018826702144, -0.00052596826572, -0.000287045259029, -4.22615230491e-05, 0.000752417196054, -0.00323806260712, 0.000869210634846, 0.000824770657346, 0.000542878231499, 0.000137005336001], [-0.000667059677653, 0.00101644126698, -0.0018826702144, 0.0120991384611, -0.00633958168328, 0.00409583887085, 0.000364216568414, 0.00117220648099, -0.00117721513379, 0.00402496289462, -0.00472740456462, 0.00314834434539, 0.00025338868727], [0.000491948798299, -0.000378525670385, -0.00052596826572, -0.00633958168328, 0.0115663297474, -0.00723683228716, -0.00347068440169, 0.00251147849485, 0.00159750052262, -0.00125557684805, -0.00169297470711, 0.00092980149202, 0.000125908627524], [-0.0010461959755, 0.00513809360564, -0.000287045259029, 0.00409583887085, -0.00723683228716, 0.0205043070018, -0.00861000362784, 0.00343801220879, -0.00306343706325, 0.00610140012577, -0.00145322305616, 0.00014801119687, -0.00216644862667], [0.000575315498281, -0.00200609443709, -4.22615230491e-05, 0.000364216568414, -0.00347068440169, -0.00861000362784, 0.0286186952144, -0.018537690863, -0.00410029757768, 0.00573736522347, -0.00450683571398, 0.00931468047202, -0.00713315140456], [-0.00115881673992, 0.00546067114919, 0.000752417196054, 0.00117220648099, 0.00251147849485, 0.00343801220879, -0.018537690863, 0.0361814089119, -0.0132988709956, -0.00114423106425, 0.00281825452112, -0.00665150210261, 0.00510742049664], [0.000996680464596, -0.00344360084273, -0.00323806260712, -0.00117721513379, 0.00159750052262, -0.00306343706325, -0.00410029757768, -0.0132988709956, 0.0311907213181, -0.0164009835571, -0.000531025929376, 0.000412037130445, -0.00181346421596], [-0.000961840094533, 0.00664370739833, 0.000869210634846, 0.00402496289462, -0.00125557684805, 0.00610140012577, 0.00573736522347, -0.00114423106425, -0.0164009835571, 0.0387361012399, -0.0198627114296, 0.00610052002594, -0.00094696204178], [0.000680348544847, -0.00613701343536, 0.000824770657346, -0.00472740456462, -0.00169297470711, -0.00145322305616, -0.00450683571398, 0.00281825452112, -0.000531025929376, -0.0198627114296, 0.0378434620798, -0.0186267588288, 0.000497202621773], [-0.000315781420795, 0.00543154776096, 0.000542878231499, 0.00314834434539, 0.00092980149202, 0.00014801119687, 0.00931468047202, -0.00665150210261, 0.000412037130445, 0.00610052002594, -0.0186267588288, 0.0421769469976, -0.0209779143333], [0.000155212983373, -0.00209046760574, 0.000137005336001, 0.00025338868727, 0.000125908627524, -0.00216644862667, -0.00713315140456, 0.00510742049664, -0.00181346421596, -0.00094696204178, 0.000497202621773, -0.0209779143333, 0.0371333621442]]
    },
    "melbands": {
        "dmean": [0.0194490235299, 0.0105826510116, 0.00233211205341, 0.000500823894981, 0.000154141744133, 8.79672588781e-05, 4.57012938568e-05, 8.19520573714e-05, 3.32865893142e-05, 3.18499514833e-05, 4.69089864055e-05, 1.9923227228e-05, 3.05598659907e-05, 1.12362449727e-05, 7.04351577951e-06, 4.99937914356e-06, 1.19858104881e-05, 6.0239171944e-06, 3.9377991925e-06, 3.24863754031e-06, 3.21292804983e-06, 3.53005657416e-06, 3.24314737554e-06, 3.21469860864e-06, 3.43440342476e-06, 3.15171860166e-06, 3.73387592845e-06, 3.40426481671e-06, 3.06700030706e-06, 3.69559256796e-06, 3.1755209875e-06, 3.65495270671e-06, 4.56165025753e-06, 4.05393939218e-06, 6.35880678601e-06, 3.89219076169e-06, 2.62640901383e-06, 2.40482768277e-06, 2.92310483019e-06, 2.465233365e-06],
        "dmean2": [0.0306125488132, 0.0165501125157, 0.00436476105824, 0.000931073212996, 0.000276975741144, 0.000140473319334, 7.51684347051e-05, 0.000129551117425, 5.18424239999e-05, 4.64695476694e-05, 6.99712181813e-05, 3.07732843794e-05, 4.27683989983e-05, 1.8064836695e-05, 1.2320913811e-05, 8.10286201158e-06, 1.85618428077e-05, 9.69088068814e-06, 6.31030479781e-06, 5.21495030625e-06, 5.32039803147e-06, 5.57116845812e-06, 5.12764881933e-06, 5.14572775501e-06, 5.24431152371e-06, 4.86594899485e-06, 5.94883158556e-06, 5.1883002925e-06, 4.78171114082e-06, 5.54172265765e-06, 4.51183541372e-06, 5.36210700375e-06, 6.59019951854e-06, 5.60335047339e-06, 8.57751183503e-06, 5.60370017411e-06, 3.70608495359e-06, 3.28611304212e-06, 4.01629540647e-06, 3.25696942127e-06],
        "dvar": [0.000724158249795, 0.000447296362836, 5.42815068911e-05, 2.32578099713e-06, 1.605280886e-07, 2.29013199515e-08, 9.59207469009e-09, 2.26295782113e-08, 3.19727422315e-09, 3.20885606975e-09, 4.31785673882e-09, 1.3270284871e-09, 2.41527087219e-09, 4.47783032875e-10, 3.66264657492e-10, 1.07930657467e-10, 3.455053188e-10, 1.14503712068e-10, 7.50782214176e-11, 5.80856716892e-11, 3.80453238358e-11, 4.5163889989e-11, 5.14511697136e-11, 4.74776711001e-11, 3.66407078289e-11, 3.93381889563e-11, 3.82087139705e-11, 2.87564885099e-11, 3.05561548286e-11, 3.67302611937e-11, 2.16414438453e-11, 2.64821151119e-11, 4.04215896865e-11, 3.31501423534e-11, 8.69647132085e-11, 2.55477201894e-11, 1.53835295197e-11, 1.59951756701e-11, 1.36849212518e-11, 1.38255041096e-11],
        "dvar2": [0.00127261597663, 0.00099976034835, 0.000154826630023, 6.68147185934e-06, 4.57256589925e-07, 6.14252257947e-08, 2.57957317729e-08, 5.87667763341e-08, 7.65680319148e-09, 5.84550630123e-09, 8.99324881232e-09, 2.91996871127e-09, 4.17212886461e-09, 1.04099284748e-09, 1.04779152021e-09, 2.60093169224e-10, 7.54956486215e-10, 2.84479523271e-10, 1.97752175746e-10, 1.6253674795e-10, 9.971930226e-11, 1.25077795343e-10, 1.39826622503e-10, 1.2699374885e-10, 9.03731187107e-11, 1.06128932031e-10, 1.03514169458e-10, 7.26110213622e-11, 8.29110460843e-11, 8.83391138018e-11, 4.92109165917e-11, 5.36457406275e-11, 8.62720658801e-11, 6.70828947946e-11, 1.57697105374e-10, 4.81434787869e-11, 2.9788473771e-11, 3.02533484375e-11, 2.7158679819e-11, 2.51254642092e-11],
        "max": [0.199889719486, 0.134800434113, 0.0450038425624, 0.0109436623752, 0.00462473090738, 0.00137584458571, 0.000796874286607, 0.00146399764344, 0.000503553892486, 0.000516551779583, 0.000565288064536, 0.000554290192667, 0.000658752338495, 0.000222528062295, 0.000237566593569, 0.000122061013826, 0.000150447463966, 0.000107147585368, 0.000115444869152, 9.1662252089e-05, 8.87584246811e-05, 9.08666916075e-05, 7.84473741078e-05, 0.000121372686408, 8.2507620391e-05, 9.60922479862e-05, 9.94594156509e-05, 8.42165900394e-05, 8.98104190128e-05, 8.9734850917e-05, 5.87746399106e-05, 5.20986104675e-05, 7.56302033551e-05, 7.09770029061e-05, 0.000130553133204, 5.66626622458e-05, 4.27983904956e-05, 5.09840465384e-05, 3.73844886781e-05, 4.22922239522e-05],
        "mean": [0.0341045968235, 0.0118482075632, 0.0015346230939, 0.000446969468612, 0.00013117826893, 0.000110950699309, 5.40321270819e-05, 0.000112084562716, 4.41626543761e-05, 4.14708192693e-05, 7.02255128999e-05, 2.82716100628e-05, 4.67501668027e-05, 1.55890102178e-05, 7.99368081061e-06, 6.83061989548e-06, 1.68993374245e-05, 8.1203343143e-06, 5.17160924574e-06, 4.58554814031e-06, 4.73587033412e-06, 5.29451426701e-06, 4.62888829134e-06, 4.81219649373e-06, 5.46509318156e-06, 5.04599574924e-06, 6.09340122537e-06, 5.60967600904e-06, 4.98050121678e-06, 5.97307825956e-06, 5.31725254405e-06, 6.25644224783e-06, 7.61349792811e-06, 6.90579963702e-06, 1.02593776319e-05, 6.55638086755e-06, 4.6723248488e-06, 4.05133368986e-06, 4.83733265355e-06, 3.87523414247e-06],
        "median": [0.0151112992316, 0.00426894938573, 0.000255190680036, 0.000182722826139, 4.96715474583e-05, 5.59094441996e-05, 1.95066877495e-05, 4.99266971019e-05, 1.8684362658e-05, 1.4119917978e-05, 3.62509745173e-05, 1.09216935016e-05, 1.96648888959e-05, 4.56190218756e-06, 2.10942675949e-06, 1.93336404664e-06, 7.26734197087e-06, 3.79097900804e-06, 1.91116828319e-06, 1.7766660676e-06, 2.28571298067e-06, 2.96823964163e-06, 2.05277069654e-06, 2.50760535891e-06, 2.74221679319e-06, 2.58320255853e-06, 3.32964896188e-06, 3.0161520499e-06, 2.73071827905e-06, 3.21154129779e-06, 3.15587180921e-06, 3.73339912585e-06, 4.25832104156e-06, 3.98410566049e-06, 5.07223467139e-06, 3.76265870727e-06, 2.39659925683e-06, 1.96115161089e-06, 2.72454940387e-06, 1.71503052115e-06],
        "min": [6.24899321514e-24, 5.26037458492e-24, 5.62942028246e-24, 1.4134042927e-23, 6.40586175602e-24, 1.14836887999e-23, 1.85016454816e-23, 6.93335608283e-24, 5.02954836203e-24, 1.08539435058e-23, 8.66266146052e-24, 4.35858705783e-24, 3.8134735227e-24, 4.46367595218e-24, 9.50315725629e-24, 1.56525765037e-23, 5.46899200675e-24, 1.07404737532e-23, 1.38428159911e-23, 1.29324752397e-23, 1.30955872202e-23, 7.35538325649e-24, 7.54413794959e-24, 7.35242029493e-24, 6.42834508068e-24, 5.28744237473e-24, 9.25758170105e-24, 8.60237986558e-24, 9.45232148184e-24, 9.52601371216e-24, 8.37814142011e-24, 1.70428097428e-23, 1.15072694301e-23, 1.34173927713e-23, 9.07814108866e-24, 7.84106203887e-24, 1.33517563885e-23, 1.27658496727e-23, 6.22157556552e-24, 6.90507384166e-24],
        "stdev": [0.0427047163248, 0.022963706404, 0.00560897262767, 0.00116429850459, 0.0003126138472, 0.000155253961566, 9.35472271522e-05, 0.000168225902598, 6.50726724416e-05, 7.3644449003e-05, 8.78690916579e-05, 4.94814048579e-05, 7.18155206414e-05, 2.69832271442e-05, 1.94275362446e-05, 1.34726451506e-05, 2.35706465901e-05, 1.19718906717e-05, 9.8993523352e-06, 8.78047649167e-06, 7.80023674452e-06, 7.9109086073e-06, 8.58188195707e-06, 8.11544305179e-06, 8.11256450106e-06, 8.07904689282e-06, 8.31328725326e-06, 7.54701159167e-06, 7.12560404281e-06, 7.98832934379e-06, 6.65060770189e-06, 7.3004503065e-06, 9.58493546932e-06, 8.58658768266e-06, 1.31305578179e-05, 7.90954982222e-06, 6.5861549956e-06, 6.41798987999e-06, 5.74147861698e-06, 5.40196560905e-06],
