{
"metadata": {
    "version": {
        "essentia": "2.1-beta6-dev",
        "essentia_git_sha": "v2.1_beta5-778-gc9eadba6",
        "extractor": "music 2.0"
    },
    "audio_properties": {
        "analysis": {
            "equal_loudness": 0,
            "length": 19.9999771118,
            "sample_rate": 44100,
            "start_time": 0,
            "downmix": "mix"
        },
        "bit_rate": 128000,
        "length": 20,
        "lossless": 0,
        "number_channels": 2,
        "replay_gain": -10.7705936432,
        "sample_rate": 48000,
        "codec": "mp3",
        "md5_encoded": "2bc440cf44cda669792d7a6784574e44"
    },
    "tags": {
        "file_name": "sapnajahan-nigam,mohan.mp3",
        "encoding": ["Lavf59.16.100"]
    }
},
"lowlevel": {
    "average_loudness": 0.954140424728,
    "barkbands_crest": {
        "dmean": 2.09824371338,
        "dmean2": 3.37552285194,
        "dvar": 4.23189353943,
        "dvar2": 10.6749773026,
        "max": 25.2882537842,
        "mean": 10.6586456299,
        "median": 9.98164176941,
        "min": 3.86960506439,
        "stdev": 3.87366175652,
        "var": 15.0052547455
    },
    "barkbands_flatness_db": {
        "dmean": 0.0170923881233,
        "dmean2": 0.0276343263686,
        "dvar": 0.000298897793982,
        "dvar2": 0.000705337908585,
        "max": 0.414959400892,
        "mean": 0.315409094095,
        "median": 0.32324680686,
        "min": 0.0607738979161,
        "stdev": 0.0437360219657,
        "var": 0.00191283971071
    },
    "barkbands_kurtosis": {
        "dmean": 2.37776875496,
        "dmean2": 4.01642847061,
        "dvar": 83.9036636353,
        "dvar2": 271.131988525,
        "max": 159.822341919,
        "mean": 3.65245771408,
        "median": 1.69713497162,
        "min": -1.8785327673,
        "stdev": 10.8762207031,
        "var": 118.292167664
    },
    "barkbands_skewness": {
        "dmean": 0.421746224165,
        "dmean2": 0.666401386261,
        "dvar": 0.41776239872,
        "dvar2": 1.12476146221,
        "max": 12.2583427429,
        "mean": 1.34818232059,
        "median": 1.28949344158,
        "min": -2.86213326454,
        "stdev": 1.26373827457,
        "var": 1.59703457355
    },
    "barkbands_spread": {
        "dmean": 1.75565743446,
        "dmean2": 2.77792549133,
        "dvar": 9.92386341095,
        "dvar2": 26.1561985016,
        "max": 67.3274536133,
        "mean": 9.45851612091,
        "median": 8.49555683136,
        "min": 0.657340764999,
        "stdev": 5.56485414505,
        "var": 30.9676017761
    },
    "dissonance": {
        "dmean": 0.0325581990182,
        "dmean2": 0.0553678497672,
        "dvar": 0.00135644013062,
        "dvar2": 0.00377854402177,
        "max": 0.499598562717,
        "mean": 0.407491624355,
        "median": 0.417475044727,
        "min": 0.16004280746,
        "stdev": 0.0594836696982,
        "var": 0.00353830680251
    },
    "dynamic_complexity": 2.63075375557,
    "erbbands_crest": {
        "dmean": 2.03685355186,
        "dmean2": 3.265147686,
        "dvar": 6.64407110214,
        "dvar2": 15.2308626175,
        "max": 31.9963130951,
        "mean": 11.9547462463,
        "median": 10.5958499908,
        "min": 2.41401100159,
        "stdev": 5.67900514603,
        "var": 32.2510986328
    },
    "erbbands_flatness_db": {
        "dmean": 0.0122349457815,
        "dmean2": 0.0189923457801,
        "dvar": 0.000242067413637,
        "dvar2": 0.000527593423612,
        "max": 0.462094992399,
        "mean": 0.319168150425,
        "median": 0.320436090231,
        "min": 0.0644408389926,
        "stdev": 0.0557021945715,
        "var": 0.00310273445211
    },
    "erbbands_kurtosis": {
        "dmean": 1.10336053371,
        "dmean2": 1.64174056053,
        "dvar": 8.58795547485,
        "dvar2": 16.7115516663,
        "max": 59.145149231,
        "mean": 0.936604619026,
        "median": -0.463402271271,
        "min": -1.67048823833,
        "stdev": 4.99969768524,
        "var": 24.9969787598
    },
    "erbbands_skewness": {
        "dmean": 0.289370924234,
        "dmean2": 0.433218151331,
        "dvar": 0.152100935578,
        "dvar2": 0.301629543304,
        "max": 3.70603966713,
        "mean": -0.148318722844,
        "median": -0.135427236557,
        "min": -6.22848367691,
        "stdev": 1.10486245155,
        "var": 1.2207211256
    },
    "erbbands_spread": {
        "dmean": 3.17330813408,
        "dmean2": 4.94544744492,
        "dvar": 35.0501327515,
        "dvar2": 80.7225723267,
        "max": 134.792663574,
        "mean": 20.9379138947,
        "median": 18.5505867004,
        "min": 1.40442681313,
        "stdev": 16.6510772705,
        "var": 277.258392334
    },
    "hfc": {
        "dmean": 3.93888688087,
        "dmean2": 5.89597177505,
        "dvar": 69.2957305908,
        "dvar2": 153.881057739,
        "max": 125.19140625,
        "mean": 17.8414402008,
        "median": 16.1077804565,
        "min": 1.16650902571e-16,
        "stdev": 11.9831504822,
        "var": 143.595901489
    },
    "loudness_ebu128": {
        "integrated": -11.421169281,
        "loudness_range": 1.81479930878,
        "momentary": {
            "dmean": 0.57937669754,
            "dmean2": 0.608830213547,
            "dvar": 3.10812807083,
            "dvar2": 3.0480017662,
            "max": -8.31468009949,
            "mean": -12.5468168259,
            "median": -11.5129184723,
            "min": -53.3047027588,
            "stdev": 5.64861154556,
            "var": 31.9068126678
        },
        "short_term": {
            "dmean": 0.0756257027388,
            "dmean2": 0.0531155392528,
            "dvar": 0.00319520547055,
            "dvar2": 0.00367379537784,
            "max": -10.3858966827,
            "mean": -11.3810844421,
            "median": -11.2637634277,
            "min": -12.784526825,
            "stdev": 0.651904404163,
            "var": 0.424979329109
        }
    },
    "melbands_crest": {
        "dmean": 2.5824341774,
        "dmean2": 4.22746181488,
        "dvar": 6.71605300903,
        "dvar2": 19.4156169891,
        "max": 30.3857879639,
        "mean": 15.4013662338,
        "median": 14.942899704,
        "min": 1.8762178421,
        "stdev": 5.1693315506,
        "var": 26.721988678
    },
    "melbands_flatness_db": {
        "dmean": 0.0192595627159,
        "dmean2": 0.0304095633328,
        "dvar": 0.000453667249531,
        "dvar2": 0.000993019668385,
        "max": 0.513503074646,
        "mean": 0.423012316227,
        "median": 0.432230770588,
        "min": 0.00327977794223,
        "stdev": 0.0547184981406,
        "var": 0.00299411406741
    },
    "melbands_kurtosis": {
        "dmean": 6.42950963974,
        "dmean2": 11.1299200058,
        "dvar": 1071.97143555,
        "dvar2": 3406.33105469,
        "max": 562.735961914,
        "mean": 11.4388523102,
        "median": 4.52355575562,
        "min": -1.91596615314,
        "stdev": 42.4562530518,
        "var": 1802.5333252
    },
    "melbands_skewness": {
        "dmean": 0.513954222202,
        "dmean2": 0.813381433487,
        "dvar": 0.833704054356,
        "dvar2": 2.20923781395,
        "max": 19.2387866974,
        "mean": 2.15805649757,
        "median": 1.85481512547,
        "min": -1.72399878502,
        "stdev": 2.04959082603,
        "var": 4.2008228302
    },
    "melbands_spread": {
        "dmean": 2.45913767815,
        "dmean2": 3.64249300957,
        "dvar": 21.5587158203,
        "dvar2": 34.9973220825,
        "max": 135.453109741,
        "mean": 12.1160326004,
        "median": 9.78197860718,
        "min": 0.907441556454,
        "stdev": 9.96180725098,
        "var": 99.2375946045
    },
    "pitch_salience": {
        "dmean": 0.0575686953962,
        "dmean2": 0.09413215518,
        "dvar": 0.00357944821008,
        "dvar2": 0.00946407020092,
        "max": 0.953055858612,
        "mean": 0.49421620369,
        "median": 0.501565515995,
        "min": 0.123230874538,
        "stdev": 0.104415789247,
        "var": 0.0109026571736
    },
    "silence_rate_20dB": {
        "dmean": 0,
        "dmean2": 0,
        "dvar": 0,
        "dvar2": 0,
        "max": 1,
        "mean": 1,
        "median": 1,
        "min": 1,
        "stdev": 0,
        "var": 0
    },
    "silence_rate_30dB": {
        "dmean": 0.0162412989885,
        "dmean2": 0.0325203239918,
        "dvar": 0.0159775931388,
        "dvar2": 0.0407538674772,
        "max": 1,
        "mean": 0.974507510662,
        "median": 1,
        "min": 0,
        "stdev": 0.157615661621,
        "var": 0.024842698127
    },
    "silence_rate_60dB": {
        "dmean": 0.00232018553652,
        "dmean2": 0.00464576063678,
        "dvar": 0.00231478433125,
        "dvar2": 0.00462417304516,
        "max": 1,
        "mean": 0.0521436855197,
        "median": 0,
        "min": 0,
        "stdev": 0.22231861949,
        "var": 0.0494255684316
    },
    "spectral_centroid": {
        "dmean": 81.7123184204,
        "dmean2": 118.043571472,
        "dvar": 80899.109375,
        "dvar2": 97758.6328125,
        "max": 11162.7568359,
        "mean": 589.107421875,
        "median": 491.674530029,
        "min": 229.874176025,
        "stdev": 489.289154053,
        "var": 239403.890625
    },
    "spectral_complexity": {
        "dmean": 1.50116014481,
        "dmean2": 2.50871086121,
        "dvar": 2.13632512093,
        "dvar2": 4.97930955887,
        "max": 26,
        "mean": 14.0961761475,
        "median": 15,
        "min": 0,
        "stdev": 5.07043170929,
        "var": 25.709280014
    },
    "spectral_decrease": {
        "dmean": 2.43796005606e-09,
        "dmean2": 3.81931242188e-09,
        "dvar": 9.07116699972e-18,
        "dvar2": 2.08064759573e-17,
        "max": -1.03755696116e-28,
        "mean": -1.16113909598e-08,
        "median": -1.05782929083e-08,
        "min": -4.66863667725e-08,
        "stdev": 6.54636522768e-09,
        "var": 4.28548974299e-17
    },
    "spectral_energy": {
        "dmean": 0.00950910337269,
        "dmean2": 0.0148632666096,
        "dvar": 0.000139180323458,
        "dvar2": 0.00031907230732,
        "max": 0.17940543592,
        "mean": 0.0454421900213,
        "median": 0.04147124663,
        "min": 1.09721735859e-20,
        "stdev": 0.0252930205315,
        "var": 0.000639736885205
    },
    "spectral_energyband_high": {
        "dmean": 1.02442902516e-06,
        "dmean2": 1.54896827098e-06,
        "dvar": 1.11619585103e-11,
        "dvar2": 2.12064445865e-11,
        "max": 7.25282952772e-05,
        "mean": 1.89742058865e-06,
        "median": 6.69526059482e-07,
        "min": 7.5655837139e-21,
        "stdev": 5.41557665201e-06,
        "var": 2.9328470208e-11
    },
    "spectral_energyband_low": {
        "dmean": 0.00701733585447,
        "dmean2": 0.0111072380096,
        "dvar": 9.43850754993e-05,
        "dvar2": 0.000246731156949,
        "max": 0.143725693226,
        "mean": 0.0198120046407,
        "median": 0.012397849001,
        "min": 3.96378812829e-23,
        "stdev": 0.0210559107363,
        "var": 0.000443351338618
    },
    "spectral_energyband_middle_high": {
        "dmean": 0.00239979452454,
        "dmean2": 0.00359706627205,
        "dvar": 4.18121780967e-05,
        "dvar2": 9.65592917055e-05,
        "max": 0.10051433742,
        "mean": 0.00713334837928,
        "median": 0.0051303235814,
        "min": 1.80459426879e-21,
        "stdev": 0.00885119661689,
        "var": 7.83436771599e-05
    },
    "spectral_energyband_middle_low": {
        "dmean": 0.00464712036774,
        "dmean2": 0.00716236000881,
        "dvar": 4.96009452036e-05,
        "dvar2": 0.000106830979348,
        "max": 0.127275139093,
        "mean": 0.0228774473071,
        "median": 0.0211544763297,
        "min": 6.58456618764e-22,
        "stdev": 0.0152656575665,
        "var": 0.000233040293097
    },
    "spectral_entropy": {
        "dmean": 0.12306047231,
        "dmean2": 0.190479129553,
        "dvar": 0.0247628875077,
        "dvar2": 0.0510110445321,
        "max": 9.79893398285,
        "mean": 6.05095815659,
        "median": 6.0343003273,
        "min": 4.88330316544,
        "stdev": 0.503260314465,
        "var": 0.253270953894
    },
    "spectral_flux": {
        "dmean": 0.0241721216589,
        "dmean2": 0.0389384776354,
        "dvar": 0.000924365303945,
        "dvar2": 0.00222976901568,
        "max": 0.30169904232,
        "mean": 0.0648528188467,
        "median": 0.057179659605,
        "min": 1.04748140717e-10,
        "stdev": 0.0410364381969,
        "var": 0.0016839891905
    },
    "spectral_kurtosis": {
        "dmean": 23.9307003021,
        "dmean2": 42.1328926086,
        "dvar": 361.30065918,
        "dvar2": 1090.74645996,
        "max": 143.846054077,
        "mean": 66.0167312622,
        "median": 68.3414459229,
        "min": -1.20359432697,
        "stdev": 31.5113220215,
        "var": 992.963378906
    },
    "spectral_rms": {
        "dmean": 0.000659025157802,
        "dmean2": 0.00101754581556,
        "dvar": 5.19856769188e-07,
        "dvar2": 1.20619506561e-06,
        "max": 0.0132298786193,
        "mean": 0.00632228888571,
        "median": 0.00636079814285,
        "min": 3.2717823676e-12,
        "stdev": 0.00208866596222,
        "var": 4.36252503278e-06
    },
    "spectral_rolloff": {
        "dmean": 131.072570801,
        "dmean2": 219.008209229,
        "dvar": 234583.046875,
        "dvar2": 292521.65625,
        "max": 18863.0859375,
        "mean": 746.500061035,
        "median": 559.86328125,
        "min": 64.599609375,
        "stdev": 912.576416016,
        "var": 832795.75
    },
    "spectral_skewness": {
        "dmean": 1.40300321579,
        "dmean2": 2.49411010742,
        "dvar": 1.1661324501,
        "dvar2": 3.57152414322,
        "max": 9.81966400146,
        "mean": 5.41175508499,
        "median": 5.55162239075,
        "min": 0.00220573274419,
        "stdev": 1.9485758543,
        "var": 3.79694795609
    },
    "spectral_spread": {
        "dmean": 297154.4375,
        "dmean2": 477834.15625,
        "dvar": 1.44387919053e+12,
        "dvar2": 1.28292369203e+12,
        "max": 39612456,
        "mean": 1332183.625,
        "median": 1022725.375,
        "min": 563659.4375,
        "stdev": 1897630.5,
        "var": 3.60100161126e+12
    },
    "spectral_strongpeak": {
        "dmean": 0.51954048872,
        "dmean2": 0.843821465969,
        "dvar": 1.4984716177,
        "dvar2": 2.88512969017,
        "max": 14.609380722,
        "mean": 1.3609534502,
        "median": 0.728453874588,
        "min": 0,
        "stdev": 1.8978202343,
        "var": 3.60172152519
    },
    "zerocrossingrate": {
        "dmean": 0.00367627060041,
        "dmean2": 0.00433441763744,
        "dvar": 0.000131255001179,
        "dvar2": 0.000180676055606,
        "max": 0.56103515625,
        "mean": 0.0266280192882,
        "median": 0.02294921875,
        "min": 0.0029296875,
        "stdev": 0.0284296870232,
        "var": 0.000808247132227
    },
    "barkbands": {
        "dmean": [2.28402113862e-05, 0.00224573165178, 0.00485385023057, 0.00239079562016, 0.00144721113611, 0.001504749991, 0.00118159200065, 0.000310135510517, 0.000497200526297, 0.000592012016568, 0.000499197281897, 0.000771103135776, 0.00063865078846, 0.000388422253309, 0.000188850332052, 3.66577150999e-05, 5.17038024554e-05, 2.45503033511e-05, 3.24071811519e-06, 1.27432190311e-06, 3.52719922603e-07, 1.27204245359e-07, 9.18312679232e-08, 5.75762051369e-08, 2.25089795691e-08, 2.36007284826e-08, 1.9048447264e-09],
        "dmean2": [3.87317486457e-05, 0.0037964398507, 0.0076523013413, 0.00364930997603, 0.00227405456826, 0.00235139625147, 0.0019477813039, 0.000464700278826, 0.00072350318078, 0.000967129599303, 0.000789170910139, 0.00119269930292, 0.000858142098878, 0.000549384276383, 0.000298761122394, 5.97775069764e-05, 7.59045942686e-05, 3.75169438485e-05, 4.84395241074e-06, 1.97208305508e-06, 4.59395721464e-07, 1.94784348651e-07, 1.29403517235e-07, 9.61462092164e-08, 3.68940220596e-08, 3.77478741598e-08, 3.49923801046e-09],
        "dvar": [2.83512378019e-08, 1.42939616126e-05, 4.25475482189e-05, 2.90352345473e-05, 4.05974833484e-06, 7.97711891209e-06, 1.04895998447e-05, 3.72698593765e-07, 2.51785650107e-06, 6.97640552971e-06, 1.71780106939e-06, 1.50543646669e-05, 8.75233035913e-06, 5.08977382196e-06, 6.8972462941e-07, 6.83310563687e-09, 2.54453507154e-08, 1.14318767785e-08, 1.06879401163e-10, 5.02937066993e-11, 2.86678775337e-12, 9.47251500329e-13, 3.27875720281e-13, 4.6905960561e-14, 1.32331226784e-15, 1.86955185118e-15, 5.70313280446e-18],
        "dvar2": [7.54399493985e-08, 4.69180740765e-05, 0.00010413282871, 5.72094613744e-05, 9.85157657851e-06, 1.90039972949e-05, 2.39635046455e-05, 8.97973848168e-07, 5.62647073821e-06, 1.95942775463e-05, 4.39473933511e-06, 3.55794327334e-05, 1.50473852045e-05, 1.14377553473e-05, 1.40873294185e-06, 1.5042184387e-08, 5.2223022351e-08, 2.17665299118e-08, 2.02524816362e-10, 1.17012635692e-10, 3.949706881e-12, 2.2215966046e-12, 6.20553033872e-13, 1.31399340193e-13, 3.00793956833e-15, 4.59897301041e-15, 1.78610181449e-17],
        "max": [0.00365884276107, 0.0516875460744, 0.0648500621319, 0.101287387311, 0.0385399311781, 0.0468649752438, 0.0598460808396, 0.0109663549811, 0.0325466170907, 0.0473931245506, 0.0283479690552, 0.0941922813654, 0.0686258077621, 0.0533030107617, 0.0223450735211, 0.000993705005385, 0.00299283629283, 0.00237244484015, 0.000187887475477, 0.000174579297891, 5.51756929781e-05, 2.4762835892e-05, 1.39746416608e-05, 3.61637626156e-06, 6.54133543776e-07, 7.13185158929e-07, 1.57049271365e-08],
        "mean": [2.02493101824e-05, 0.00496700732037, 0.0104792090133, 0.00630110315979, 0.00559496041387, 0.00417523318902, 0.00439172564074, 0.00100490869954, 0.00132784328889, 0.000994026777335, 0.00131248042453, 0.00206077564508, 0.00131790619344, 0.000846034614369, 0.000418956537032, 7.1745729656e-05, 0.000104208214907, 4.48361788585e-05, 6.36705544821e-06, 1.67938947016e-06, 5.27750330548e-07, 1.73495493527e-07, 1.45168641552e-07, 1.07035177166e-07, 6.29330330071e-08, 5.53512329304e-08, 1.55196100415e-09],
        "median": [3.6776395973e-06, 0.0020945079159, 0.00678064208478, 0.00234174286015, 0.00433509564027, 0.00306915002875, 0.00207376107574, 0.000429539417382, 0.000691134016961, 0.000416962662712, 0.000500400550663, 0.00091351242736, 0.000323871034198, 0.000232410879107, 0.00012739453814, 2.374232281e-05, 1.53031178343e-05, 8.3758504843e-06, 1.06998140836e-06, 3.47618708929e-07, 6.89892161176e-08, 4.60716478301e-08, 4.32119193761e-08, 5.96334004399e-08, 4.2953185897e-08, 3.24867528434e-08, 7.08604230848e-10],
        "min": [1.66491578959e-24, 2.3990019012e-23, 6.6248002395e-24, 1.8480035426e-23, 1.48345495175e-22, 6.6339402975e-23, 2.1519567612e-22, 3.23074954507e-23, 1.47372318497e-22, 8.48604560126e-23, 7.06963322416e-23, 4.43974420001e-23, 1.42330007943e-22, 1.33249512105e-22, 8.99414838596e-23, 1.85694701645e-22, 2.47956350073e-22, 3.8074759079e-22, 2.73903209557e-22, 2.82078029968e-22, 4.39524468256e-22, 3.46609931728e-22, 6.63933661096e-22, 8.05133048346e-22, 1.37115556581e-21, 1.68216164266e-21, 2.34947243622e-21],
        "stdev": [0.000145279525896, 0.00718355318531, 0.01108988747, 0.0108172092587, 0.00567814474925, 0.00452818721533, 0.00728314509615, 0.00149189028889, 0.00236342102289, 0.0023664215114, 0.0022019087337, 0.00464597670361, 0.00484426133335, 0.00315222516656, 0.00129894225392, 0.00012805753795, 0.000264214875642, 0.000155581932631, 1.75501736521e-05, 7.27843507775e-06, 3.10610630549e-06, 1.08376082153e-06, 7.53580309265e-07, 2.00250738658e-07, 6.94768260701e-08, 7.59894049907e-08, 2.22211760104e-09],
        "var": [2.11061426114e-08, 5.16034378961e-05, 0.000122985598864, 0.000117012023111, 3.22413288814e-05, 2.05044798349e-05, 5.3044204833e-05, 2.2257368073e-06, 5.58575857212e-06, 5.59995123695e-06, 4.84840211357e-06, 2.15850977838e-05, 2.34668677876e-05, 9.93652338366e-06, 1.68725091498e-06, 1.63987330382e-08, 6.98094950735e-08, 2.42057396349e-08, 3.08008590855e-10, 5.29756204182e-11, 9.64789706459e-12, 1.17453746382e-12, 5.67883305484e-13, 4.01003591498e-14, 4.82702943168e-15, 5.77439004341e-15, 4.93780669016e-18]
    },
    "erbbands": {
        "dmean": [0.0157393980771, 0.673748195171, 4.47706747055, 7.09868764877, 5.26585626602, 4.94532775879, 9.352227211, 12.9177274704, 19.9337882996, 6.72542285919, 6.71220731735, 8.42392158508, 14.065530777, 20.8569660187, 25.8215465546, 28.7312717438, 27.3139915466, 24.4304122925, 12.0525350571, 5.56420993805, 2.03494596481, 2.76131176949, 1.52171087265, 0.521285653114, 0.113427579403, 0.0770848765969, 0.0268971342593, 0.00336945336312, 0.0021607321687, 0.00802828464657, 0.00135967985261, 0.00177415891085, 0.000548318901565, 0.000242986148805, 0.000199698391953, 0.000145468526171, 3.89135384466e-05, 3.16410910273e-06, 4.47131378678e-06, 1.05935205283e-05],
        "dmean2": [0.0262971632183, 1.13080739975, 7.14555025101, 10.979136467, 8.18876361847, 7.87758111954, 15.0739612579, 19.6847515106, 33.0688934326, 10.814499855, 10.0443592072, 12.3304300308, 20.964422226, 34.5336036682, 41.324256897, 44.546836853, 35.7936820984, 34.7944602966, 18.3330001831, 8.54038715363, 3.20873856544, 4.17359924316, 2.23419857025, 0.810318887234, 0.169163361192, 0.118414744735, 0.0349683649838, 0.00426172278821, 0.00353053421713, 0.0115594873205, 0.0020020364318, 0.002942874562, 0.000933861418162, 0.000396543298848, 0.000322390027577, 0.000238115986576, 6.17823025095e-05, 5.24739789398e-06, 6.91020113663e-06, 1.6522464648e-05],
        "dvar": [0.000896933372132, 1.21560847759, 35.3586807251, 191.345794678, 140.111755371, 54.9733085632, 185.889953613, 898.018554688, 2859.82543945, 246.242935181, 188.211486816, 440.033111572, 1570.60546875, 10951.8691406, 4941.94189453, 32095.7109375, 18158.9140625, 22562.828125, 2823.86694336, 315.272521973, 20.780090332, 73.6721725464, 33.7602157593, 4.95764255524, 0.184752315283, 0.173354387283, 0.0133482152596, 0.00030269040144, 0.000134351488668, 0.00336856697686, 5.49721335119e-05, 6.24055683147e-05, 1.26425254621e-06, 1.22301017313e-07, 1.10378984175e-07, 5.2765468439e-08, 7.39690708684e-09, 5.28060616067e-11, 3.22915826023e-11, 1.75735440089e-10],
        "dvar2": [0.00216983188875, 4.03091955185, 94.6296844482, 411.967285156, 309.512390137, 121.938270569, 502.23526001, 1977.30151367, 6689.83398438, 527.442443848, 437.083709717, 981.377380371, 3772.01733398, 31076.609375, 13193.2539062, 76466.9921875, 31693.2519531, 52914.0039062, 5458.64599609, 646.355834961, 45.8714103699, 157.502609253, 63.7499771118, 9.73895168304, 0.361446142197, 0.399753540754, 0.017663994804, 0.000421197124524, 0.000260687462287, 0.00763716781512, 0.000118921183457, 0.000175250475877, 3.3112314668e-06, 2.87294398049e-07, 2.77355184153e-07, 1.40173412433e-07, 1.76803389706e-08, 1.34989380784e-10, 7.32354038524e-11, 4.01869509892e-10],
        "max": [0.649506926537, 14.8018541336, 54.1834335327, 250.399368286, 207.938369751, 225.108718872, 198.159927368, 556.661499023, 924.678833008, 288.977905273, 298.092498779, 400.609924316, 684.421142578, 1972.11303711, 1292.79296875, 4611.91845703, 3381.33935547, 3624.75390625, 1292.60900879, 372.223480225, 49.4790802002, 145.263702393, 129.954544067, 53.9612579346, 6.89629030228, 10.3561811447, 3.84419488907, 0.576822340488, 0.254341363907, 1.33928585052, 0.167045176029, 0.137426674366, 0.016918303445, 0.00646950490773, 0.00531110959128, 0.00318666594103, 0.00136870145798, 0.000114126116387, 8.15276580397e-05, 0.000196092296392],
        "mean": [0.0537509657443, 1.55136811733, 10.091217041, 20.0887489319, 13.2619447708, 20.100276947, 30.7907333374, 41.0504226685, 76.2799911499, 23.3466300964, 23.9382762909, 24.6699943542, 32.79246521, 37.9470443726, 76.37865448, 77.6206283569, 57.2419509888, 53.3399429321, 29.5161266327, 13.8151826859, 4.43773984909, 5.5891251564, 2.9891974926, 1.02891099453, 0.204197272658, 0.101256653666, 0.0447362735868, 0.00591728650033, 0.00369521300308, 0.0112203443423, 0.00243663205765, 0.00284234131686, 0.0012844762532, 0.000630910857581, 0.000544833543245, 0.000364971638191, 9.24220512388e-05, 6.4938703872e-06, 2.17517081182e-05, 5.08005396114e-05],
        "median": [0.0178277157247, 0.686081409454, 6.14070177078, 9.82178115845, 4.8088183403, 11.5466184616, 23.8522205353, 27.8338108063, 34.7391433716, 15.600440979, 11.8760633469, 16.4792995453, 15.7466897964, 18.4744110107, 40.1001739502, 32.5774879456, 18.7232398987, 17.4296073914, 10.7930669785, 4.59980773926, 1.61670744419, 0.989282011986, 0.626524567604, 0.199285328388, 0.0390467718244, 0.0221422351897, 0.00840859487653, 0.00166967662517, 0.0015202582581, 0.00179919332732, 0.00121568702161, 0.00133500469383, 0.000881267886143, 0.000437133334344, 0.00038703053724, 0.000247093645157, 5.32611957169e-05, 4.16836019212e-06, 2.00901449716e-05, 4.65555240226e-05],
        "min": [3.58612052815e-22, 6.18760623045e-21, 1.1903033695e-20, 3.83300244715e-20, 2.39517823635e-19, 5.70883766235e-19, 3.66243237646e-19, 8.45611695866e-19, 3.1421470932e-18, 1.59779478911e-18, 1.43387406148e-18, 2.87909662738e-18, 2.90179404979e-18, 2.40468083553e-18, 3.19454381513e-18, 2.14844530397e-18, 5.14672108003e-18, 8.03743442513e-18, 5.79278925669e-18, 6.63069922897e-18, 1.0281199887e-17, 1.41945897106e-17, 2.21351166183e-17, 1.44904192762e-17, 1.30846580852e-17, 1.56787767227e-17, 1.90037631981e-17, 1.36023771957e-17, 1.05393100166e-17, 1.48388260958e-17, 2.02705026251e-17, 2.06340220345e-17, 1.17492998905e-17, 1.27900568828e-17, 1.11311991039e-17, 6.24280322047e-18, 3.13704959268e-18, 1.0603514535e-18, 3.14191837776e-19, 3.79136715112e-20],
        "stdev": [0.101154588163, 2.01980376244, 10.2974672318, 29.4542045593, 20.8194770813, 28.6032733917, 26.2410812378, 50.1741218567, 122.734695435, 29.1452617645, 35.7466049194, 32.0199775696, 53.7047920227, 92.7588272095, 108.112007141, 200.157012939, 216.225082397, 199.112258911, 91.0353775024, 29.1929016113, 7.18148422241, 14.5473794937, 8.56017494202, 3.2993979454, 0.61031961441, 0.425408810377, 0.216646835208, 0.0297454483807, 0.0139719098806, 0.0679027065635, 0.00858725700527, 0.00694271596149, 0.00146576145198, 0.000652349786833, 0.000600801431574, 0.000393032561988, 0.00014280693722, 9.73440910457e-06, 1.17753443192e-05, 2.79010746453e-05],
        "var": [0.0102322511375, 4.07960700989, 106.037834167, 867.550170898, 433.450622559, 818.147216797, 688.594299316, 2517.44238281, 15063.8056641, 849.446289062, 1277.81982422, 1025.27893066, 2884.20483398, 8604.20019531, 11688.2060547, 40062.8320312, 46753.2890625, 39645.6914062, 8287.44042969, 852.225524902, 51.57371521, 211.626251221, 73.2765884399, 10.8860263824, 0.372490048409, 0.180972650647, 0.046935852617, 0.00088479166152, 0.000195214262931, 0.00461077783257, 7.37409864087e-05, 4.82013056171e-05, 2.14845658775e-06, 4.25560216399e-07, 3.60962388868e-07, 1.54474605552e-07, 2.03938217425e-08, 9.47587217026e-11, 1.38658723392e-10, 7.78470010676e-10]
    },
    "gfcc": {
        "mean": [-120.509803772, 227.261779785, -112.558822632, -30.8186302185, -13.8873605728, 1.33295094967, -37.9956817627, -8.45116424561, -18.9482269287, -13.1215848923, 0.219669908285, -10.987238884, -7.17909288406],
        "cov": [[11575.6914062, 3043.18579102, -1629.23022461, -1369.4230957, 468.205047607, -579.795227051, -34.1343765259, -294.306091309, 114.626251221, -619.769165039, 88.629486084, -10.2807312012, 62.8566589355], [3043.18579102, 1323.87194824, -348.492736816, -642.20123291, 293.148223877, -207.300735474, -50.6093101501, -149.974716187, 96.2031173706, -209.019577026, 86.1427459717, -29.9593849182, 43.6467781067], [-1629.23022461, -348.492736816, 786.585571289, 90.0255050659, -235.924667358, 208.498687744, -70.7068023682, 33.409198761, -62.6202774048, 108.155632019, -79.1308670044, -86.4418106079, 37.3790054321], [-1369.4230957, -642.20123291, 90.0255050659, 590.365478516, 31.2072372437, 139.488372803, 107.575653076, 96.1657867432, -14.112203598, 117.349212646, -27.4353542328, 11.7632598877, -50.4432868958], [468.205047607, 293.148223877, -235.924667358, 31.2072372437, 449.210388184, 61.4656639099, 82.951675415, -22.4014873505, 48.1968040466, -36.7721328735, 63.3789634705, 37.1745300293, -43.0039787292], [-579.795227051, -207.300735474, 208.498687744, 139.488372803, 61.4656639099, 273.025787354, 74.9589996338, 41.8950691223, -46.0698738098, 42.2508163452, -22.4492511749, 1.21688175201, -1.88606119156], [-34.1343765259, -50.6093101501, -70.7068023682, 107.575653076, 82.951675415, 74.9589996338, 160.178146362, 54.2190437317, -10.5697031021, -17.9644412994, 5.4130282402, 27.6637630463, 2.40341186523], [-294.306091309, -149.974716187, 33.409198761, 96.1657867432, -22.4014873505, 41.8950691223, 54.2190437317, 157.495117188, 42.3137054443, 10.4506292343, -11.290968895, 38.549118042, 1.55304133892], [114.626251221, 96.2031173706, -62.6202774048, -14.112203598, 48.1968040466, -46.0698738098, -10.5697031021, 42.3137054443, 119.543632507, 16.0528850555, 5.67781209946, 6.94550323486, -7.75839042664], [-619.769165039, -209.019577026, 108.155632019, 117.349212646, -36.7721328735, 42.2508163452, -17.9644412994, 10.4506292343, 16.0528850555, 139.882980347, 22.8231658936, -30.1339359283, -13.584561348], [88.629486084, 86.1427459717, -79.1308670044, -27.4353542328, 63.3789634705, -22.4492511749, 5.4130282402, -11.290968895, 5.67781209946, 22.8231658936, 109.104415894, 30.9434642792, -22.101776123], [-10.2807312012, -29.9593849182, -86.4418106079, 11.7632598877, 37.1745300293, 1.21688175201, 27.6637630463, 38.549118042, 6.94550323486, -30.1339359283, 30.9434642792, 119.609359741, -4.53214597702], [62.8566589355, 43.6467781067, 37.3790054321, -50.4432868958, -43.0039787292, -1.88606119156, 2.40341186523, 1.55304133892, -7.75839042664, -13.584561348, -22.101776123, -4.53214597702, 74.7273864746]],
        "icov": [[0.000493501429446, -0.001762387692, 0.00106541463174, -0.000580397841986, 0.00099670724012, -0.000716881710105, 0.000432327593444, -0.000574767356738, 0.0010640170658, -0.000490867649205, 0.00103254185524, -0.000220689442358, 0.000556327460799], [-0.001762387692, 0.0104858893901, -0.00405212678015, 0.00531988311559, -0.00590939121321, 0.00341868866235, -0.00232958910055, 0.00354289263487, -0.00690159155056, 0.00562361069024, -0.00640792865306, 0.00355682149529, -0.00371110159904], [0.00106541463174, -0.00405212678015, 0.00516831642017, -0.00149082834832, 0.00346186617389, -0.00426337262616, 0.00288153928705, -0.00200584367849, 0.00282925437205, -0.0019500249764, 0.00266093527898, 0.000579814543016, 0.000474085449241], [-0.000580397841986, 0.00531988311559, -0.00149082834832, 0.00653043808416, -0.00351805635728, 0.00174408440944, -0.0030550993979, 0.000557788473088, -0.00212729675695, -0.000119427531899, -0.000786193937529, 0.00147194159217, 0.000255220598774], [0.00099670724012, -0.00590939121321, 0.00346186617389, -0.00351805635728, 0.00780853442848, -0.00479243136942, 0.000476826535305, 0.00022379134316, 0.000514227023814, -0.000885655870661, 0.0011654056143, -0.00154786196072, 0.00300263613462], [-0.000716881710105, 0.00341868866235, -0.00426337262616, 0.00174408440944, -0.00479243136942, 0.00988467503339, -0.00414602365345, -0.000249642005656, 0.00154873251449, -0.00143956311513, 0.00054113578517, -0.000638724653982, -0.000433429784607], [0.000432327593444, -0.00232958910055, 0.00288153928705, -0.0030550993979, 0.000476826535305, -0.00414602365345, 0.012440726161, -0.00436277734116, 0.00308633828536, 0.00171156413853, -0.000497347791679, 0.000559353618883, -0.00212792260572], [-0.000574767356738, 0.00354289263487, -0.00200584367849, 0.000557788473088, 0.00022379134316, -0.000249642005656, -0.00436277734116, 0.0127975065261, -0.00868571549654, 0.00324733601883, -0.00220644148067, -0.00200473633595, -0.00129479647148], [0.0010640170658, -0.00690159155056, 0.00282925437205, -0.00212729675695, 0.000514227023814, 0.00154873251449, 0.00308633828536, -0.00868571549654, 0.0190692376345, -0.00893294531852, 0.00730469636619, -0.002605056623, 0.00305955018848], [-0.000490867649205, 0.00562361069024, -0.0019500249764, -0.000119427531899, -0.000885655870661, -0.00143956311513, 0.00171156413853, 0.00324733601883, -0.00893294531852, 0.0192164015025, -0.011139457114, 0.00694627547637, -0.0029530050233], [0.00103254185524, -0.00640792865306, 0.00266093527898, -0.000786193937529, 0.0011654056143, 0.00054113578517, -0.000497347791679, -0.00220644148067, 0.00730469636619, -0.011139457114, 0.0194963160902, -0.00711106369272, 0.00582710839808], [-0.000220689442358, 0.00355682149529, 0.000579814543016, 0.00147194159217, -0.00154786196072, -0.000638724653982, 0.000559353618883, -0.00200473633595, -0.002605056623, 0.00694627547637, -0.00711106369272, 0.0141639858484, -0.00232335133478], [0.000556327460799, -0.00371110159904, 0.000474085449241, 0.000255220598774, 0.00300263613462, -0.000433429784607, -0.00212792260572, -0.00129479647148, 0.00305955018848, -0.0029530050233, 0.00582710839808, -0.00232335133478, 0.0181924812496]]
    },
    "melbands": {
        "dmean": [0.000363495928468, 0.00176101922989, 0.0010936036706, 0.000317221740261, 0.000292229116894, 0.000288112962153, 0.000276718841633, 6.68270513415e-05, 5.14277926413e-05, 6.41260048724e-05, 7.38480812288e-05, 9.00517261471e-05, 8.07201067801e-05, 9.5907751529e-05, 5.61540327908e-05, 6.94142509019e-05, 4.11711262132e-05, 1.9825032723e-05, 1.21052571558e-05, 4.22887887908e-06, 2.18331661017e-06, 2.99322778119e-06, 2.2859726414e-06, 1.28378519548e-06, 3.31947177301e-07, 1.05857182575e-07, 5.4316970477e-08, 4.97479426542e-08, 1.67702829401e-08, 7.28939264505e-09, 9.21757670191e-10, 1.03357911119e-09, 2.99093527723e-09, 4.83949724739e-09, 5.9175297995e-10, 6.18476603265e-10, 1.35961186754e-09, 4.12213790879e-10, 2.94468865958e-10, 1.97747110353e-10],
        "dmean2": [0.000619418744463, 0.00283139338717, 0.00167534011416, 0.000504085270222, 0.000465252582217, 0.000446861668024, 0.000457759626443, 0.000105562889075, 7.74691434344e-05, 9.28508598008e-05, 0.000109818167402, 0.000149204832269, 0.000128435553052, 0.000146686477819, 8.40756256366e-05, 8.92181342351e-05, 6.05885797995e-05, 2.97662481898e-05, 1.93059840967e-05, 6.48985951557e-06, 3.41015288541e-06, 4.57878923044e-06, 3.32691229232e-06, 1.9824053652e-06, 5.18176591413e-07, 1.59475277428e-07, 8.30565909382e-08, 7.68298988874e-08, 2.27940262221e-08, 8.77451977743e-09, 1.46454481875e-09, 1.65890501336e-09, 4.71050221051e-09, 6.76086076012e-09, 9.53570111761e-10, 9.74887393035e-10, 2.28929408763e-09, 6.96443569481e-10, 4.95704477466e-10, 3.24629739756e-10],
        "dvar": [3.99783573357e-07, 5.39844313607e-06, 4.14180385633e-06, 2.73226646641e-07, 1.54189905288e-07, 3.80369243658e-07, 5.69579924559e-07, 1.95562233074e-08, 1.02269304136e-08, 3.55598146484e-08, 4.25266506454e-08, 2.05821919508e-07, 4.7164508743e-08, 2.29055402201e-07, 7.16075660989e-08, 1.17534902699e-07, 6.60130865526e-08, 7.79036835041e-09, 2.03389971531e-09, 1.9179167976e-10, 3.3074858824e-11, 9.19717010883e-11, 1.22234292133e-10, 4.36495770084e-11, 1.49536698128e-12, 1.37383851582e-13, 8.47479231974e-14, 5.9419903351e-14, 4.68919514831e-15, 1.60673965638e-15, 2.42245351409e-17, 2.48806382592e-17, 4.12269067228e-16, 1.18427985636e-15, 1.03834096322e-17, 5.30863796262e-18, 3.93637882721e-17, 5.37323032531e-19, 1.99648118775e-19, 7.37038734547e-20],
        "dvar2": [1.22651454149e-06, 1.52330012497e-05, 8.48985473567e-06, 6.42701479592e-07, 3.93434731905e-07, 8.54391089433e-07, 1.31354920541e-06, 4.33791917942e-08, 2.35494272971e-08, 7.85992142482e-08, 1.02366705335e-07, 5.83405721954e-07, 1.25108741145e-07, 5.40755365819e-07, 1.41777917406e-07, 2.11153974305e-07, 1.57389493438e-07, 1.40822038475e-08, 4.19958867681e-09, 3.88412857433e-10, 7.30125335191e-11, 1.95882282616e-10, 2.33602276412e-10, 8.23632967384e-11, 3.07555435113e-12, 2.69376155496e-13, 1.84459991227e-13, 1.36959630377e-13, 7.56034164852e-15, 1.68464773517e-15, 5.26517301287e-17, 4.8073050519e-17, 1.00597793865e-15, 2.52377490041e-15, 2.13418504108e-17, 1.37107734247e-17, 1.11956606273e-16, 1.39976568251e-18, 4.85171776451e-19, 1.79405665018e-19],
        "max": [0.0104658771306, 0.026128442958, 0.0361273065209, 0.00869704876095, 0.0055208094418, 0.0110510615632, 0.0140753593296, 0.00263092829846, 0.00217977399006, 0.00381790078245, 0.00348370126449, 0.00849385838956, 0.00416550878435, 0.0114756096154, 0.00652261823416, 0.00876580830663, 0.00621987786144, 0.00191955326591, 0.00114596448839, 0.000345530133927, 9.06426867004e-05, 0.000193005616893, 0.000286457390757, 0.000175971654244, 2.62189569185e-05, 5.75130616198e-06, 6.00809335083e-06, 5.85940415476e-06, 2.03903573492e-06, 1.43634804317e-06, 1.18157082341e-07, 1.15516030519e-07, 4.9521662504e-07, 7.02085117155e-07, 8.07841189499e-08, 4.86988298576e-08, 1.06593823546e-07, 9.71208891087e-09, 7.50506234937e-09, 4.34317071196e-09],
        "mean": [0.000935991876759, 0.00427865376696, 0.00316060264595, 0.00104983686469, 0.00112180772703, 0.00092724757269, 0.00106073892675, 0.000217237655306, 0.000179841124918, 0.000173679174623, 0.000169299790286, 0.0001508226851, 0.000222940681851, 0.000275387108559, 0.000116637827887, 0.000143791286973, 8.8004002464e-05, 4.88347068313e-05, 2.63005513261e-05, 9.82282654149e-06, 4.26176211477e-06, 6.09046855971e-06, 4.01934812544e-06, 2.30382920563e-06, 6.40438202026e-07, 1.90091000718e-07, 7.49881294837e-08, 6.25456806347e-08, 2.80386363016e-08, 1.16620215707e-08, 1.28567112512e-09, 1.6199367403e-09, 3.83684950478e-09, 6.88346846189e-09, 1.00227692812e-09, 1.07592434961e-09, 1.97351757159e-09, 8.43711434051e-10, 6.87447432313e-10, 4.11471329231e-10],
        "median": [0.000372109032469, 0.00268578645773, 0.00162766105495, 0.000591779476963, 0.000857364677358, 0.000648425950203, 0.000473834865261, 0.00014483310224, 0.000100584911706, 9.43761260714e-05, 7.8809360275e-05, 6.48559944239e-05, 0.000100235367427, 0.00012266363774, 5.59869222343e-05, 2.86183949356e-05, 2.88307146548e-05, 1.34759056891e-05, 9.04880835151e-06, 2.19825710701e-06, 1.13837825211e-06, 9.20892318845e-07, 5.61679030397e-07, 3.9774872107e-07, 1.14005189289e-07, 2.87677526245e-08, 1.29739143873e-08, 1.1757113505e-08, 4.13731582327e-09, 1.25540455809e-09, 6.17992823582e-10, 7.42483685645e-10, 9.86216996957e-10, 9.17162679137e-10, 5.43069256231e-10, 6.27684237919e-10, 8.11045508531e-10, 5.59525592525e-10, 4.57851784263e-10, 2.77511513769e-10],
        "min": [4.98311324813e-24, 7.42232757063e-24, 1.1263654983e-23, 3.1284800396e-23, 1.61337816559e-23, 1.91451682314e-23, 4.6751081086e-23, 1.38552673717e-23, 1.47311238575e-23, 1.88583604944e-23, 1.4208689679e-23, 9.3699912246e-24, 1.02088051689e-23, 7.33975276652e-24, 6.0802621784e-24, 1.41186364735e-23, 1.54817802291e-23, 9.31210697796e-24, 6.65035459967e-24, 1.20278892285e-23, 1.24431763746e-23, 1.4854632654e-23, 1.91887291306e-23, 1.73014456792e-23, 1.06497089952e-23, 1.12259537426e-23, 8.089910578e-24, 1.00245335724e-23, 1.06599373657e-23, 1.25222794019e-23, 6.57564907751e-24, 5.56305972539e-24, 7.08422967526e-24, 8.5535383315e-24, 1.06088499446e-23, 1.25539348123e-23, 1.32564730352e-23, 8.70443558975e-24, 7.26314963945e-24, 1.19423932725e-23],
