{
"metadata": {
    "version": {
        "essentia": "2.1-beta6-dev",
        "essentia_git_sha": "v2.1_beta5-778-gc9eadba6",
        "extractor": "music 2.0"
    },
    "audio_properties": {
        "analysis": {
            "equal_loudness": 0,
            "length": 14.9999771118,
            "sample_rate": 44100,
            "start_time": 0,
            "downmix": "mix"
        },
        "bit_rate": 128000,
        "length": 15,
        "lossless": 0,
        "number_channels": 2,
        "replay_gain": 1.34820747375,
        "sample_rate": 48000,
        "codec": "mp3",
        "md5_encoded": "134712f7362a9e4964c7c6d49c7782ad"
    },
    "tags": {
        "file_name": "snarkypuppy-whataboutme.mp3",
        "encoding": ["Lavf59.16.100"]
    }
},
"lowlevel": {
    "average_loudness": 0.98305773735,
    "barkbands_crest": {
        "dmean": 2.97805762291,
        "dmean2": 4.9324054718,
        "dvar": 6.64152574539,
        "dvar2": 17.6023807526,
        "max": 22.2141914368,
        "mean": 9.84397220612,
        "median": 9.69330883026,
        "min": 2.52201700211,
        "stdev": 3.6006538868,
        "var": 12.9647083282
    },
    "barkbands_flatness_db": {
        "dmean": 0.0359045565128,
        "dmean2": 0.0541576780379,
        "dvar": 0.00126699218526,
        "dvar2": 0.00271994317882,
        "max": 0.351696401834,
        "mean": 0.139189973474,
        "median": 0.127123206854,
        "min": 0.0239266436547,
        "stdev": 0.0587231889367,
        "var": 0.00344841298647
    },
    "barkbands_kurtosis": {
        "dmean": 5.64374780655,
        "dmean2": 9.19293689728,
        "dvar": 105.553527832,
        "dvar2": 249.676773071,
        "max": 107.205986023,
        "mean": 6.65098237991,
        "median": 1.55442762375,
        "min": -1.45916473866,
        "stdev": 12.752035141,
        "var": 162.6144104
    },
    "barkbands_skewness": {
        "dmean": 0.812644004822,
        "dmean2": 1.28384912014,
        "dvar": 0.852854430676,
        "dvar2": 2.01407170296,
        "max": 8.04542255402,
        "mean": 1.77602100372,
        "median": 1.39943945408,
        "min": -0.973477959633,
        "stdev": 1.50587594509,
        "var": 2.26766252518
    },
    "barkbands_spread": {
        "dmean": 6.49800539017,
        "dmean2": 10.456905365,
        "dvar": 54.6025657654,
        "dvar2": 125.159141541,
        "max": 66.9425201416,
        "mean": 18.5202579498,
        "median": 17.3910160065,
        "min": 0.874012887478,
        "stdev": 10.5643129349,
        "var": 111.604698181
    },
    "dissonance": {
        "dmean": 0.0179320164025,
        "dmean2": 0.0297124907374,
        "dvar": 0.000287581089651,
        "dvar2": 0.000819213921204,
        "max": 0.499999970198,
        "mean": 0.466937571764,
        "median": 0.470844566822,
        "min": 0.373960077763,
        "stdev": 0.0209855735302,
        "var": 0.000440394273028
    },
    "dynamic_complexity": 2.67774009705,
    "erbbands_crest": {
        "dmean": 2.8943734169,
        "dmean2": 4.57838439941,
        "dvar": 6.86069917679,
        "dvar2": 14.945807457,
        "max": 26.9992408752,
        "mean": 9.16559505463,
        "median": 8.13456726074,
        "min": 2.32271933556,
        "stdev": 4.22338819504,
        "var": 17.8370075226
    },
    "erbbands_flatness_db": {
        "dmean": 0.0258758496493,
        "dmean2": 0.0361795090139,
        "dvar": 0.000590366078541,
        "dvar2": 0.00116785068531,
        "max": 0.302226960659,
        "mean": 0.153404295444,
        "median": 0.155090004206,
        "min": 0.0523762218654,
        "stdev": 0.0484282970428,
        "var": 0.00234530004673
    },
    "erbbands_kurtosis": {
        "dmean": 0.882474839687,
        "dmean2": 1.44440817833,
        "dvar": 1.14402997494,
        "dvar2": 2.84302449226,
        "max": 10.1161851883,
        "mean": 0.271526485682,
        "median": -0.0561418533325,
        "min": -1.73700749874,
        "stdev": 1.40614795685,
        "var": 1.97725212574
    },
    "erbbands_skewness": {
        "dmean": 0.410664647818,
        "dmean2": 0.652664840221,
        "dvar": 0.16672386229,
        "dvar2": 0.401235222816,
        "max": 3.048173666,
        "mean": 0.282173722982,
        "median": 0.243974149227,
        "min": -1.97410321236,
        "stdev": 0.594294428825,
        "var": 0.353185862303
    },
    "erbbands_spread": {
        "dmean": 10.1859331131,
        "dmean2": 15.5133428574,
        "dvar": 113.22290802,
        "dvar2": 249.547210693,
        "max": 135.097320557,
        "mean": 37.8700714111,
        "median": 31.7481136322,
        "min": 7.21113634109,
        "stdev": 20.8408756256,
        "var": 434.342071533
    },
    "hfc": {
        "dmean": 7.30892181396,
        "dmean2": 10.8637609482,
        "dvar": 93.9473953247,
        "dvar2": 214.241271973,
        "max": 82.8050613403,
        "mean": 17.8313579559,
        "median": 14.5208377838,
        "min": 9.45894555571e-07,
        "stdev": 14.9185237885,
        "var": 222.562362671
    },
    "loudness_ebu128": {
        "integrated": -24.3428554535,
        "loudness_range": 1.22291755676,
        "momentary": {
            "dmean": 0.739184975624,
            "dmean2": 0.943278372288,
            "dvar": 0.400051057339,
            "dvar2": 0.55530923605,
            "max": -22.350440979,
            "mean": -24.754535675,
            "median": -24.2837047577,
            "min": -35.9014358521,
            "stdev": 2.05887150764,
            "var": 4.23895215988
        },
        "short_term": {
            "dmean": 0.0911479443312,
            "dmean2": 0.126778915524,
            "dvar": 0.00346372136846,
            "dvar2": 0.00703822635114,
            "max": -23.6913776398,
            "mean": -24.2969322205,
            "median": -24.1409854889,
            "min": -25.2007923126,
            "stdev": 0.430454432964,
            "var": 0.185291022062
        }
    },
    "melbands_crest": {
        "dmean": 3.77149868011,
        "dmean2": 6.21803855896,
        "dvar": 10.6737184525,
        "dvar2": 27.1054477692,
        "max": 28.4120941162,
        "mean": 13.6466169357,
        "median": 13.1712760925,
        "min": 3.71608304977,
        "stdev": 4.90534973145,
        "var": 24.0624580383
    },
    "melbands_flatness_db": {
        "dmean": 0.0416039936244,
        "dmean2": 0.063436165452,
        "dvar": 0.00180001859553,
        "dvar2": 0.00383319077082,
        "max": 0.472873061895,
        "mean": 0.210783869028,
        "median": 0.189829409122,
        "min": 0.0602437034249,
        "stdev": 0.0745571181178,
        "var": 0.00555876409635
    },
    "melbands_kurtosis": {
        "dmean": 12.9116678238,
        "dmean2": 21.111913681,
        "dvar": 431.686523438,
        "dvar2": 1001.17138672,
        "max": 186.265365601,
        "mean": 19.3122730255,
        "median": 6.6700296402,
        "min": -1.37082767487,
        "stdev": 29.3932228088,
        "var": 863.961547852
    },
    "melbands_skewness": {
        "dmean": 1.11180949211,
        "dmean2": 1.71915590763,
        "dvar": 1.45457553864,
        "dvar2": 3.38553786278,
        "max": 11.129945755,
        "mean": 2.90078186989,
        "median": 2.33433866501,
        "min": -0.818134665489,
        "stdev": 2.17817926407,
        "var": 4.7444653511
    },
    "melbands_spread": {
        "dmean": 7.31300926208,
        "dmean2": 11.7976875305,
        "dvar": 56.9478530884,
        "dvar2": 146.780776978,
        "max": 65.168762207,
        "mean": 19.3095874786,
        "median": 19.506319046,
        "min": 0.770779728889,
        "stdev": 11.2652463913,
        "var": 126.905776978
    },
    "pitch_salience": {
        "dmean": 0.0811204463243,
        "dmean2": 0.131050154567,
        "dvar": 0.00505758496001,
        "dvar2": 0.0121182389557,
        "max": 0.812707662582,
        "mean": 0.561430156231,
        "median": 0.574247539043,
        "min": 0.229693755507,
        "stdev": 0.103693477809,
        "var": 0.0107523370534
    },
    "silence_rate_20dB": {
        "dmean": 0,
        "dmean2": 0,
        "dvar": 0,
        "dvar2": 0,
        "max": 1,
        "mean": 1,
        "median": 1,
        "min": 1,
        "stdev": 0,
        "var": 0
    },
    "silence_rate_30dB": {
        "dmean": 0.0278637763113,
        "dmean2": 0.0558139532804,
        "dvar": 0.027087321505,
        "dvar2": 0.0713036209345,
        "max": 1,
        "mean": 0.98145288229,
        "median": 1,
        "min": 0,
        "stdev": 0.134919077158,
        "var": 0.0182031579316
    },
    "silence_rate_60dB": {
        "dmean": 0.0433436520398,
        "dmean2": 0.0868217051029,
        "dvar": 0.0414650514722,
        "dvar2": 0.0947873741388,
        "max": 1,
        "mean": 0.0741885602474,
        "median": 0,
        "min": 0,
        "stdev": 0.262077927589,
        "var": 0.0686848387122
    },
    "spectral_centroid": {
        "dmean": 280.509399414,
        "dmean2": 448.588378906,
        "dvar": 84086.875,
        "dvar2": 207851.078125,
        "max": 2642.79663086,
        "mean": 1124.0970459,
        "median": 1179.17883301,
        "min": 188.732025146,
        "stdev": 465.210144043,
        "var": 216420.46875
    },
    "spectral_complexity": {
        "dmean": 4.40247678757,
        "dmean2": 6.69457387924,
        "dvar": 23.4355335236,
        "dvar2": 45.8988838196,
        "max": 49,
        "mean": 16.3709430695,
        "median": 15,
        "min": 0,
        "stdev": 8.84094047546,
        "var": 78.1622314453
    },
    "spectral_decrease": {
        "dmean": 5.20421394867e-09,
        "dmean2": 8.45905834268e-09,
        "dvar": 8.14141929993e-17,
        "dvar2": 2.31438756175e-16,
        "max": -2.19724859615e-16,
        "mean": -8.18238365952e-09,
        "median": -5.40240829849e-09,
        "min": -5.69270852679e-08,
        "stdev": 8.71981331585e-09,
        "var": 7.60351367376e-17
    },
    "spectral_energy": {
        "dmean": 0.0201791040599,
        "dmean2": 0.0326576419175,
        "dvar": 0.00119788793381,
        "dvar2": 0.00340151740238,
        "max": 0.218065097928,
        "mean": 0.0324995815754,
        "median": 0.0217760540545,
        "min": 9.15089226616e-10,
        "stdev": 0.0337089076638,
        "var": 0.00113629037514
    },
    "spectral_energyband_high": {
        "dmean": 0.000349485868355,
        "dmean2": 0.000539262488019,
        "dvar": 2.91727928925e-07,
        "dvar2": 7.0564874477e-07,
        "max": 0.00472651654854,
        "mean": 0.000519190565683,
        "median": 0.000197486573597,
        "min": 6.03137539912e-11,
        "stdev": 0.000760884373449,
        "var": 5.78944991503e-07
    },
    "spectral_energyband_low": {
        "dmean": 0.0142382169142,
        "dmean2": 0.0236619673669,
        "dvar": 0.000756547786295,
        "dvar2": 0.00216732453555,
        "max": 0.171944975853,
        "mean": 0.0163384731859,
        "median": 0.00365039356984,
        "min": 3.93201804449e-10,
        "stdev": 0.0264672897756,
        "var": 0.000700517382938
    },
    "spectral_energyband_middle_high": {
        "dmean": 0.00192730140407,
        "dmean2": 0.00280823232606,
        "dvar": 7.2272196121e-06,
        "dvar2": 1.39550675158e-05,
        "max": 0.029091546312,
        "mean": 0.005764586851,
        "median": 0.00362706976011,
        "min": 1.29322635933e-10,
        "stdev": 0.00566645897925,
        "var": 3.21087572956e-05
    },
    "spectral_energyband_middle_low": {
        "dmean": 0.00881889183074,
        "dmean2": 0.0143065033481,
        "dvar": 0.000207080840482,
        "dvar2": 0.000549390912056,
        "max": 0.0841817185283,
        "mean": 0.0123336752877,
        "median": 0.00830670911819,
        "min": 1.95027133332e-10,
        "stdev": 0.0139266503975,
        "var": 0.000193951578694
    },
    "spectral_entropy": {
        "dmean": 0.255551278591,
        "dmean2": 0.385573714972,
        "dvar": 0.0663641765714,
        "dvar2": 0.141238287091,
        "max": 8.50220680237,
        "mean": 7.50350618362,
        "median": 7.5538277626,
        "min": 6.18299007416,
        "stdev": 0.413560926914,
        "var": 0.171032637358
    },
    "spectral_flux": {
        "dmean": 0.0458419844508,
        "dmean2": 0.0713146775961,
        "dvar": 0.0034088192042,
        "dvar2": 0.00739994412288,
        "max": 0.449150234461,
        "mean": 0.102931335568,
        "median": 0.083317309618,
        "min": 3.02504413412e-05,
        "stdev": 0.0733410716057,
        "var": 0.00537891313434
    },
    "spectral_kurtosis": {
        "dmean": 2.13329482079,
        "dmean2": 3.57254195213,
        "dvar": 5.3686466217,
        "dvar2": 14.5838098526,
        "max": 20.5008678436,
        "mean": 5.31686210632,
        "median": 4.71419429779,
        "min": 0.406407594681,
        "stdev": 2.90780687332,
        "var": 8.45534133911
    },
    "spectral_rms": {
        "dmean": 0.00152309797704,
        "dmean2": 0.0022963618394,
        "dvar": 4.16424836658e-06,
        "dvar2": 1.11706522148e-05,
        "max": 0.0145858302712,
        "mean": 0.00500344764441,
        "median": 0.00460922252387,
        "min": 9.44865064412e-07,
        "stdev": 0.0025831067469,
        "var": 6.6724410317e-06
    },
    "spectral_rolloff": {
        "dmean": 458.03024292,
        "dmean2": 767.248962402,
        "dvar": 461545.5,
        "dvar2": 1101880,
        "max": 6696.82617188,
        "mean": 1152.30725098,
        "median": 1162.79296875,
        "min": 86.1328125,
        "stdev": 854.642944336,
        "var": 730414.5625
    },
    "spectral_skewness": {
        "dmean": 0.253591030836,
        "dmean2": 0.408624112606,
        "dvar": 0.0529346056283,
        "dvar2": 0.133330598474,
        "max": 3.06354260445,
        "mean": 1.72404134274,
        "median": 1.69948959351,
        "min": 0.677830219269,
        "stdev": 0.366227716208,
        "var": 0.134122744203
    },
    "spectral_spread": {
        "dmean": 799671.625,
        "dmean2": 1196427.875,
        "dvar": 803610230784,
        "dvar2": 1.72012352307e+12,
        "max": 11211103,
        "mean": 4504472,
        "median": 4184339.25,
        "min": 2069129.5,
        "stdev": 1532340.875,
        "var": 2.34806863462e+12
    },
    "spectral_strongpeak": {
        "dmean": 0.562339365482,
        "dmean2": 0.950073421001,
        "dvar": 0.611175119877,
        "dvar2": 1.50164866447,
        "max": 6.91547632217,
        "mean": 0.935758650303,
        "median": 0.485678762197,
        "min": 0,
        "stdev": 1.1108263731,
        "var": 1.23393535614
    },
    "zerocrossingrate": {
        "dmean": 0.0114957736805,
        "dmean2": 0.0141435014084,
        "dvar": 0.000222269707592,
        "dvar2": 0.000386446336051,
        "max": 0.32666015625,
        "mean": 0.0532166175544,
        "median": 0.05224609375,
        "min": 0.00732421875,
        "stdev": 0.0284151453525,
        "var": 0.000807420525234
    },
    "barkbands": {
        "dmean": [0.000301278341794, 0.00538414344192, 0.00782866869122, 0.00470779882744, 0.00321658328176, 0.000918768055271, 0.000637140183244, 0.000593175645918, 0.000570388277993, 0.000586485199165, 0.000460851675598, 0.000390979606891, 0.000440690346295, 0.000461270479718, 0.000311401468934, 0.000257691455772, 0.000228792356211, 0.000126943705254, 0.000127524486743, 8.32528385217e-05, 6.63325772621e-05, 7.11448665243e-05, 7.37480295356e-05, 5.68295290577e-05, 4.48757782578e-05, 4.17947303504e-05, 8.39104995976e-06],
        "dmean2": [0.000477753317682, 0.00860617496073, 0.0138580175117, 0.008032402955, 0.00528167001903, 0.00132948078681, 0.00108916929457, 0.000888448616024, 0.000883898464963, 0.000926397857256, 0.000690957880579, 0.000615460798144, 0.000691131863277, 0.000723658245988, 0.000477909023175, 0.000400884775445, 0.000374594033929, 0.00020937428053, 0.000203323637834, 0.000132945249788, 0.000108117521449, 0.000118484073028, 0.000116211951536, 9.19022131711e-05, 7.19793824828e-05, 6.46376429358e-05, 1.32765826493e-05],
        "dvar": [4.21886426238e-07, 6.69570290484e-05, 0.000332204741426, 0.00010216433293, 4.14911482949e-05, 1.69522570559e-06, 9.08705999336e-07, 1.8219075173e-06, 1.16757962587e-06, 9.5753171081e-07, 9.53375547397e-07, 7.3748435625e-07, 7.5692645396e-07, 7.62368017604e-07, 2.9889466191e-07, 1.57156620162e-07, 1.26705657522e-07, 4.53545254686e-08, 3.90709082865e-08, 1.58008379714e-08, 1.21857874902e-08, 1.47799896766e-08, 1.30823023525e-08, 1.18056506793e-08, 1.07184545683e-08, 7.70252484017e-09, 3.71594088833e-10],
        "dvar2": [9.56393705565e-07, 0.000179709153599, 0.000928594439756, 0.000279233529, 0.000102967627754, 3.39931193594e-06, 2.21648156185e-06, 4.11909377362e-06, 2.31824265029e-06, 2.01190482585e-06, 1.75919092271e-06, 1.59564990554e-06, 1.8017833554e-06, 1.57296244652e-06, 6.59834256567e-07, 3.7214186932e-07, 3.09728051207e-07, 1.05455882249e-07, 8.54431974062e-08, 4.12802769745e-08, 3.07226883933e-08, 3.95204651227e-08, 3.10708294649e-08, 3.17267065952e-08, 2.73689764185e-08, 1.74116703278e-08, 8.52363513104e-10],
        "max": [0.00773485563695, 0.0694522634149, 0.108530759811, 0.0659150183201, 0.0593304671347, 0.0143691310659, 0.012431403622, 0.02001635544, 0.0160326231271, 0.0108939986676, 0.0178059544414, 0.0135611277074, 0.0118038123474, 0.0103487800807, 0.00527447462082, 0.00362303294241, 0.00274785165675, 0.00190386618488, 0.00180948968045, 0.00123155303299, 0.0013446327066, 0.00115480984095, 0.0010536974296, 0.00126754888333, 0.00137678382453, 0.000994030153379, 0.000162391035701],
        "mean": [0.000335432967404, 0.00685914605856, 0.00683448417112, 0.00427821930498, 0.00315218279138, 0.0017857599305, 0.00100187619682, 0.000944561441429, 0.000886007095687, 0.00111153593753, 0.000822189904284, 0.000627931032795, 0.000895502918866, 0.000762879266404, 0.000481324124848, 0.000396104820538, 0.000321703730151, 0.000186516816029, 0.000219109366299, 0.000128986357595, 9.62994163274e-05, 9.10354865482e-05, 9.52027039602e-05, 7.0941488957e-05, 5.37386040378e-05, 5.25714967807e-05, 8.34273578221e-06],
        "median": [6.59870784148e-05, 0.00169979454949, 0.00085453374777, 0.000650536559988, 0.00102913752198, 0.000708306091838, 0.000405940692872, 0.000199457004783, 0.000256633007666, 0.000447435857495, 0.000153216766194, 0.000142381206388, 0.000167102407431, 0.000215138294152, 0.000179342081537, 0.000170111874468, 0.000139240350109, 8.47916162456e-05, 0.000125737395138, 7.44240605854e-05, 4.40942094428e-05, 3.37628807756e-05, 2.89900253847e-05, 1.59928695211e-05, 1.13775886348e-05, 6.17748628429e-06, 3.89738090689e-07],
        "min": [2.55343607369e-10, 2.24609303379e-10, 5.23889542858e-11, 1.25943613177e-11, 5.21245477336e-11, 8.77542621902e-11, 1.98087813513e-11, 7.64623607485e-12, 1.01088035512e-11, 2.35861521286e-11, 2.86697072333e-11, 1.34168492288e-11, 2.83209601604e-11, 6.08541342317e-12, 1.45277236421e-11, 2.44499234227e-12, 5.31362627509e-12, 3.68423434122e-12, 3.35775959988e-12, 6.74769571815e-12, 4.52950047261e-12, 6.00089552702e-12, 5.67940009258e-12, 6.42745839191e-12, 7.27776259396e-12, 1.27169247355e-11, 1.37800196601e-11],
        "stdev": [0.000705114856828, 0.00997588597238, 0.015437707305, 0.00884812138975, 0.00624747900292, 0.00240393774584, 0.00140798510984, 0.00212520523928, 0.00164595246315, 0.00164591730572, 0.00183489068877, 0.00132491730619, 0.00182545278221, 0.00140156794805, 0.000741729047149, 0.00057010789169, 0.000429869513027, 0.000270178628853, 0.000285905931378, 0.000156652182341, 0.000134032976348, 0.000141183336382, 0.000153790446348, 0.000140865304274, 0.000108197069494, 0.000121937067888, 2.19432968152e-05],
        "var": [4.97186931625e-07, 9.95182999759e-05, 0.000238322812947, 7.82892529969e-05, 3.90309942304e-05, 5.77891660214e-06, 1.98242219085e-06, 4.51649702882e-06, 2.70915961664e-06, 2.70904365607e-06, 3.36682364832e-06, 1.75540571945e-06, 3.33227785632e-06, 1.96439259526e-06, 5.50161985302e-07, 3.25023023606e-07, 1.84787793955e-07, 7.29964924062e-08, 8.17421934585e-08, 2.45399078835e-08, 1.79648385057e-08, 1.9932734574e-08, 2.36515003138e-08, 1.98430338827e-08, 1.17066054628e-08, 1.48686485346e-08, 4.81508277694e-10]
    },
    "erbbands": {
        "dmean": [0.122429706156, 1.42345380783, 7.69378709793, 13.379691124, 12.1790380478, 12.2929086685, 6.32331323624, 7.26186084747, 8.55992031097, 11.1123828888, 11.011174202, 12.8036518097, 15.3825159073, 16.8834018707, 17.6351013184, 16.2600345612, 21.22706604, 19.8507785797, 17.0829143524, 15.9137058258, 15.7954492569, 10.5489845276, 7.51359558105, 6.05911397934, 5.70611667633, 4.33745527267, 3.01763153076, 2.39480876923, 2.430986166, 2.31063246727, 2.03240013123, 1.26551270485, 0.932121276855, 0.56423407793, 0.312155216932, 0.160511940718, 0.08343642205, 0.0240075271577, 0.000727058970369, 3.36187731591e-05],
        "dmean2": [0.20331518352, 2.33027935028, 13.4337558746, 22.9102420807, 20.9142570496, 20.4375305176, 9.67289447784, 10.9170837402, 14.1725940704, 18.2548618317, 16.6651382446, 20.103143692, 24.7884502411, 25.2410449982, 26.5455703735, 24.6996841431, 33.3004493713, 30.3965206146, 26.4111194611, 23.9402732849, 24.0628890991, 17.3747692108, 12.0355396271, 9.61366271973, 9.28978347778, 7.05781269073, 4.81305122375, 3.85336470604, 4.01852703094, 3.72867798805, 3.23762178421, 2.04750227928, 1.51088821888, 0.938689470291, 0.486878544092, 0.257034420967, 0.12925863266, 0.0384054295719, 0.00115731742699, 5.29806529812e-05],
        "dvar": [0.0446378290653, 5.40320777893, 307.361175537, 871.834533691, 508.828704834, 747.960876465, 94.1691741943, 118.16910553, 168.721466064, 399.013275146, 579.422302246, 553.303344727, 725.906860352, 800.989746094, 1185.36804199, 1333.84265137, 2001.30627441, 1473.93859863, 992.880432129, 780.950927734, 512.608703613, 295.983154297, 156.943740845, 84.212562561, 86.7476425171, 46.2976875305, 32.3311729431, 14.7548780441, 17.8403968811, 13.4110040665, 10.212023735, 4.37667894363, 3.76528286934, 1.96139085293, 0.388626486063, 0.130339622498, 0.0352003499866, 0.00286529678851, 2.69527731689e-06, 2.32778019083e-09],
        "dvar2": [0.114381931722, 14.6320734024, 872.722412109, 2404.3059082, 1344.01708984, 1848.13513184, 197.861694336, 232.410949707, 372.874633789, 965.025390625, 1279.81933594, 1158.70751953, 1728.54553223, 1503.07971191, 2644.34350586, 2675.84692383, 4927.81884766, 2789.57617188, 2175.68896484, 1613.93066406, 1193.49975586, 744.215576172, 355.730895996, 204.830108643, 190.546112061, 119.331588745, 83.7163467407, 38.4424324036, 47.888469696, 32.600730896, 25.0293560028, 11.2434225082, 10.2803707123, 5.16758537292, 0.943760514259, 0.32784190774, 0.0800999403, 0.00647833384573, 6.16364422967e-06, 5.76096148563e-09],
        "max": [1.83384561539, 18.0595684052, 103.893806458, 196.370544434, 124.770530701, 231.863998413, 87.8332672119, 130.573669434, 177.75402832, 179.233398438, 361.509674072, 275.654418945, 344.013397217, 386.375762939, 526.610229492, 692.989013672, 648.052124023, 485.414611816, 394.59387207, 350.212188721, 224.772979736, 123.059562683, 116.449172974, 85.1614608765, 97.9835662842, 74.6242752075, 76.2634124756, 35.6129112244, 39.9964637756, 29.2852478027, 28.8647861481, 20.2997055054, 22.751001358, 18.6177310944, 7.56104850769, 4.31948947906, 2.24414920807, 0.457016021013, 0.0168858040124, 0.000353750714567],
        "mean": [0.140257626772, 1.77235078812, 7.06711483002, 12.2857875824, 11.583855629, 11.5515232086, 10.9960403442, 14.3597373962, 15.0277481079, 16.8907146454, 19.1080112457, 20.8096122742, 25.4563484192, 39.2766685486, 31.8215351105, 29.6438827515, 44.2702789307, 36.5116233826, 28.2079181671, 25.1473999023, 25.4093055725, 15.8983287811, 11.82513237, 9.88097858429, 10.1333971024, 6.8660941124, 4.48321056366, 3.39864993095, 3.16393065453, 3.05497813225, 2.57738041878, 1.68095993996, 1.10816562176, 0.667957603931, 0.378096610308, 0.190036982298, 0.102593585849, 0.0273102074862, 0.000773067527916, 5.4655920394e-05],
        "median": [0.0360020510852, 0.353881061077, 1.03422772884, 1.86171364784, 3.46106386185, 3.21795988083, 4.99988174438, 5.88703346252, 5.9051117897, 5.04939651489, 4.83948421478, 6.9972910881, 10.8193492889, 15.0303707123, 8.94514274597, 11.2278022766, 10.0222196579, 13.3152990341, 11.4930448532, 10.8032798767, 11.0390129089, 8.34718418121, 5.87500762939, 5.79324674606, 5.47976303101, 4.05140781403, 2.19026565552, 1.45484685898, 1.16882240772, 0.977723896503, 0.754711925983, 0.430969148874, 0.231427267194, 0.14504173398, 0.0762553662062, 0.0247508939356, 0.0106412023306, 0.00216611707583, 7.23430130165e-05, 3.25867404172e-05],
        "min": [9.44097244826e-09, 4.08554363673e-08, 6.791493945e-08, 5.26467864859e-08, 4.60708413641e-08, 2.0583176763e-07, 5.46453350125e-07, 7.12350640697e-07, 4.49506472933e-07, 1.35912628707e-07, 1.84624468602e-07, 1.78437829845e-07, 5.90509898757e-07, 9.86851432572e-07, 9.38161633712e-07, 6.70314591389e-07, 1.30802436615e-06, 3.98856769834e-07, 6.51005734653e-07, 4.57339268678e-07, 1.93744753574e-07, 2.68088655275e-07, 1.79659977562e-07, 2.19542087621e-07, 1.71139589611e-07, 3.780864688e-07, 2.2542251088e-07, 1.49566645291e-07, 2.15044750007e-07, 1.92400051446e-07, 1.57756318231e-07, 1.36260084105e-07, 1.14334525847e-07, 8.28723187851e-08, 5.18188372212e-08, 3.79342317558e-08, 2.86160677376e-08, 6.91615209547e-09, 2.32672547895e-09, 1.85102350114e-10],
        "stdev": [0.230070754886, 2.65375113487, 14.9855937958, 25.2628421783, 20.2251262665, 26.0358352661, 15.1572055817, 19.9354782104, 23.6490821838, 26.2727775574, 39.9313240051, 34.2577667236, 39.9008140564, 54.4890632629, 56.6831550598, 60.5615577698, 90.4082107544, 62.2800559998, 45.2684783936, 40.0459823608, 35.4616279602, 20.0804138184, 16.4194087982, 12.1805210114, 13.4951915741, 8.34752368927, 6.34079456329, 4.8832526207, 4.91195297241, 4.83891820908, 4.21754407883, 2.93310856819, 2.31794118881, 1.40903925896, 0.731406629086, 0.432341843843, 0.254065692425, 0.0660924986005, 0.00193998636678, 5.98741135036e-05],
        "var": [0.052932549268, 7.04239463806, 224.568008423, 638.211242676, 409.055725098, 677.864746094, 229.740875244, 397.423309326, 559.27911377, 690.258850098, 1594.51074219, 1173.59448242, 1592.07495117, 2969.05786133, 3212.97998047, 3667.70214844, 8173.64453125, 3878.80517578, 2049.23510742, 1603.68078613, 1257.52709961, 403.223022461, 269.596984863, 148.365081787, 182.120193481, 69.6811447144, 40.2056732178, 23.8461551666, 24.127281189, 23.4151306152, 17.7876777649, 8.6031255722, 5.37285089493, 1.98539173603, 0.534955620766, 0.186919465661, 0.0645493790507, 0.00436821812764, 3.7635472836e-06, 3.58490948038e-09]
    },
    "gfcc": {
        "mean": [-7.40503740311, 94.3767776489, -117.044288635, 25.7938899994, -49.1021537781, 16.0205993652, -36.8274383545, 6.39039850235, -24.2827205658, 1.53625690937, -16.2463951111, 2.17456459999, -9.90386486053],
        "cov": [[6490.19091797, -1018.97027588, 188.138504028, -52.2067642212, -232.655426025, 20.2037086487, -137.73600769, 69.8381118774, -96.7334747314, 116.776023865, -210.217315674, 42.1141204834, -274.53024292], [-1018.97027588, 1247.59521484, -176.200790405, 192.673416138, 299.161529541, 9.50989151001, 179.4322052, -40.7542190552, 74.4706573486, -168.770599365, 136.848098755, -188.830169678, 126.586395264], [188.138504028, -176.200790405, 1382.94372559, 545.507141113, 252.655517578, 271.933441162, 69.2703475952, 53.406955719, 6.471616745, -31.0582046509, -219.061355591, -55.5146408081, -202.799377441], [-52.2067642212, 192.673416138, 545.507141113, 476.518249512, 235.181167603, 173.080780029, 111.597221375, 28.5776348114, 24.4478988647, -85.7080383301, -48.218837738, -104.075668335, -57.1098327637], [-232.655426025, 299.161529541, 252.655517578, 235.181167603, 363.563232422, 172.433227539, 150.129943848, 15.9705371857, 27.8209724426, -37.1740150452, 9.12509918213, -70.042137146, -32.4440956116], [20.2037086487, 9.50989151001, 271.933441162, 173.080780029, 172.433227539, 221.915512085, 101.315078735, 29.6074104309, 2.67602205276, -6.56835651398, -15.4492530823, -33.9691505432, -41.6898384094], [-137.73600769, 179.4322052, 69.2703475952, 111.597221375, 150.129943848, 101.315078735, 165.155029297, 31.2730331421, 16.1226501465, -17.5643367767, 30.535610199, -33.8447875977, 1.17910420895], [69.8381118774, -40.7542190552, 53.406955719, 28.5776348114, 15.9705371857, 29.6074104309, 31.2730331421, 81.8536148071, 28.6116523743, 21.8226451874, -4.9720788002, 7.83913087845, -12.7322072983], [-96.7334747314, 74.4706573486, 6.471616745, 24.4478988647, 27.8209724426, 2.67602205276, 16.1226501465, 28.6116523743, 88.1746139526, 21.9277706146, 17.6939334869, -13.0656232834, 14.1577997208], [116.776023865, -168.770599365, -31.0582046509, -85.7080383301, -37.1740150452, -6.56835651398, -17.5643367767, 21.8226451874, 21.9277706146, 106.533561707, 19.5636768341, 45.0811347961, -10.6155033112], [-210.217315674, 136.848098755, -219.061355591, -48.218837738, 9.12509918213, -15.4492530823, 30.535610199, -4.9720788002, 17.6939334869, 19.5636768341, 121.618713379, 10.6684045792, 51.2481384277], [42.1141204834, -188.830169678, -55.5146408081, -104.075668335, -70.042137146, -33.9691505432, -33.8447875977, 7.83913087845, -13.0656232834, 45.0811347961, 10.6684045792, 106.712295532, 14.2877655029], [-274.53024292, 126.586395264, -202.799377441, -57.1098327637, -32.4440956116, -41.6898384094, 1.17910420895, -12.7322072983, 14.1577997208, -10.6155033112, 51.2481384277, 14.2877655029, 96.6032791138]],
        "icov": [[0.000199271773454, 8.40933935251e-05, 0.000138579795021, -0.000134280620841, 0.000103629456135, -3.90532914025e-05, -2.93585821964e-06, -7.96315362095e-05, 7.81139315222e-05, -0.000122383324197, 0.000211506601772, 4.0687591536e-05, 0.000532011734322], [8.40933935251e-05, 0.00289455405436, -0.000450828461908, 0.000751600367948, -0.00201791827567, 0.00187037745491, -0.0010752864182, 0.000194301333977, -0.00109730858821, 0.00302600627765, -0.00251042493619, 0.00369042018428, -0.0026085677091], [0.000138579795021, -0.000450828461908, 0.00293329055421, -0.00308984913863, 0.000427536549978, -0.00135146582033, 0.000410288805142, 0.000644364452455, -0.000428280327469, -0.00168737606145, 0.00371773610823, -0.00255164550617, 0.0032385266386], [-0.000134280620841, 0.000751600367948, -0.00308984913863, 0.00790232419968, -0.00187563663349, -0.000278697727481, -0.000605081499089, -0.00150690309238, -0.00110668549314, 0.00508335744962, -0.00341364159249, 0.00444084079936, -0.00224781990983], [0.000103629456135, -0.00201791827567, 0.000427536549978, -0.00187563663349, 0.00801557488739, -0.00381505023688, -0.00268626678735, 0.00174248707481, -0.000911324576009, -0.00167881918605, 0.00117768556811, -0.00216459995136, 0.00367993256077], [-3.90532914025e-05, 0.00187037745491, -0.00135146582033, -0.000278697727481, -0.00381505023688, 0.0109932608902, -0.00355769041926, -0.00116125342902, 0.00157459441107, -2.88846840704e-05, -0.00187729450408, 0.00294750742614, -0.0018844321603], [-2.93585821964e-06, -0.0010752864182, 0.000410288805142, -0.000605081499089, -0.00268626678735, -0.00355769041926, 0.0131143238395, -0.00446622818708, 0.00148833228741, -9.08089441509e-06, -0.00205809972249, -0.000244759692578, -0.00037304466241], [-7.96315362095e-05, 0.000194301333977, 0.000644364452455, -0.00150690309238, 0.00174248707481, -0.00116125342902, -0.00446622818708, 0.0177802946419, -0.00614218460396, -0.00205572741106, 0.00226537976414, -0.003139173612, 0.00239973817952], [7.81139315222e-05, -0.00109730858821, -0.000428280327469, -0.00110668549314, -0.000911324576009, 0.00157459441107, 0.00148833228741, -0.00614218460396, 0.0175136681646, -0.00685265427455, -0.000228164033615, 0.00315094133839, -0.00401245104149], [-0.000122383324197, 0.00302600627765, -0.00168737606145, 0.00508335744962, -0.00167881918605, -2.88846840704e-05, -9.08089441509e-06, -0.00205572741106, -0.00685265427455, 0.0210302062333, -0.00768222892657, -0.000675574177876, 0.00179335149005], [0.000211506601772, -0.00251042493619, 0.00371773610823, -0.00341364159249, 0.00117768556811, -0.00187729450408, -0.00205809972249, 0.00226537976414, -0.000228164033615, -0.00768222892657, 0.0189847629517, -0.00517419306561, -0.000530613935553], [4.0687591536e-05, 0.00369042018428, -0.00255164550617, 0.00444084079936, -0.00216459995136, 0.00294750742614, -0.000244759692578, -0.003139173612, 0.00315094133839, -0.000675574177876, -0.00517419306561, 0.0208446010947, -0.0081913145259], [0.000532011734322, -0.0026085677091, 0.0032385266386, -0.00224781990983, 0.00367993256077, -0.0018844321603, -0.00037304466241, 0.00239973817952, -0.00401245104149, 0.00179335149005, -0.000530613935553, -0.0081913145259, 0.0237730927765]]
    },
    "melbands": {
        "dmean": [0.0012612878345, 0.00319762947038, 0.00224205548875, 0.000892324722372, 0.000243420567131, 0.00016565923579, 0.000129149120767, 0.000127732942929, 8.63630775711e-05, 8.07153774076e-05, 7.8780009062e-05, 7.18090741429e-05, 6.88981599524e-05, 4.67333848064e-05, 4.61934905616e-05, 3.87304789911e-05, 4.18723939219e-05, 3.15887882607e-05, 2.12241193367e-05, 1.81579998753e-05, 2.02169776458e-05, 1.19664437079e-05, 1.11802555693e-05, 5.48364732822e-06, 5.12146698384e-06, 5.64272249903e-06, 3.05585126625e-06, 2.85087276097e-06, 2.06815730053e-06, 1.68762835528e-06, 1.40292684137e-06, 1.44774571709e-06, 1.35630614295e-06, 1.35847551519e-06, 1.26541613099e-06, 1.01996738522e-06, 7.10088215783e-07, 6.80490074956e-07, 5.86639089306e-07, 4.708532515e-07],
        "dmean2": [0.0020357016474, 0.00539800152183, 0.00384426233359, 0.00147419981658, 0.000378424359951, 0.000245862203883, 0.000217653359869, 0.000203062561923, 0.00013237168605, 0.000126330356579, 0.000127549224999, 0.000106706742372, 0.000102303391031, 7.275439566e-05, 7.21883698134e-05, 5.93213335378e-05, 6.47270135232e-05, 4.91041500936e-05, 3.26445915562e-05, 2.79365904134e-05, 3.13727614412e-05, 1.97184072022e-05, 1.84444015758e-05, 9.112324733e-06, 8.1337411757e-06, 9.01738530956e-06, 4.91771743327e-06, 4.69711403639e-06, 3.36551465807e-06, 2.78900279227e-06, 2.25829057854e-06, 2.38221423388e-06, 2.29780357586e-06, 2.18122977458e-06, 2.038658522e-06, 1.67107532434e-06, 1.15782586363e-06, 1.11094834665e-06, 9.94861238723e-07, 7.59695410579e-07],
        "dvar": [3.82451389669e-06, 4.51816049463e-05, 2.37894601014e-05, 3.07130903821e-06, 1.49165060748e-07, 5.79293484293e-08, 3.82793636788e-08, 5.93387348147e-08, 3.03126377332e-08, 2.32104433451e-08, 1.87871123103e-08, 1.55373509614e-08, 2.07207371261e-08, 1.03420800812e-08, 7.56224327603e-09, 5.50082956963e-09, 7.15243375637e-09, 3.78876041651e-09, 1.27242216763e-09, 8.27026058747e-10, 8.50413794939e-10, 4.09806855117e-10, 3.68084535074e-10, 9.71552768791e-11, 6.34632277285e-11, 8.71693481286e-11, 2.03521938885e-11, 2.1974803921e-11, 1.74475833087e-11, 7.12094098965e-12, 5.93859727019e-12, 6.8066385861e-12, 5.49774071754e-12, 5.09860252976e-12, 4.30269665383e-12, 2.63772705934e-12, 1.5821021793e-12, 2.0106648551e-12, 2.13077168756e-12, 1.27391922965e-12],
        "dvar2": [9.85167480394e-06, 0.000129263455165, 6.57039345242e-05, 7.65997265262e-06, 3.47297628878e-07, 1.12383901296e-07, 8.62454712092e-08, 1.41029062206e-07, 6.81131808733e-08, 4.76891131029e-08, 4.46837127299e-08, 2.95986257726e-08, 4.11088798558e-08, 2.26031957595e-08, 1.6963051408e-08, 1.27661881066e-08, 1.35576891935e-08, 8.10368927517e-09, 2.88655721548e-09, 1.77327508233e-09, 1.99800154199e-09, 1.04631725506e-09, 8.96294316544e-10, 2.45529568899e-10, 1.56506044235e-10, 1.79181988691e-10, 5.07440756081e-11, 5.85336293324e-11, 4.62547292135e-11, 1.86720604256e-11, 1.54823966148e-11, 1.83006682725e-11, 1.5089610117e-11, 1.21025515998e-11, 1.07542559927e-11, 6.42149397892e-12, 4.30478482721e-12, 5.59202467318e-12, 5.90862775374e-12, 3.3110495682e-12],
        "max": [0.0184620507061, 0.0416241213679, 0.0320625156164, 0.0154183898121, 0.0033771279268, 0.00285486481152, 0.00278978678398, 0.00270239962265, 0.0023675467819, 0.00208608177491, 0.00175114825834, 0.00172884284984, 0.0025798571296, 0.00144438189454, 0.00109906215221, 0.0010579287773, 0.00109484011773, 0.000916628807317, 0.000335489807185, 0.000304178334773, 0.000243303293246, 0.000170568891917, 0.000180370334419, 0.00013364496408, 7.59807953727e-05, 0.00011610504589, 4.73388281534e-05, 5.43915339222e-05, 5.68507930438e-05, 2.39866494667e-05, 2.36883552134e-05, 2.33484915952e-05, 2.11626320379e-05, 2.03471245186e-05, 1.76393205038e-05, 1.57767626661e-05, 1.24592816064e-05, 1.64870107255e-05, 1.73390108102e-05, 1.55114194058e-05],
        "mean": [0.00160263990983, 0.00329087348655, 0.00211465544999, 0.000835368758999, 0.000397220428567, 0.000330888869939, 0.000223503899178, 0.000197824687348, 0.000151628861204, 0.000126797371195, 0.000128249957925, 0.000161464544362, 0.000123617224745, 7.40477626096e-05, 9.05991037143e-05, 7.44125281926e-05, 7.15726637281e-05, 4.90413221996e-05, 3.1808638596e-05, 2.91228516289e-05, 3.00869614875e-05, 1.62366995937e-05, 1.53022410814e-05, 7.79303536547e-06, 7.67165056459e-06, 9.21829996514e-06, 5.11334019393e-06, 4.16269222114e-06, 2.82597761725e-06, 2.32695651903e-06, 1.87818056929e-06, 1.83806480436e-06, 1.64244056577e-06, 1.72935449427e-06, 1.49310767483e-06, 1.36863729949e-06, 8.71804274993e-07, 7.75118735419e-07, 6.69605299208e-07, 5.27353051893e-07],
        "median": [0.000436941336375, 0.000552501296625, 0.000377182732336, 0.000255547376582, 0.00018872806686, 0.000137812603498, 8.50809592521e-05, 5.15106730745e-05, 3.86457759305e-05, 4.13030466007e-05, 5.3587162256e-05, 5.70905431232e-05, 2.45650262514e-05, 1.65423243743e-05, 2.32065449381e-05, 1.54012195708e-05, 2.02403098228e-05, 1.76642734004e-05, 1.22774108604e-05, 1.28805777422e-05, 1.22111805467e-05, 7.32471289666e-06, 6.18292233412e-06, 3.63106710211e-06, 4.06683511756e-06, 4.40369467469e-06, 3.18536763189e-06, 2.2889948923e-06, 1.26138570522e-06, 9.51315485054e-07, 7.27400902178e-07, 6.55426106277e-07, 5.68051802929e-07, 5.16624254487e-07, 4.13595216742e-07, 3.48749921386e-07, 2.07674219155e-07, 1.58248198545e-07, 1.22112638223e-07, 1.09420540184e-07],
        "min": [8.52425699471e-11, 4.03669389581e-11, 8.56633340651e-12, 8.09940742946e-12, 1.78333320333e-11, 1.61263277038e-11, 6.13380570294e-12, 1.33476313769e-12, 1.379451566e-12, 1.31326503491e-12, 3.09111850699e-12, 3.97506810454e-12, 3.61777101332e-12, 1.40845473305e-12, 2.90635354325e-12, 2.30498020844e-12, 5.39222366844e-13, 9.3385726669e-13, 1.14285447425e-12, 2.01943279807e-13, 2.53806822564e-13, 3.26470431635e-13, 1.52607161391e-13, 1.85247786078e-13, 1.80732612578e-13, 1.14314455254e-13, 1.47912403354e-13, 2.85118066309e-13, 1.51161160954e-13, 1.01609503146e-13, 8.05448847267e-14, 1.13250039771e-13, 1.32127707213e-13, 9.39834961158e-14, 8.74136985127e-14, 9.6662559684e-14, 7.2990245304e-14, 8.59475793487e-14, 6.25595698834e-14, 7.05493606243e-14],
        "stdev": [0.00236559123732, 0.00604932522401, 0.00417379708961, 0.00166535808239, 0.000532212085091, 0.000459385220893, 0.000342865881976, 0.000346896878909, 0.000285116053419, 0.000224973089644, 0.000202283859835, 0.000235677478486, 0.000262913876213, 0.000153608052642, 0.000171647203388, 0.000139524912811, 0.000135474518174, 8.96384444786e-05, 4.76577770314e-05, 4.15755457652e-05, 4.2845698772e-05, 2.25575076911e-05, 2.32135007536e-05, 1.13642236101e-05, 1.00895540527e-05, 1.37683073262e-05, 6.08482559983e-06, 5.34972969035e-06, 4.32186061516e-06, 3.33135767505e-06, 2.89192189484e-06, 2.94091182695e-06, 2.66063489107e-06, 2.89526474262e-06, 2.52789095612e-06, 2.29865008805e-06, 1.6396807041e-06, 1.61710011071e-06, 1.56164708187e-06, 1.11658391688e-06],
