{
"metadata": {
    "version": {
        "essentia": "2.1-beta6-dev",
        "essentia_git_sha": "v2.1_beta5-778-gc9eadba6",
        "extractor": "music 2.0"
    },
    "audio_properties": {
        "analysis": {
            "equal_loudness": 0,
            "length": 14.9999771118,
            "sample_rate": 44100,
            "start_time": 0,
            "downmix": "mix"
        },
        "bit_rate": 128000,
        "length": 15,
        "lossless": 0,
        "number_channels": 2,
        "replay_gain": 0.311368942261,
        "sample_rate": 48000,
        "codec": "mp3",
        "md5_encoded": "bfda8e4c1f4a3e0bff759e391dc4d0bb"
    },
    "tags": {
        "file_name": "systemofadown-atwa.mp3",
        "encoding": ["Lavf59.16.100"]
    }
},
"lowlevel": {
    "average_loudness": 0.962406754494,
    "barkbands_crest": {
        "dmean": 1.30377197266,
        "dmean2": 1.88441300392,
        "dvar": 3.18787026405,
        "dvar2": 7.00858068466,
        "max": 23.5465297699,
        "mean": 14.6262769699,
        "median": 13.942029953,
        "min": 4.31103467941,
        "stdev": 4.49928092957,
        "var": 20.2435302734
    },
    "barkbands_flatness_db": {
        "dmean": 0.0264070536941,
        "dmean2": 0.0386326946318,
        "dvar": 0.00119567557704,
        "dvar2": 0.00208539306186,
        "max": 0.651042222977,
        "mean": 0.414087444544,
        "median": 0.404127895832,
        "min": 0.0639776736498,
        "stdev": 0.121625818312,
        "var": 0.0147928399965
    },
    "barkbands_kurtosis": {
        "dmean": 8.23869991302,
        "dmean2": 12.6325454712,
        "dvar": 508.054504395,
        "dvar2": 1223.34521484,
        "max": 380.77255249,
        "mean": 19.0867843628,
        "median": 6.23647785187,
        "min": -1.7771756649,
        "stdev": 35.9551353455,
        "var": 1292.77172852
    },
    "barkbands_skewness": {
        "dmean": 0.578729748726,
        "dmean2": 0.825276613235,
        "dvar": 0.792292714119,
        "dvar2": 1.68418550491,
        "max": 13.1948070526,
        "mean": 2.00467777252,
        "median": 1.58084774017,
        "min": -2.14755558968,
        "stdev": 1.99805617332,
        "var": 3.99222826958
    },
    "barkbands_spread": {
        "dmean": 1.44665277004,
        "dmean2": 2.05616641045,
        "dvar": 12.9705324173,
        "dvar2": 24.0396842957,
        "max": 35.1519088745,
        "mean": 5.77051067352,
        "median": 2.07345724106,
        "min": 0.22693130374,
        "stdev": 7.88658237457,
        "var": 62.1981811523
    },
    "dissonance": {
        "dmean": 0.0283406786621,
        "dmean2": 0.0427662692964,
        "dvar": 0.000816414947622,
        "dvar2": 0.00168046006002,
        "max": 0.497424840927,
        "mean": 0.358332365751,
        "median": 0.380835294724,
        "min": 0.150462403893,
        "stdev": 0.0881823152304,
        "var": 0.00777612021193
    },
    "dynamic_complexity": 3.17254853249,
    "erbbands_crest": {
        "dmean": 1.77438116074,
        "dmean2": 2.7397134304,
        "dvar": 5.02846288681,
        "dvar2": 12.4835195541,
        "max": 26.2199840546,
        "mean": 14.4204740524,
        "median": 13.8704004288,
        "min": 2.76513314247,
        "stdev": 4.86753797531,
        "var": 23.6929264069
    },
    "erbbands_flatness_db": {
        "dmean": 0.0178665071726,
        "dmean2": 0.0253755059093,
        "dvar": 0.00049950927496,
        "dvar2": 0.000949729408603,
        "max": 0.478281199932,
        "mean": 0.331941097975,
        "median": 0.337058871984,
        "min": 0.0924593657255,
        "stdev": 0.0788579583168,
        "var": 0.00621857726946
    },
    "erbbands_kurtosis": {
        "dmean": 4.43266820908,
        "dmean2": 6.27187252045,
        "dvar": 84.6176071167,
        "dvar2": 190.048934937,
        "max": 126.031967163,
        "mean": 14.6564655304,
        "median": 5.74871635437,
        "min": -1.81795978546,
        "stdev": 21.5131912231,
        "var": 462.81741333
    },
    "erbbands_skewness": {
        "dmean": 0.52842772007,
        "dmean2": 0.742170810699,
        "dvar": 0.711677968502,
        "dvar2": 1.41828787327,
        "max": 8.91067028046,
        "mean": 2.01793789864,
        "median": 1.84175479412,
        "min": -2.69135379791,
        "stdev": 1.99071335793,
        "var": 3.96293973923
    },
    "erbbands_spread": {
        "dmean": 4.67433595657,
        "dmean2": 6.93959236145,
        "dvar": 69.2553710938,
        "dvar2": 178.280639648,
        "max": 78.5852203369,
        "mean": 18.0208454132,
        "median": 12.6720590591,
        "min": 1.02206516266,
        "stdev": 15.8588409424,
        "var": 251.502822876
    },
    "hfc": {
        "dmean": 2.90912461281,
        "dmean2": 4.24552202225,
        "dvar": 59.376449585,
        "dvar2": 135.906387329,
        "max": 122.233047485,
        "mean": 10.1457443237,
        "median": 7.06146144867,
        "min": 1.16764960852e-16,
        "stdev": 10.8773212433,
        "var": 118.316123962
    },
    "loudness_ebu128": {
        "integrated": -23.4763793945,
        "loudness_range": 1.14356803894,
        "momentary": {
            "dmean": 0.666842401028,
            "dmean2": 0.590245842934,
            "dvar": 0.7707695961,
            "dvar2": 0.473773628473,
            "max": -20.9332237244,
            "mean": -24.1097602844,
            "median": -23.490354538,
            "min": -42.2790222168,
            "stdev": 2.84941124916,
            "var": 8.1191444397
        },
        "short_term": {
            "dmean": 0.08244612813,
            "dmean2": 0.0773878991604,
            "dvar": 0.00349662057124,
            "dvar2": 0.00491483742371,
            "max": -22.2180156708,
            "mean": -23.2471084595,
            "median": -23.3198795319,
            "min": -24.7150688171,
            "stdev": 0.440061867237,
            "var": 0.193654447794
        }
    },
    "melbands_crest": {
        "dmean": 1.61350059509,
        "dmean2": 2.33979105949,
        "dvar": 4.8446726799,
        "dvar2": 10.2149362564,
        "max": 31.7757949829,
        "mean": 18.0342922211,
        "median": 17.8396472931,
        "min": 1.00073468685,
        "stdev": 5.0972738266,
        "var": 25.9822006226
    },
    "melbands_flatness_db": {
        "dmean": 0.0285901781172,
        "dmean2": 0.040609087795,
        "dvar": 0.00175282778218,
        "dvar2": 0.00304426020011,
        "max": 0.769775271416,
        "mean": 0.514544069767,
        "median": 0.503502190113,
        "min": -1.2080109002e-07,
        "stdev": 0.14465674758,
        "var": 0.0209255740047
    },
    "melbands_kurtosis": {
        "dmean": 10.5677785873,
        "dmean2": 15.8934020996,
        "dvar": 489.967193604,
        "dvar2": 1092.93054199,
        "max": 370.533111572,
        "mean": 25.7277603149,
        "median": 11.9412784576,
        "min": -1.7087148428,
        "stdev": 36.8019256592,
        "var": 1354.38171387
    },
    "melbands_skewness": {
        "dmean": 0.602360785007,
        "dmean2": 0.866357028484,
        "dvar": 0.954615056515,
        "dvar2": 2.29921507835,
        "max": 11.0266675949,
        "mean": 2.59542322159,
        "median": 2.17898249626,
        "min": -0.269955903292,
        "stdev": 1.92813003063,
        "var": 3.71768522263
    },
    "melbands_spread": {
        "dmean": 2.07418847084,
        "dmean2": 2.97860431671,
        "dvar": 48.7888832092,
        "dvar2": 88.3618011475,
        "max": 133.337219238,
        "mean": 7.33330965042,
        "median": 1.85050785542,
        "min": 0.292679607868,
        "stdev": 15.8779802322,
        "var": 252.110244751
    },
    "pitch_salience": {
        "dmean": 0.0380014963448,
        "dmean2": 0.0583858415484,
        "dvar": 0.00343318213709,
        "dvar2": 0.0085037285462,
        "max": 0.997737526894,
        "mean": 0.492627620697,
        "median": 0.504116714001,
        "min": 0.069035820663,
        "stdev": 0.130767926574,
        "var": 0.0171002522111
    },
    "silence_rate_20dB": {
        "dmean": 0,
        "dmean2": 0,
        "dvar": 0,
        "dvar2": 0,
        "max": 1,
        "mean": 1,
        "median": 1,
        "min": 1,
        "stdev": 0,
        "var": 0
    },
    "silence_rate_30dB": {
        "dmean": 0.0061919502914,
        "dmean2": 0.012403100729,
        "dvar": 0.00615364918485,
        "dvar2": 0.0153499087319,
        "max": 1,
        "mean": 0.995363235474,
        "median": 1,
        "min": 0,
        "stdev": 0.0679356232285,
        "var": 0.00461524911225
    },
    "silence_rate_60dB": {
        "dmean": 0.0061919502914,
        "dmean2": 0.012403100729,
        "dvar": 0.00615362590179,
        "dvar2": 0.0153500949964,
        "max": 1,
        "mean": 0.0510046370327,
        "median": 0,
        "min": 0,
        "stdev": 0.220007538795,
        "var": 0.0484033152461
    },
    "spectral_centroid": {
        "dmean": 87.899269104,
        "dmean2": 133.796310425,
        "dvar": 124987.640625,
        "dvar2": 244370.609375,
        "max": 11304.7841797,
        "mean": 490.941375732,
        "median": 240.516601562,
        "min": 105.177719116,
        "stdev": 1022.75341797,
        "var": 1046024.5
    },
    "spectral_complexity": {
        "dmean": 1.00928795338,
        "dmean2": 1.7209302187,
        "dvar": 5.14230775833,
        "dvar2": 11.2709188461,
        "max": 27,
        "mean": 6.35703229904,
        "median": 5,
        "min": 0,
        "stdev": 4.07626676559,
        "var": 16.6159496307
    },
    "spectral_decrease": {
        "dmean": 1.83279214028e-09,
        "dmean2": 2.59249310908e-09,
        "dvar": 1.00099061528e-17,
        "dvar2": 2.15683754759e-17,
        "max": 6.78301632872e-29,
        "mean": -8.89640805468e-09,
        "median": -8.23124945981e-09,
        "min": -4.5459344733e-08,
        "stdev": 5.36582112076e-09,
        "var": 2.87920362319e-17
    },
    "spectral_energy": {
        "dmean": 0.00715972622856,
        "dmean2": 0.0101382751018,
        "dvar": 0.00015154950961,
        "dvar2": 0.000327712390572,
        "max": 0.174645707011,
        "mean": 0.0344973504543,
        "median": 0.0320376493037,
        "min": 1.04239612505e-20,
        "stdev": 0.0207754410803,
        "var": 0.000431618915172
    },
    "spectral_energyband_high": {
        "dmean": 3.1651230529e-05,
        "dmean2": 4.73586951557e-05,
        "dvar": 1.7941687247e-08,
        "dvar2": 3.73205750748e-08,
        "max": 0.00251112086698,
        "mean": 5.22434311279e-05,
        "median": 1.90591276805e-06,
        "min": 7.34566029971e-21,
        "stdev": 0.000198601032025,
        "var": 3.94423693706e-08
    },
    "spectral_energyband_low": {
        "dmean": 0.00189584086183,
        "dmean2": 0.00270618661307,
        "dvar": 1.9670889742e-05,
        "dvar2": 4.06546751037e-05,
        "max": 0.0675171539187,
        "mean": 0.0114840744063,
        "median": 0.00892596784979,
        "min": 4.97222941311e-23,
        "stdev": 0.00943630281836,
        "var": 8.90438168426e-05
    },
    "spectral_energyband_middle_high": {
        "dmean": 0.000834925333038,
        "dmean2": 0.00121242413297,
        "dvar": 1.01330524558e-05,
        "dvar2": 2.32795518968e-05,
        "max": 0.0511394590139,
        "mean": 0.00189517100807,
        "median": 0.000117353243695,
        "min": 1.42783662286e-21,
        "stdev": 0.00436705583706,
        "var": 1.90711780306e-05
    },
    "spectral_energyband_middle_low": {
        "dmean": 0.00586132751778,
        "dmean2": 0.00828935671598,
        "dvar": 0.000107074622065,
        "dvar2": 0.000236920590396,
        "max": 0.161503180861,
        "mean": 0.0226230025291,
        "median": 0.0192836094648,
        "min": 1.15970858195e-22,
        "stdev": 0.0188924074173,
        "var": 0.000356923090294
    },
    "spectral_entropy": {
        "dmean": 0.259303599596,
        "dmean2": 0.372029989958,
        "dvar": 0.1505253613,
        "dvar2": 0.289356559515,
        "max": 9.81132888794,
        "mean": 5.22737455368,
        "median": 5.25688505173,
        "min": 3.55394268036,
        "stdev": 1.02792465687,
        "var": 1.05662918091
    },
    "spectral_flux": {
        "dmean": 0.0211006179452,
        "dmean2": 0.0329716280103,
        "dvar": 0.00102777662687,
        "dvar2": 0.00239500729367,
        "max": 0.280111700296,
        "mean": 0.0378295816481,
        "median": 0.0240727774799,
        "min": 6.6794056397e-11,
        "stdev": 0.0413030721247,
        "var": 0.00170594372321
    },
    "spectral_kurtosis": {
        "dmean": 17.7333431244,
        "dmean2": 29.6381874084,
        "dvar": 456.09375,
        "dvar2": 1211.67785645,
        "max": 219.242416382,
        "mean": 50.8929634094,
        "median": 26.6728000641,
        "min": -1.20788311958,
        "stdev": 49.0518875122,
        "var": 2406.08764648
    },
    "spectral_rms": {
        "dmean": 0.000557697960176,
        "dmean2": 0.000771650869865,
        "dvar": 7.69482994656e-07,
        "dvar2": 1.57794306688e-06,
        "max": 0.013053201139,
        "mean": 0.0054774414748,
        "median": 0.00559072848409,
        "min": 3.18899941176e-12,
        "stdev": 0.00191143387929,
        "var": 3.65357959708e-06
    },
    "spectral_rolloff": {
        "dmean": 114.165756226,
        "dmean2": 202.745635986,
        "dvar": 510151.625,
        "dvar2": 1000124.625,
        "max": 19272.2167969,
        "mean": 637.744567871,
        "median": 236.865234375,
        "min": 107.666015625,
        "stdev": 1933.94177246,
        "var": 3740130.75
    },
    "spectral_skewness": {
        "dmean": 1.05494642258,
        "dmean2": 1.73560738564,
        "dvar": 1.19585895538,
        "dvar2": 2.85963273048,
        "max": 11.5907688141,
        "mean": 4.89499235153,
        "median": 3.76656842232,
        "min": -0.0144972121343,
        "stdev": 2.93721222878,
        "var": 8.62721538544
    },
    "spectral_spread": {
        "dmean": 495390.40625,
        "dmean2": 798718.125,
        "dvar": 1.85547698995e+12,
        "dvar2": 3.69991797965e+12,
        "max": 41473948,
        "mean": 2402749.75,
        "median": 1699993.875,
        "min": 422100.65625,
        "stdev": 3590797.5,
        "var": 1.28938273669e+13
    },
    "spectral_strongpeak": {
        "dmean": 0.274455159903,
        "dmean2": 0.456779837608,
        "dvar": 0.630360662937,
        "dvar2": 1.4979776144,
        "max": 13.3991804123,
        "mean": 0.91802752018,
        "median": 0.755788743496,
        "min": 0,
        "stdev": 0.891878545284,
        "var": 0.795447349548
    },
    "zerocrossingrate": {
        "dmean": 0.00430987589061,
        "dmean2": 0.00514701427892,
        "dvar": 0.0003060035815,
        "dvar2": 0.000400305521907,
        "max": 0.6953125,
        "mean": 0.0240284185857,
        "median": 0.0107421875,
        "min": 0.00390625,
        "stdev": 0.0591662451625,
        "var": 0.00350064435042
    },
    "barkbands": {
        "dmean": [7.38962717151e-06, 0.000618377234787, 0.00108933087904, 0.00131353666075, 0.00435587810352, 0.000230871577514, 0.000260285800323, 5.44520771655e-05, 0.000208188343095, 0.000175260924152, 1.37363213071e-05, 2.01046987058e-05, 7.477431609e-06, 0.000103314268927, 8.39890853968e-05, 0.000446742895292, 0.000236284409766, 1.03018664959e-05, 1.88274407265e-05, 1.78963509825e-05, 1.862083991e-05, 3.50508457814e-07, 1.18029652185e-06, 1.3085611954e-06, 1.64101504652e-06, 3.58692233249e-07, 1.22978316419e-09],
        "dmean2": [1.29801564981e-05, 0.000915137119591, 0.00161534443032, 0.00188105343841, 0.00612435722724, 0.000350821675966, 0.000366417138139, 7.47255835449e-05, 0.000309235678287, 0.000227766809985, 1.99365695153e-05, 3.12730880978e-05, 1.34068595798e-05, 0.000137887866003, 0.000115663133329, 0.000676541123539, 0.000365450017853, 1.70428102138e-05, 2.77034014289e-05, 2.88303126581e-05, 2.94487290375e-05, 6.04587683029e-07, 1.74535136921e-06, 1.87026000731e-06, 2.58314344137e-06, 5.88557952597e-07, 2.24981633323e-09],
        "dvar": [2.32493385655e-10, 1.37989877658e-06, 8.63205150381e-06, 1.69080303749e-05, 5.6641849369e-05, 2.86209257183e-07, 4.76123346971e-07, 2.80430914046e-08, 4.26130100095e-07, 2.44111987513e-07, 2.07792560936e-09, 4.56300019991e-09, 8.17534095976e-10, 1.03455626288e-07, 1.26180509596e-07, 3.66540120922e-06, 8.33511364817e-07, 3.54908524791e-09, 5.04240738053e-09, 6.81952005976e-09, 7.48183115462e-09, 1.52008917606e-12, 1.3340229095e-11, 2.66445910474e-11, 2.04651816327e-11, 1.40160561109e-12, 2.32504712398e-18],
        "dvar2": [6.50230258525e-10, 2.81075313069e-06, 1.80571314559e-05, 3.49763395207e-05, 0.000125865684822, 6.14261921328e-07, 9.26909194732e-07, 4.25160529005e-08, 9.99462031359e-07, 4.85040629883e-07, 4.09532496803e-09, 9.97429605576e-09, 2.34026220625e-09, 1.72594667447e-07, 2.84420735852e-07, 8.96409710549e-06, 1.708093464e-06, 8.90010820598e-09, 9.76975300659e-09, 1.56804862428e-08, 1.54361590177e-08, 4.10568584339e-12, 2.84042980109e-11, 4.50268676511e-11, 5.58600214695e-11, 3.11189767531e-12, 7.08804035861e-18],
        "max": [0.000158751601703, 0.0157950781286, 0.0515762418509, 0.0881170034409, 0.0804279595613, 0.00733472639695, 0.0102563127875, 0.00356190348975, 0.0116790682077, 0.00848965719342, 0.000556713086553, 0.000958126038313, 0.0002697405871, 0.00521156191826, 0.00623177085072, 0.0353425145149, 0.0150279272348, 0.000968618376646, 0.00146890466567, 0.00138639216311, 0.00185231561773, 1.51203057612e-05, 5.95892815909e-05, 9.34271738515e-05, 5.95083511143e-05, 2.00945323741e-05, 1.48624712537e-08],
        "mean": [7.3432879617e-06, 0.00390107324347, 0.00623077712953, 0.00364176975563, 0.0165642146021, 0.000707963539753, 0.00073888048064, 0.000205841410207, 0.000434770801803, 0.00050117529463, 2.4714945539e-05, 2.35217758018e-05, 6.77627122059e-06, 0.000186012519407, 0.000167689984664, 0.000662418256979, 0.000397593335947, 1.22046758406e-05, 2.52902900684e-05, 2.09282152355e-05, 2.60588658421e-05, 4.73071111173e-07, 2.2765536869e-06, 2.76155378742e-06, 4.11290511693e-06, 7.3035710102e-07, 1.19859389081e-09],
        "median": [3.01651289192e-06, 0.00355684407987, 0.00252615613863, 0.00110685708933, 0.0134197436273, 0.000249151722528, 8.02186605142e-06, 5.33783077117e-06, 8.19477354526e-05, 4.33570166933e-05, 1.68197925632e-06, 2.03969761969e-06, 5.68531049794e-07, 5.85755879001e-06, 1.7911966097e-06, 3.52462757292e-06, 2.22773519454e-06, 3.1233230402e-07, 7.69043026594e-07, 1.17441982184e-06, 3.90713694287e-07, 4.25864392639e-08, 2.8283313469e-08, 2.16385291907e-08, 2.91561241816e-09, 1.14720000166e-09, 6.68138100401e-10],
        "min": [1.99914609715e-24, 1.18618994834e-23, 1.87166420272e-24, 4.41749603478e-24, 6.28275725075e-24, 1.63226680887e-23, 1.53819861691e-23, 7.76507185673e-24, 2.76388777741e-23, 3.02495592974e-23, 3.2312796596e-23, 6.35096768664e-23, 6.22385947562e-23, 7.09286107574e-23, 8.25449536183e-23, 1.2249650493e-22, 1.12181814117e-22, 1.36731405301e-22, 2.15208146433e-22, 2.21244560567e-22, 4.05957868759e-22, 4.26864273091e-22, 5.64787249634e-22, 6.72846148494e-22, 1.12481952341e-21, 1.23371797222e-21, 2.14224794081e-21],
        "stdev": [1.49719935507e-05, 0.00284422072582, 0.00802708882838, 0.00742406351492, 0.0146131152287, 0.0012037884444, 0.00151898304466, 0.000551626086235, 0.000910495349672, 0.00111356109846, 6.98733492754e-05, 8.29980926937e-05, 2.30583355005e-05, 0.00055158068426, 0.000522295362316, 0.00215901667252, 0.00130117137451, 6.40158104943e-05, 9.49770837906e-05, 9.49714667513e-05, 0.000133484136313, 1.35464915729e-06, 6.10137158219e-06, 8.93396554602e-06, 9.41035523283e-06, 2.42738087763e-06, 1.41401945708e-09],
        "var": [2.24160592865e-10, 8.08959157439e-06, 6.44341489533e-05, 5.51167177036e-05, 0.000213543127757, 1.44910654853e-06, 2.30730961448e-06, 3.04291347675e-07, 8.29001805869e-07, 1.24001826407e-06, 4.88228479867e-09, 6.8886829574e-09, 5.31686861205e-10, 3.04241240201e-07, 2.72792419764e-07, 4.66135270472e-06, 1.69304689734e-06, 4.09802414225e-09, 9.02064645203e-09, 9.01957886157e-09, 1.78180155075e-08, 1.8350741933e-12, 3.7226735583e-11, 7.98157442916e-11, 8.85547815632e-11, 5.89217823838e-12, 1.9994510505e-18]
    },
    "erbbands": {
        "dmean": [0.00479057431221, 0.192751854658, 1.2051371336, 2.60366010666, 13.4472446442, 14.5095996857, 5.45859718323, 1.323808074, 4.47640800476, 1.43833649158, 1.6821911335, 4.24979066849, 6.87667512894, 1.68902158737, 0.602902233601, 0.776977300644, 0.437589138746, 3.01267766953, 4.76393508911, 11.4565296173, 25.7516269684, 9.56611442566, 0.910969436169, 0.921870470047, 0.663452923298, 0.993981540203, 1.12009358406, 0.269696712494, 0.0183811448514, 0.010091832839, 0.036720380187, 0.042408708483, 0.0114418268204, 0.0149328717962, 0.0148105854169, 0.00341407256201, 0.000126073195133, 4.20816650148e-06, 3.50251434611e-06, 8.01869646239e-06],
        "dmean2": [0.00770263979211, 0.281152278185, 1.74631464481, 3.66575217247, 19.906370163, 20.5352039337, 8.27831077576, 1.98469865322, 6.26612329483, 1.93631863594, 2.45197486877, 6.25737667084, 9.13023948669, 2.32674860954, 0.874985992908, 1.18232238293, 0.729586660862, 4.03549098969, 6.27201986313, 17.3487243652, 38.4865608215, 15.1540708542, 1.41723418236, 1.36685538292, 0.997157275677, 1.60560083389, 1.80985498428, 0.444351226091, 0.0303259510547, 0.0145188085735, 0.0534473620355, 0.0610028244555, 0.0179614219815, 0.0239700190723, 0.0237379260361, 0.00533158425242, 0.000193981497432, 6.55254825688e-06, 4.92548315378e-06, 1.13748619697e-05],
        "dvar": [6.11689683865e-05, 0.142365351319, 9.13212108612, 63.7318725586, 641.391967773, 787.960693359, 249.255340576, 8.61307525635, 156.106048584, 15.7562112808, 20.6925144196, 204.762313843, 362.669647217, 18.4657535553, 3.71156191826, 6.54007482529, 2.38897418976, 100.434417725, 241.137435913, 2970.45947266, 11580.6113281, 1384.46289062, 20.0214862823, 19.166967392, 4.74121761322, 20.1654663086, 34.1078529358, 1.21326911449, 0.00381938694045, 0.0011590491049, 0.0119523620233, 0.0223547723144, 0.00261599570513, 0.00183464039583, 0.00177652819548, 0.000125650403788, 1.74579881218e-07, 1.23956372944e-10, 3.5309345725e-11, 1.89440615972e-10],
        "dvar2": [0.000140300719067, 0.289487838745, 18.5319538116, 132.508026123, 1455.42736816, 1674.69995117, 627.429138184, 15.4940319061, 298.941497803, 28.9975624084, 41.9979743958, 470.174957275, 774.643798828, 36.6662597656, 8.19994354248, 13.7717285156, 6.58287239075, 169.456802368, 380.925323486, 7576.15185547, 27447.7636719, 3138.37158203, 47.7284355164, 38.8953132629, 10.0671319962, 45.1657600403, 70.1706542969, 2.56263303757, 0.00901611894369, 0.00225855759345, 0.0255032032728, 0.0383859016001, 0.00551461614668, 0.00472907256335, 0.00486193783581, 0.000268008094281, 3.75297673827e-07, 2.56658028164e-10, 7.65672802938e-11, 4.11357836683e-10],
        "max": [0.105503313243, 4.96630716324, 47.4232177734, 183.719802856, 263.521636963, 429.120727539, 349.208770752, 65.5109558105, 179.608612061, 63.2553520203, 79.3988876343, 277.11907959, 320.931488037, 61.4225654602, 22.3949832916, 38.7706222534, 19.1586608887, 214.286254883, 274.876037598, 1066.71716309, 1921.81005859, 456.941864014, 74.5431747437, 86.1224136353, 39.2608566284, 76.1554031372, 125.937843323, 18.585565567, 0.700674891472, 0.641831278801, 1.75684690475, 2.49401068687, 0.9240847826, 0.666724562645, 0.509406805038, 0.197445467114, 0.00772523507476, 0.000195674292627, 7.84787189332e-05, 0.000190658844076],
        "mean": [0.0253097377717, 1.2442830801, 7.32771062851, 9.07654762268, 42.5554199219, 53.6499824524, 19.9826431274, 4.93651247025, 13.0080299377, 5.15124607086, 5.07257032394, 9.10625839233, 19.2299594879, 4.33294820786, 0.98636507988, 0.949802696705, 0.512417018414, 5.26365280151, 10.0120849609, 18.9905490875, 40.4814414978, 16.3979415894, 1.38945710659, 1.27806842327, 0.877679049969, 1.18473124504, 1.62798464298, 0.384537011385, 0.0275001786649, 0.0187230743468, 0.0719017460942, 0.0945125669241, 0.0234660375863, 0.0362785980105, 0.0344163663685, 0.00795632600784, 0.000281116430415, 1.08536069092e-05, 1.68950300576e-05, 3.83237857022e-05],
        "median": [0.0207727383822, 1.14684903622, 3.99100899696, 5.31567573547, 28.1191749573, 34.2302703857, 9.77536392212, 2.08951687813, 0.315144449472, 0.222350344062, 0.608802139759, 3.10783267021, 3.18253540993, 0.932478129864, 0.143695384264, 0.11473903805, 0.0702707469463, 0.19314648211, 0.25681000948, 0.111519984901, 0.218647539616, 0.13999338448, 0.033186763525, 0.0337344035506, 0.0643173679709, 0.0822891369462, 0.0357192493975, 0.0084924204275, 0.00203172583133, 0.00109312240966, 0.000803862232715, 0.000514749553986, 0.000316295976518, 8.33997837617e-05, 3.95415263483e-05, 2.52120898949e-05, 1.31740316647e-05, 2.05979176826e-06, 1.52938009705e-05, 3.55642587238e-05],
        "min": [2.88596646374e-22, 1.94683601266e-21, 4.6592708992e-21, 1.21650576943e-20, 2.55276338087e-20, 1.90858581597e-20, 3.6518851128e-20, 1.4411242737e-19, 2.80911776794e-19, 2.40743162465e-19, 4.9034336134e-19, 5.42642734448e-19, 8.52198638481e-19, 1.16727860974e-18, 1.58166176863e-18, 2.96222042072e-18, 2.24300362851e-18, 2.89823448482e-18, 4.71740565672e-18, 5.69453012609e-18, 4.01445888677e-18, 6.84671455081e-18, 7.77305178493e-18, 1.02457510618e-17, 1.16578120604e-17, 9.36186060085e-18, 1.6763385868e-17, 1.79476371899e-17, 1.34420059001e-17, 1.37064820117e-17, 1.73894110448e-17, 1.25241803544e-17, 1.2325164835e-17, 1.14564829167e-17, 8.30563781258e-18, 3.99756082763e-18, 2.29065047257e-18, 1.02462211072e-18, 2.58341662642e-19, 3.32232117024e-20],
        "stdev": [0.0186639130116, 0.861625730991, 7.78371047974, 14.3381080627, 43.1724815369, 53.8343276978, 28.1529197693, 8.94891548157, 28.9013137817, 11.0640640259, 9.43217372894, 19.8624134064, 40.9724388123, 7.85412836075, 2.38870668411, 3.22915530205, 1.4766087532, 18.0877170563, 27.9932155609, 60.9505195618, 126.41292572, 50.2527542114, 5.30886507034, 5.66419553757, 2.84361600876, 5.30430698395, 9.05957889557, 1.61953878403, 0.0793274492025, 0.0562208518386, 0.189638033509, 0.271265268326, 0.082920730114, 0.0885363668203, 0.0794035941362, 0.0241368692368, 0.000874030985869, 2.50732700806e-05, 1.04430864667e-05, 2.30986861425e-05],
        "var": [0.000348341680365, 0.74239885807, 60.5861473083, 205.581329346, 1863.86303711, 2898.13476562, 792.586914062, 80.0830841064, 835.285949707, 122.413505554, 88.9658966064, 394.515441895, 1678.74072266, 61.6873321533, 5.70591974258, 10.427444458, 2.18037343025, 327.165496826, 783.620117188, 3714.96606445, 15980.2285156, 2525.33935547, 28.1840496063, 32.0831108093, 8.08615207672, 28.1356735229, 82.0759658813, 2.6229057312, 0.00629284419119, 0.00316078402102, 0.0359625816345, 0.0735848471522, 0.00687584793195, 0.0078386887908, 0.00630493042991, 0.000582588487305, 7.63930131598e-07, 6.2866889472e-10, 1.09058054254e-10, 5.33549260329e-10]
    },
    "gfcc": {
        "mean": [-192.938476562, 192.095565796, -61.4725418091, 39.4341163635, -22.1866931915, -16.5528907776, -27.8076190948, -11.9998826981, -18.0003070831, -25.4948196411, -27.9266300201, -24.8691501617, 14.6880664825],
        "cov": [[23808.3671875, 1338.87890625, -5020.95947266, -628.141296387, -965.962097168, -525.54095459, -1639.90515137, 881.227478027, 93.5650253296, 362.567565918, -654.619445801, -327.8125, 351.844238281], [1338.87890625, 2017.13830566, -296.854736328, -348.952423096, 579.051452637, -520.098388672, 635.590881348, -385.145568848, 309.504364014, -388.517669678, -205.284393311, -69.7405700684, 95.6601028442], [-5020.95947266, -296.854736328, 3540.70776367, 477.527282715, -342.04788208, 685.345397949, 213.116516113, -233.626495361, -461.503967285, -298.315734863, 282.850006104, 12.5314178467, -177.889205933], [-628.141296387, -348.952423096, 477.527282715, 598.382568359, 27.9860076904, 129.833770752, 75.6204681396, -115.656967163, -137.171203613, 68.2631454468, 120.208709717, -42.8730239868, -22.2347507477], [-965.962097168, 579.051452637, -342.04788208, 27.9860076904, 609.825012207, -243.462844849, 333.689239502, -229.205032349, 246.862762451, -98.466255188, -71.0058441162, -0.774982392788, 35.3729095459], [-525.54095459, -520.098388672, 685.345397949, 129.833770752, -243.462844849, 475.702301025, -129.214706421, 61.9392662048, -217.742675781, 49.5029907227, 145.023498535, -10.4046802521, -40.8949012756], [-1639.90515137, 635.590881348, 213.116516113, 75.6204681396, 333.689239502, -129.214706421, 786.744506836, -241.705810547, -10.581372261, -158.733413696, 10.4003124237, -34.2991371155, 4.40500640869], [881.227478027, -385.145568848, -233.626495361, -115.656967163, -229.205032349, 61.9392662048, -241.705810547, 330.031707764, -22.4336109161, 50.6566963196, -43.8078727722, 32.2069206238, 12.6957101822], [93.5650253296, 309.504364014, -461.503967285, -137.171203613, 246.862762451, -217.742675781, -10.581372261, -22.4336109161, 359.114227295, -22.0556030273, -103.220306396, 15.9815769196, 23.1260547638], [362.567565918, -388.517669678, -298.315734863, 68.2631454468, -98.466255188, 49.5029907227, -158.733413696, 50.6566963196, -22.0556030273, 239.198196411, 62.971862793, -22.7445430756, -15.4254760742], [-654.619445801, -205.284393311, 282.850006104, 120.208709717, -71.0058441162, 145.023498535, 10.4003124237, -43.8078727722, -103.220306396, 62.971862793, 157.337249756, -4.15845441818, -41.5685844421], [-327.8125, -69.7405700684, 12.5314178467, -42.8730239868, -0.774982392788, -10.4046802521, -34.2991371155, 32.2069206238, 15.9815769196, -22.7445430756, -4.15845441818, 85.5486755371, -5.55895423889], [351.844238281, 95.6601028442, -177.889205933, -22.2347507477, 35.3729095459, -40.8949012756, 4.40500640869, 12.6957101822, 23.1260547638, -15.4254760742, -41.5685844421, -5.55895423889, 86.7950820923]],
        "icov": [[0.000398744916311, -0.00145101966336, 0.000786127988249, -0.0011674107518, 0.00107586116064, -0.00102194130886, 0.000961493584327, -0.000756896217354, 0.000582906475756, -0.000382313504815, 0.00113763520494, 9.51876209001e-05, 0.000764581840485], [-0.00145101966336, 0.00741100590676, -0.002829994075, 0.00539733935148, -0.00399483088404, 0.00484628556296, -0.00403849082068, 0.00440263841301, -0.00260149361566, 0.00374568719417, -0.00434933090582, 0.00189878616948, -0.00383349438198], [0.000786127988249, -0.002829994075, 0.00234288256615, -0.00274478900246, 0.00271900184453, -0.00286924955435, 0.00179099314846, -0.000815805629827, 0.00106854934711, 0.000700212491211, 0.00204674107954, -6.96413189871e-05, 0.00241489172913], [-0.0011674107518, 0.00539733935148, -0.00274478900246, 0.00662265531719, -0.00416700076312, 0.00386619800702, -0.00296365865506, 0.0031674541533, -0.001045821351, 0.00104221235961, -0.00426345551386, 0.00174341141246, -0.00340459216386], [0.00107586116064, -0.00399483088404, 0.00271900184453, -0.00416700076312, 0.0078111612238, -0.00319305201992, 0.0012919070432, 0.000324677617755, -0.00119417626411, 6.96359566064e-05, 0.00366144417785, -0.00100822246168, 0.00176542741247], [-0.00102194130886, 0.00484628556296, -0.00286924955435, 0.00386619800702, -0.00319305201992, 0.00821891613305, -0.00201962771825, 0.00132437876891, -0.000418130977778, 0.0016213421477, -0.00599141139537, 0.0020556289237, -0.00334445689805], [0.000961493584327, -0.00403849082068, 0.00179099314846, -0.00296365865506, 0.0012919070432, -0.00201962771825, 0.00481359427795, -0.00190229376312, 0.00265359925106, -0.000436209433246, 0.00188213586807, 0.000678158423398, 0.00218095607124], [-0.000756896217354, 0.00440263841301, -0.000815805629827, 0.0031674541533, 0.000324677617755, 0.00132437876891, -0.00190229376312, 0.00895205233246, -0.00194798398297, 0.00262766471133, 0.000228133721976, -0.000649893598165, -0.00231220014393], [0.000582906475756, -0.00260149361566, 0.00106854934711, -0.001045821351, -0.00119417626411, -0.000418130977778, 0.00265359925106, -0.00194798398297, 0.00696035148576, -0.00170825817622, 0.0028175895568, -0.000317292433465, 0.00203725718893], [-0.000382313504815, 0.00374568719417, 0.000700212491211, 0.00104221235961, 6.96359566064e-05, 0.0016213421477, -0.000436209433246, 0.00262766471133, -0.00170825817622, 0.0118915429339, -0.00527910375968, 0.00425369013101, -0.000190361504792], [0.00113763520494, -0.00434933090582, 0.00204674107954, -0.00426345551386, 0.00366144417785, -0.00599141139537, 0.00188213586807, 0.000228133721976, 0.0028175895568, -0.00527910375968, 0.0174151007086, -0.00238603330217, 0.00533932214603], [9.51876209001e-05, 0.00189878616948, -6.96413189871e-05, 0.00174341141246, -0.00100822246168, 0.0020556289237, 0.000678158423398, -0.000649893598165, -0.000317292433465, 0.00425369013101, -0.00238603330217, 0.0163180213422, 8.28020893096e-06], [0.000764581840485, -0.00383349438198, 0.00241489172913, -0.00340459216386, 0.00176542741247, -0.00334445689805, 0.00218095607124, -0.00231220014393, 0.00203725718893, -0.000190361504792, 0.00533932214603, 8.28020893096e-06, 0.0166375096887]]
    },
    "melbands": {
        "dmean": [0.000102950667497, 0.000469429214718, 0.000755315704737, 0.00105273455847, 0.000267208524747, 3.65278974641e-05, 6.05014538451e-05, 1.30907492348e-05, 1.68289971043e-05, 2.92666281894e-05, 3.51320086338e-05, 7.71548366174e-06, 1.78239656634e-06, 2.04800767278e-06, 1.81931500265e-06, 7.32373791834e-07, 6.86598332322e-06, 8.84878863872e-06, 7.8516177382e-06, 2.70691652986e-05, 3.06259535137e-05, 1.33477469717e-05, 1.3112716033e-06, 4.84022677938e-07, 8.17735724468e-07, 6.83247947109e-07, 3.01625249222e-07, 7.91429670244e-07, 7.31523414288e-07, 4.60569566485e-07, 7.26117264094e-08, 8.31931590284e-09, 3.96184951512e-09, 6.93751855962e-09, 1.54052841594e-08, 4.04263467146e-08, 2.67470507964e-08, 1.16987592946e-08, 3.59713148157e-09, 1.76192340717e-08],
        "dmean2": [0.000156371475896, 0.000683750375174, 0.00109195837285, 0.0014713749988, 0.000391926878365, 5.37970845471e-05, 8.4676365077e-05, 1.76221328729e-05, 2.46847721428e-05, 4.27535633207e-05, 4.6619472414e-05, 1.07334763015e-05, 2.6061798053e-06, 3.14732892548e-06, 2.81871302832e-06, 1.34127537876e-06, 9.06925924937e-06, 1.1648513464e-05, 1.09906804937e-05, 4.15651484218e-05, 4.58220674773e-05, 2.09665304283e-05, 2.1450227905e-06, 8.02335023309e-07, 1.22476717479e-06, 1.00491388366e-06, 5.18639353686e-07, 1.29451188968e-06, 1.15911871035e-06, 7.53015854116e-07, 1.18305997887e-07, 1.41342937354e-08, 6.35254204795e-09, 9.98253479878e-09, 2.36598935999e-08, 5.74510288232e-08, 3.90452932209e-08, 1.87688549147e-08, 6.41309938487e-09, 2.86081007772e-08],
        "dvar": [3.38736114713e-08, 1.2394029909e-06, 2.62467369794e-06, 3.35914683092e-06, 4.71576072414e-07, 6.64759314262e-09, 2.73087295e-08, 1.82896409129e-09, 2.7283695303e-09, 1.04781676669e-08, 9.21044129853e-09, 4.16489620569e-10, 3.63861961394e-11, 4.16772727441e-11, 4.24133679566e-11, 8.88779067704e-12, 5.18171894281e-10, 8.91586193763e-10, 1.37270284029e-09, 1.2720571263e-08, 1.5846225665e-08, 2.64193311672e-09, 4.52816499574e-11, 8.99828735829e-12, 1.52225072825e-11, 5.19843716684e-12, 1.14588460248e-12, 1.56514592953e-11, 1.42476065668e-11, 4.04755612707e-12, 8.03355659448e-14, 1.25045705822e-15, 2.15362203185e-16, 5.93037306647e-16, 2.00670808468e-15, 1.71730949502e-14, 9.86478795515e-15, 3.18882112488e-15, 1.10975960496e-16, 2.66022301437e-15],
        "dvar2": [7.14364460919e-08, 2.52386553257e-06, 5.69902113057e-06, 7.22309732737e-06, 1.16222201996e-06, 1.19052909753e-08, 5.21374765583e-08, 3.08736969323e-09, 5.68239411081e-09, 2.45339428773e-08, 1.95944451775e-08, 7.87815590542e-10, 7.69475524964e-11, 9.62004503835e-11, 9.39939445721e-11, 2.58607753267e-11, 8.53281556523e-10, 1.40224221123e-09, 3.38440009351e-09, 3.10828163208e-08, 3.68005679263e-08, 6.01727601079e-09, 1.06889191942e-10, 2.28343854242e-11, 3.04059381839e-11, 1.01168648112e-11, 2.82694635929e-12, 3.54931396773e-11, 2.99908188561e-11, 8.58640328977e-12, 1.75281176292e-13, 3.2786775563e-15, 4.9809682466e-16, 1.25487613498e-15, 4.449517435e-15, 3.73382524714e-14, 1.68078374027e-14, 7.42511876772e-15, 3.02697335157e-16, 7.02409652456e-15],
        "max": [0.00240704719909, 0.0161931440234, 0.0287140663713, 0.0209477636963, 0.014268970117, 0.00179693789687, 0.00240662414581, 0.000807311967947, 0.000949725334067, 0.00203248020262, 0.00161095592193, 0.000323697342537, 7.84514995757e-05, 7.68029567553e-05, 0.000111108776764, 2.97608294204e-05, 0.000485838245368, 0.000590529933106, 0.000720324576832, 0.00188495463226, 0.0021061678417, 0.000621190003585, 0.000111920373456, 5.39517241123e-05, 7.69502512412e-05, 4.30615873483e-05, 1.40371694215e-05, 6.9136651291e-05, 7.90822887211e-05, 3.74868868676e-05, 5.22533946423e-06, 5.45239743133e-07, 3.0613031754e-07, 4.156033242e-07, 7.32198543574e-07, 1.78653976945e-06, 1.84030011496e-06, 1.00776742329e-06, 1.2503284097e-07, 7.90402737039e-07],
        "mean": [0.000622806721367, 0.00299084302969, 0.00252206600271, 0.0038929511793, 0.000986572820693, 0.000126478989841, 0.000176092362381, 4.97215187352e-05, 4.65130833618e-05, 6.04586275585e-05, 9.78894968284e-05, 1.89312922885e-05, 2.93608286484e-06, 2.58743602899e-06, 1.92116795006e-06, 6.66459470722e-07, 1.18748421301e-05, 1.76617413672e-05, 1.45500580402e-05, 4.25494508818e-05, 4.83419971715e-05, 2.21085101657e-05, 1.79723508609e-06, 5.99364284426e-07, 1.09398047243e-06, 8.83649079242e-07, 3.68963867459e-07, 8.94210131719e-07, 1.01424177501e-06, 6.45593900117e-07, 9.37901134535e-08, 1.01424673105e-08, 6.17503115308e-09, 1.04850164107e-08, 2.96622495455e-08, 7.16873032047e-08, 5.50146808109e-08, 1.95968663519e-08, 5.93403681748e-09, 4.08830338472e-08],
        "median": [0.000560523651075, 0.00216106255539, 0.00187763106078, 0.00298782624304, 0.000508342054673, 3.85460734833e-05, 2.09778090721e-06, 1.07384005332e-06, 3.45102694155e-06, 1.94372114493e-05, 1.60197996593e-05, 3.34186552209e-06, 2.62642288362e-07, 2.38073823766e-07, 1.42830657524e-07, 4.90422671362e-08, 4.14392133052e-07, 5.03082219439e-07, 1.14313536415e-07, 1.65613570857e-07, 2.64305271003e-07, 1.2314374942e-07, 2.91787891626e-08, 1.20314043173e-08, 2.3141113914e-08, 2.87378849606e-08, 3.4792773107e-08, 4.66210536842e-08, 1.87469506585e-08, 8.16326384268e-09, 2.66224442491e-09, 9.25255094764e-10, 5.44539580094e-10, 5.00367580702e-10, 4.58036497619e-10, 3.82394782505e-10, 2.73593731004e-10, 2.20642532023e-10, 1.19433699042e-10, 2.02576254382e-11],
        "min": [7.45605295205e-24, 3.01803213702e-24, 2.5034524493e-24, 1.42989351693e-24, 1.17726929229e-24, 3.73332249371e-24, 3.82457555665e-24, 2.35002689185e-24, 6.15530769961e-24, 3.15934729907e-24, 4.44635966645e-24, 3.61230215895e-24, 4.48865562717e-24, 7.92095234932e-24, 3.39608130129e-24, 6.49638315047e-24, 5.26281177069e-24, 8.27084134864e-24, 5.81444642449e-24, 9.06214220064e-24, 3.1003034269e-24, 7.09959510797e-24, 7.60528019177e-24, 7.302772545e-24, 7.30281672121e-24, 7.76843871507e-24, 9.101096941e-24, 5.05835204026e-24, 9.91830714058e-24, 1.01615184797e-23, 9.50951547519e-24, 7.37117467409e-24, 8.16864915154e-24, 7.22172103129e-24, 9.9882885692e-24, 9.17605608194e-24, 6.58774073747e-24, 8.11330109271e-24, 8.55776978139e-24, 9.18748509874e-24],
