{
"metadata": {
    "version": {
        "essentia": "2.1-beta6-dev",
        "essentia_git_sha": "v2.1_beta5-778-gc9eadba6",
        "extractor": "music 2.0"
    },
    "audio_properties": {
        "analysis": {
            "equal_loudness": 0,
            "length": 14.9999771118,
            "sample_rate": 44100,
            "start_time": 0,
            "downmix": "mix"
        },
        "bit_rate": 128000,
        "length": 15,
        "lossless": 0,
        "number_channels": 2,
        "replay_gain": 0.639505386353,
        "sample_rate": 48000,
        "codec": "mp3",
        "md5_encoded": "dad159caf7f54519d1de71f161db48e9"
    },
    "tags": {
        "file_name": "yes-relayer.mp3",
        "encoding": ["Lavf59.16.100"]
    }
},
"lowlevel": {
    "average_loudness": 0.967788398266,
    "barkbands_crest": {
        "dmean": 2.36055064201,
        "dmean2": 3.80872130394,
        "dvar": 5.03660917282,
        "dvar2": 11.7915201187,
        "max": 21.1416435242,
        "mean": 10.626080513,
        "median": 9.45785045624,
        "min": 3.04985070229,
        "stdev": 4.56188726425,
        "var": 20.8108158112
    },
    "barkbands_flatness_db": {
        "dmean": 0.0182373672724,
        "dmean2": 0.0286443568766,
        "dvar": 0.000226002317504,
        "dvar2": 0.000512221013196,
        "max": 0.243859827518,
        "mean": 0.151863053441,
        "median": 0.149559438229,
        "min": 0.0217221584171,
        "stdev": 0.0363617390394,
        "var": 0.00132217619102
    },
    "barkbands_kurtosis": {
        "dmean": 1.41505122185,
        "dmean2": 2.38642644882,
        "dvar": 3.00295233727,
        "dvar2": 8.44290828705,
        "max": 21.2830104828,
        "mean": 1.36951231956,
        "median": 0.731523513794,
        "min": -1.76412713528,
        "stdev": 2.68889713287,
        "var": 7.23016834259
    },
    "barkbands_skewness": {
        "dmean": 0.400297790766,
        "dmean2": 0.642301797867,
        "dvar": 0.15008148551,
        "dvar2": 0.336823999882,
        "max": 3.73989677429,
        "mean": 0.0281426552683,
        "median": -0.228864610195,
        "min": -2.60167694092,
        "stdev": 1.14218437672,
        "var": 1.30458509922
    },
    "barkbands_spread": {
        "dmean": 3.31636166573,
        "dmean2": 5.4609003067,
        "dvar": 8.14512062073,
        "dvar2": 20.482711792,
        "max": 52.0824584961,
        "mean": 14.7645263672,
        "median": 13.8599481583,
        "min": 3.83914899826,
        "stdev": 6.53933334351,
        "var": 42.7628822327
    },
    "dissonance": {
        "dmean": 0.0248243585229,
        "dmean2": 0.0422714278102,
        "dvar": 0.000595093937591,
        "dvar2": 0.00157028425019,
        "max": 0.499662578106,
        "mean": 0.456253319979,
        "median": 0.465643197298,
        "min": 0.341936588287,
        "stdev": 0.0326062515378,
        "var": 0.00106316769961
    },
    "dynamic_complexity": 2.84830713272,
    "erbbands_crest": {
        "dmean": 2.87257909775,
        "dmean2": 4.53323411942,
        "dvar": 9.2901802063,
        "dvar2": 20.0518417358,
        "max": 31.6143875122,
        "mean": 14.1637907028,
        "median": 12.8864355087,
        "min": 2.92777252197,
        "stdev": 6.44600820541,
        "var": 41.5510215759
    },
    "erbbands_flatness_db": {
        "dmean": 0.01868031919,
        "dmean2": 0.0284913200885,
        "dvar": 0.00028185400879,
        "dvar2": 0.000553316960577,
        "max": 0.337867736816,
        "mean": 0.222741767764,
        "median": 0.227728366852,
        "min": 0.0816702097654,
        "stdev": 0.0527177602053,
        "var": 0.00277916225605
    },
    "erbbands_kurtosis": {
        "dmean": 1.48499453068,
        "dmean2": 2.22513365746,
        "dvar": 3.32436013222,
        "dvar2": 6.43266582489,
        "max": 29.9677848816,
        "mean": 3.13023233414,
        "median": 1.87860250473,
        "min": -1.35412144661,
        "stdev": 3.56945514679,
        "var": 12.7410106659
    },
    "erbbands_skewness": {
        "dmean": 0.385253161192,
        "dmean2": 0.59155857563,
        "dvar": 0.128443792462,
        "dvar2": 0.256711304188,
        "max": 2.249781847,
        "mean": -0.442406922579,
        "median": -0.382816016674,
        "min": -4.66394042969,
        "stdev": 0.835464417934,
        "var": 0.698000788689
    },
    "erbbands_spread": {
        "dmean": 3.44852495193,
        "dmean2": 5.24996805191,
        "dvar": 16.8024749756,
        "dvar2": 36.477596283,
        "max": 62.1054115295,
        "mean": 15.8614339828,
        "median": 11.8583908081,
        "min": 2.89707612991,
        "stdev": 11.2900447845,
        "var": 127.465118408
    },
    "hfc": {
        "dmean": 5.70213937759,
        "dmean2": 8.6067943573,
        "dvar": 80.5743408203,
        "dvar2": 151.490859985,
        "max": 133.117019653,
        "mean": 25.7212371826,
        "median": 20.5993251801,
        "min": 7.07956473889e-07,
        "stdev": 21.092338562,
        "var": 444.886779785
    },
    "loudness_ebu128": {
        "integrated": -23.9953708649,
        "loudness_range": 2.08831596375,
        "momentary": {
            "dmean": 0.680373847485,
            "dmean2": 0.648041546345,
            "dvar": 0.80788987875,
            "dvar2": 0.526930212975,
            "max": -19.9240970612,
            "mean": -24.9616546631,
            "median": -24.2656002045,
            "min": -43.9031295776,
            "stdev": 3.45641231537,
            "var": 11.9467868805
        },
        "short_term": {
            "dmean": 0.0838733687997,
            "dmean2": 0.0700514018536,
            "dvar": 0.00429520942271,
            "dvar2": 0.00359669607133,
            "max": -22.4860343933,
            "mean": -24.0162849426,
            "median": -24.1625099182,
            "min": -25.0502414703,
            "stdev": 0.637022018433,
            "var": 0.405797064304
        }
    },
    "melbands_crest": {
        "dmean": 3.14699554443,
        "dmean2": 5.39607477188,
        "dvar": 7.48368406296,
        "dvar2": 21.3654003143,
        "max": 27.1228981018,
        "mean": 12.4020786285,
        "median": 11.5751199722,
        "min": 3.43581008911,
        "stdev": 4.96927452087,
        "var": 24.6936893463
    },
    "melbands_flatness_db": {
        "dmean": 0.0189988370985,
        "dmean2": 0.0303030479699,
        "dvar": 0.00026302007609,
        "dvar2": 0.000660722784232,
        "max": 0.349150151014,
        "mean": 0.206455215812,
        "median": 0.201928451657,
        "min": 0.0217016581446,
        "stdev": 0.0400585345924,
        "var": 0.00160468614195
    },
    "melbands_kurtosis": {
        "dmean": 1.73247814178,
        "dmean2": 2.87084007263,
        "dvar": 8.50979232788,
        "dvar2": 22.5337276459,
        "max": 31.6417961121,
        "mean": 1.77917778492,
        "median": -0.0756011009216,
        "min": -1.62255001068,
        "stdev": 4.97877979279,
        "var": 24.7882480621
    },
    "melbands_skewness": {
        "dmean": 0.445263743401,
        "dmean2": 0.719742298126,
        "dvar": 0.192814663053,
        "dvar2": 0.463479161263,
        "max": 5.37072658539,
        "mean": 0.523728370667,
        "median": 0.17772218585,
        "min": -1.81170248985,
        "stdev": 1.28675150871,
        "var": 1.65572941303
    },
    "melbands_spread": {
        "dmean": 5.93827342987,
        "dmean2": 9.64842033386,
        "dvar": 29.2985630035,
        "dvar2": 62.7658538818,
        "max": 101.830245972,
        "mean": 27.8714942932,
        "median": 26.0482769012,
        "min": 4.35621261597,
        "stdev": 12.28033638,
        "var": 150.806655884
    },
    "pitch_salience": {
        "dmean": 0.062812961638,
        "dmean2": 0.10369437933,
        "dvar": 0.00292179523967,
        "dvar2": 0.0070214974694,
        "max": 0.797351002693,
        "mean": 0.533797979355,
        "median": 0.536943435669,
        "min": 0.256127536297,
        "stdev": 0.107686020434,
        "var": 0.0115962782875
    },
    "silence_rate_20dB": {
        "dmean": 0,
        "dmean2": 0,
        "dvar": 0,
        "dvar2": 0,
        "max": 1,
        "mean": 1,
        "median": 1,
        "min": 1,
        "stdev": 0,
        "var": 0
    },
    "silence_rate_30dB": {
        "dmean": 0,
        "dmean2": 0,
        "dvar": 0,
        "dvar2": 0,
        "max": 1,
        "mean": 1,
        "median": 1,
        "min": 1,
        "stdev": 0,
        "var": 0
    },
    "silence_rate_60dB": {
        "dmean": 0.00928792543709,
        "dmean2": 0.0186046510935,
        "dvar": 0.00920168124139,
        "dvar2": 0.0182585641742,
        "max": 1,
        "mean": 0.0726429671049,
        "median": 0,
        "min": 0,
        "stdev": 0.259550601244,
        "var": 0.0673665106297
    },
    "spectral_centroid": {
        "dmean": 134.493560791,
        "dmean2": 214.231521606,
        "dvar": 19340.7714844,
        "dvar2": 43996.4453125,
        "max": 3138.88134766,
        "mean": 1273.58764648,
        "median": 1276.54199219,
        "min": 312.316040039,
        "stdev": 392.931182861,
        "var": 154394.90625
    },
    "spectral_complexity": {
        "dmean": 2.71517038345,
        "dmean2": 4.29147291183,
        "dvar": 6.77955770493,
        "dvar2": 13.8158187866,
        "max": 37,
        "mean": 16.8377132416,
        "median": 17,
        "min": 0,
        "stdev": 6.37105512619,
        "var": 40.5903434753
    },
    "spectral_decrease": {
        "dmean": 1.28482691153e-09,
        "dmean2": 2.00977523512e-09,
        "dvar": 2.56975403254e-18,
        "dvar2": 5.7627137968e-18,
        "max": -1.22266683035e-17,
        "mean": -5.66600766305e-09,
        "median": -5.28814281253e-09,
        "min": -1.97386249567e-08,
        "stdev": 3.55021989584e-09,
        "var": 1.26040620134e-17
    },
    "spectral_energy": {
        "dmean": 0.00531720928848,
        "dmean2": 0.00828523002565,
        "dvar": 4.45513505838e-05,
        "dvar2": 9.70104665612e-05,
        "max": 0.0764186680317,
        "mean": 0.0237178169191,
        "median": 0.0220253430307,
        "min": 1.10359985039e-10,
        "stdev": 0.0150292199105,
        "var": 0.000225877462071
    },
    "spectral_energyband_high": {
        "dmean": 4.95483036502e-05,
        "dmean2": 7.52970154281e-05,
        "dvar": 3.92541377181e-09,
        "dvar2": 8.99612473404e-09,
        "max": 0.00100701767951,
        "mean": 0.000117463743663,
        "median": 8.57633349369e-05,
        "min": 5.35938238233e-11,
        "stdev": 0.000108843196358,
        "var": 1.18468417298e-08
    },
    "spectral_energyband_low": {
        "dmean": 0.00159775291104,
        "dmean2": 0.00273852283135,
        "dvar": 8.03360671853e-06,
        "dvar2": 1.80801216629e-05,
        "max": 0.0559884272516,
        "mean": 0.00264172372408,
        "median": 0.0010675676167,
        "min": 4.08405037219e-12,
        "stdev": 0.0051773362793,
        "var": 2.68048115686e-05
    },
    "spectral_energyband_middle_high": {
        "dmean": 0.00360274268314,
        "dmean2": 0.00537950871512,
        "dvar": 2.64615500782e-05,
        "dvar2": 4.99500965816e-05,
        "max": 0.0683686062694,
        "mean": 0.0155861089006,
        "median": 0.012281213887,
        "min": 4.401385853e-11,
        "stdev": 0.0138932643458,
        "var": 0.000193022788153
    },
    "spectral_energyband_middle_low": {
        "dmean": 0.0023280614987,
        "dmean2": 0.00407577352598,
        "dvar": 1.14207468869e-05,
        "dvar2": 3.4601380321e-05,
        "max": 0.0556225515902,
        "mean": 0.00638091983274,
        "median": 0.00509393494576,
        "min": 7.60272834271e-12,
        "stdev": 0.00527226179838,
        "var": 2.77967428701e-05
    },
    "spectral_entropy": {
        "dmean": 0.149319931865,
        "dmean2": 0.224960699677,
        "dvar": 0.0158056598157,
        "dvar2": 0.0341279953718,
        "max": 8.58696556091,
        "mean": 7.14779281616,
        "median": 7.16631698608,
        "min": 6.17548465729,
        "stdev": 0.318030864,
        "var": 0.101143635809
    },
    "spectral_flux": {
        "dmean": 0.0224804375321,
        "dmean2": 0.0363361611962,
        "dvar": 0.000625042768661,
        "dvar2": 0.00159933266696,
        "max": 0.216769427061,
        "mean": 0.0681893080473,
        "median": 0.0606841892004,
        "min": 1.05052358776e-05,
        "stdev": 0.0368583798409,
        "var": 0.00135854014661
    },
    "spectral_kurtosis": {
        "dmean": 2.4711728096,
        "dmean2": 4.0213766098,
        "dvar": 4.38258743286,
        "dvar2": 12.094250679,
        "max": 26.3322963715,
        "mean": 10.547129631,
        "median": 10.3484287262,
        "min": 2.29208278656,
        "stdev": 3.87196421623,
        "var": 14.9921064377
    },
    "spectral_rms": {
        "dmean": 0.00054439692758,
        "dmean2": 0.000842402398121,
        "dvar": 3.57974499821e-07,
        "dvar2": 7.61173112096e-07,
        "max": 0.00863451231271,
        "mean": 0.00450406689197,
        "median": 0.00463553005829,
        "min": 3.28128436422e-07,
        "stdev": 0.00168900098652,
        "var": 2.85272426481e-06
    },
    "spectral_rolloff": {
        "dmean": 201.63192749,
        "dmean2": 333.246795654,
        "dvar": 272483.3125,
        "dvar2": 354473.9375,
        "max": 14470.3125,
        "mean": 1579.67785645,
        "median": 1571.92382812,
        "min": 193.798828125,
        "stdev": 723.098632812,
        "var": 522871.65625
    },
    "spectral_skewness": {
        "dmean": 0.255082249641,
        "dmean2": 0.398533463478,
        "dvar": 0.0385346263647,
        "dvar2": 0.101476095617,
        "max": 4.11340093613,
        "mean": 2.40929579735,
        "median": 2.39771771431,
        "min": 1.33099651337,
        "stdev": 0.432432830334,
        "var": 0.186998158693
    },
    "spectral_spread": {
        "dmean": 464403.375,
        "dmean2": 744867.75,
        "dvar": 168649490432,
        "dvar2": 385247576064,
        "max": 8582150,
        "mean": 3210297.75,
        "median": 2981266,
        "min": 1747164.125,
        "stdev": 927877.75,
        "var": 860957114368
    },
    "spectral_strongpeak": {
        "dmean": 1.20205199718,
        "dmean2": 2.01127314568,
        "dvar": 2.73965382576,
        "dvar2": 5.88116312027,
        "max": 18.9918308258,
        "mean": 3.3375275135,
        "median": 2.69206643105,
        "min": 7.5548683526e-05,
        "stdev": 3.03234410286,
        "var": 9.19511032104
    },
    "zerocrossingrate": {
        "dmean": 0.00499543454498,
        "dmean2": 0.00673146825284,
        "dvar": 0.000135252586915,
        "dvar2": 0.000285874179099,
        "max": 0.37255859375,
        "mean": 0.0594420172274,
        "median": 0.05859375,
        "min": 0.0146484375,
        "stdev": 0.0228219516575,
        "var": 0.000520841451362
    },
    "barkbands": {
        "dmean": [3.73457828573e-06, 0.000275082595181, 0.000783101946581, 0.00152650102973, 0.000917227356695, 0.000355361727998, 0.000262006768025, 0.000248012976954, 0.00034584273817, 0.00065135222394, 0.000881357642356, 0.00090354331769, 0.00127584778238, 0.000688270491082, 0.00117444654461, 0.000906617206056, 0.00021352271142, 6.23285595793e-05, 3.69903100363e-05, 1.93495143321e-05, 2.68698677246e-05, 1.03324728116e-05, 3.70606085198e-06, 4.07753941545e-06, 4.78728179587e-06, 4.9380882956e-06, 1.25183009914e-06],
        "dmean2": [6.87454530635e-06, 0.000435694615589, 0.00127544789575, 0.00283784908243, 0.00160683563445, 0.000543630216271, 0.000391158071579, 0.000378923345124, 0.000495288695674, 0.000959522207268, 0.00124468060676, 0.00131724774837, 0.00196455838159, 0.00107210094575, 0.00177589105442, 0.0013841430191, 0.000350764079485, 0.000101057412394, 5.79355182708e-05, 2.94387045869e-05, 4.03055055358e-05, 1.68011974893e-05, 6.38221581539e-06, 6.86308158038e-06, 7.98153996584e-06, 8.22285073809e-06, 2.1525502234e-06],
        "dvar": [9.62697976892e-11, 4.93038271543e-07, 4.040280146e-06, 5.43068244951e-06, 1.9027847884e-06, 2.42534980543e-07, 1.67152535369e-07, 1.36463555123e-07, 3.50253401393e-07, 1.43586385093e-06, 4.3566410568e-06, 3.92178435504e-06, 7.4051899901e-06, 1.98131624529e-06, 5.40408927918e-06, 5.52216442884e-06, 1.24243513255e-07, 8.69566996187e-09, 2.90395374414e-09, 8.70007954568e-10, 2.39155673043e-09, 2.93579355271e-10, 1.58990459687e-11, 2.48669054098e-11, 2.08537458135e-11, 2.71547870995e-11, 2.36080751302e-12],
        "dvar2": [3.04838237986e-10, 1.05979495402e-06, 6.84970700604e-06, 1.64942048286e-05, 5.6444960137e-06, 5.67372012483e-07, 3.09493401573e-07, 2.55972679497e-07, 6.36367587958e-07, 2.6064847134e-06, 6.36752338323e-06, 7.95091727923e-06, 1.46950742419e-05, 3.73629541173e-06, 1.00130382634e-05, 1.14669173854e-05, 3.0922416272e-07, 2.06591384e-08, 7.28248883419e-09, 1.84766102418e-09, 5.34385025119e-09, 7.56853968387e-10, 4.18244432143e-11, 6.64037644316e-11, 5.29461856302e-11, 6.90623877531e-11, 5.9142391505e-12],
        "max": [0.000148063118104, 0.0145257255062, 0.0476466193795, 0.0297748427838, 0.0196386519819, 0.00520651089028, 0.00490310136229, 0.00792474392802, 0.00823560170829, 0.0167769305408, 0.0376305431128, 0.0290190428495, 0.0476822927594, 0.0185179412365, 0.0381792001426, 0.0358748324215, 0.00446700956672, 0.000944309693296, 0.000519896217156, 0.000569295021705, 0.000841585802846, 0.000260661676293, 5.04915951751e-05, 6.91116219969e-05, 5.18310225743e-05, 5.5151165725e-05, 1.55490924953e-05],
        "mean": [3.16329465022e-06, 0.000507088494487, 0.00113242538646, 0.00176735362038, 0.00191213446669, 0.000706488848664, 0.000720619456843, 0.000565227412153, 0.000688489002641, 0.00115928798914, 0.00319751887582, 0.0016050892882, 0.00347866374068, 0.00137615622953, 0.00252376846038, 0.00170841172803, 0.000358636229066, 0.000104090344394, 6.77465723129e-05, 3.90527784475e-05, 4.63528012915e-05, 1.87946316146e-05, 6.78825335854e-06, 6.82383779349e-06, 7.98183191364e-06, 8.40529173729e-06, 1.26704458125e-06],
        "median": [1.08876804461e-06, 5.4251657275e-05, 0.000353090406861, 0.000963064725511, 0.00117412244435, 0.000478139874758, 0.000364427891327, 0.000288880662993, 0.00029473027098, 0.000432068540249, 0.000233744256548, 0.000433487439295, 0.000740761344787, 0.00041696781409, 0.000706431630533, 0.000525282113813, 0.000176733999979, 6.64130056975e-05, 3.89328597521e-05, 2.22278467845e-05, 1.68603855855e-05, 1.23225572679e-05, 5.56266149943e-06, 5.52377923668e-06, 6.50406491332e-06, 6.86132307237e-06, 7.40060897897e-07],
        "min": [2.37026804434e-12, 1.47688545421e-12, 1.21586107068e-12, 1.3287016886e-12, 2.99996269146e-12, 9.57145170413e-13, 6.22080783153e-13, 7.65822084567e-13, 5.82889368283e-13, 2.91539405464e-12, 5.37903142167e-12, 2.86061604092e-12, 1.55781247277e-12, 3.4733314315e-12, 5.08793051093e-12, 4.91141936149e-12, 5.8241866191e-12, 5.92044642478e-12, 3.75186123489e-12, 4.45569536128e-12, 5.16880462043e-12, 3.29570442117e-12, 4.8478256999e-12, 6.0522186221e-12, 8.56607493271e-12, 1.14521621353e-11, 1.24591196735e-11],
        "stdev": [7.8611437857e-06, 0.00158608821221, 0.00355356954969, 0.00273541989736, 0.00233030528761, 0.000790983263869, 0.000868278322741, 0.000829244148917, 0.00102951889858, 0.00191707897466, 0.00743741728365, 0.00302007864229, 0.00782334338874, 0.00232127052732, 0.00408170884475, 0.00331306015141, 0.00049975462025, 0.00012071729725, 7.76395754656e-05, 5.75457379455e-05, 8.11013960629e-05, 2.08809324249e-05, 4.92228627991e-06, 5.75790363655e-06, 5.71647296965e-06, 6.22756942903e-06, 1.51161498252e-06],
        "var": [6.17975809414e-11, 2.51567598752e-06, 1.26278564494e-05, 7.48252205085e-06, 5.43032274436e-06, 6.25654536179e-07, 7.53907215767e-07, 6.87645865582e-07, 1.0599090956e-06, 3.67519169231e-06, 5.53151767235e-05, 9.12087489269e-06, 6.12047078903e-05, 5.38829681318e-06, 1.66603476828e-05, 1.09763668661e-05, 2.49754663173e-07, 1.4572666629e-08, 6.02790395376e-09, 3.31151195354e-09, 6.57743681742e-09, 4.36013364302e-10, 2.42289036056e-11, 3.31534556752e-11, 3.2678065115e-11, 3.87826229464e-11, 2.28497971412e-12]
    },
    "erbbands": {
        "dmean": [0.00241353618912, 0.0830614492297, 0.693518638611, 3.25891160965, 3.12616229057, 3.66210341454, 4.65580415726, 2.29630231857, 3.65585613251, 2.79239702225, 6.64818286896, 9.31947612762, 5.42783021927, 29.261264801, 32.2517127991, 41.1896476746, 64.1248550415, 30.9002857208, 42.7027053833, 83.3656616211, 26.7522983551, 9.67683792114, 4.35329437256, 1.83341729641, 1.70948779583, 1.00551640987, 1.34680724144, 0.657554924488, 0.373960763216, 0.236441403627, 0.106085464358, 0.0878785252571, 0.0715390816331, 0.0534458942711, 0.0351024605334, 0.0190090574324, 0.00961678195745, 0.00352770043537, 9.00148734218e-05, 6.99915517544e-06],
        "dmean2": [0.00380360148847, 0.131473883986, 1.11426305771, 5.97831439972, 5.56930303574, 6.3431634903, 8.0463886261, 3.53372168541, 5.46598768234, 4.41740274429, 10.1630592346, 13.3496866226, 7.8085565567, 42.7801513672, 45.6951599121, 60.0368804932, 99.0923080444, 47.5753555298, 70.0028839111, 124.778526306, 40.8243980408, 15.7858877182, 7.19745397568, 2.88987731934, 2.62322950363, 1.56497645378, 2.0217320919, 1.03026270866, 0.594382822514, 0.381532043219, 0.180270254612, 0.149601846933, 0.12194673717, 0.0904339253902, 0.0575924664736, 0.0316856727004, 0.0161881465465, 0.0059387087822, 0.000152434571646, 1.08250178528e-05],
        "dvar": [2.99455878121e-05, 0.0450766794384, 3.51461243629, 25.5361022949, 20.9758930206, 43.6891403198, 34.5619697571, 17.3281803131, 33.2693061829, 28.2198410034, 98.4867019653, 286.835540771, 61.6279754639, 2302.53833008, 4320.015625, 8033.0078125, 19962.9921875, 2892.70751953, 8004.66308594, 53344.8984375, 2843.18261719, 271.116943359, 56.3605117798, 9.26530361176, 7.29280471802, 2.41667103767, 7.87540054321, 1.29764151573, 0.367605894804, 0.125440403819, 0.017904965207, 0.00905408058316, 0.00948425848037, 0.00364740449004, 0.00103761919308, 0.000440900505055, 0.000125908947666, 1.6448831957e-05, 1.1027911917e-08, 6.98148622247e-11],
        "dvar2": [5.77775826969e-05, 0.0997585207224, 5.77231407166, 74.0174713135, 62.3286323547, 133.379821777, 102.928825378, 39.1916694641, 61.8272895813, 62.8945503235, 185.894363403, 516.678588867, 118.170120239, 4084.02050781, 6565.40478516, 16419.8300781, 40604.2617188, 5515.21728516, 18257.2558594, 91897.15625, 5661.03125, 616.895996094, 147.932540894, 21.1625175476, 17.5105476379, 5.79418849945, 17.6379337311, 3.03652477264, 0.939995527267, 0.33564504981, 0.0479399114847, 0.0236193519086, 0.025899304077, 0.00963683519512, 0.00270737661049, 0.00121994549409, 0.000313747703331, 4.18646486651e-05, 2.78401515175e-08, 1.49573603503e-10],
        "max": [0.0816014260054, 4.32661008835, 48.7162055969, 73.5275878906, 50.8536148071, 100.692703247, 72.1287765503, 56.680519104, 73.3074035645, 92.7189865112, 216.963653564, 249.682189941, 114.041069031, 641.967529297, 1231.49438477, 1503.22106934, 2434.49072266, 696.881530762, 947.600646973, 3780.68969727, 684.181762695, 199.772872925, 113.209030151, 35.5759239197, 51.5970458984, 28.9217529297, 54.4812278748, 17.7740745544, 9.00038719177, 5.32883071899, 2.10939788818, 1.12302482128, 1.29791998863, 0.856730043888, 0.265829592943, 0.198041275144, 0.164355501533, 0.0382340252399, 0.00104008777998, 0.000107595820737],
        "mean": [0.00465185986832, 0.160133898258, 1.09616017342, 4.15983581543, 4.93092393875, 7.2365899086, 8.32652950287, 4.60324239731, 9.87609100342, 7.64799880981, 15.8034467697, 17.5911750793, 12.9231424332, 76.6337509155, 117.710983276, 89.3471755981, 177.869995117, 73.8423461914, 81.2508010864, 184.537399292, 60.403377533, 19.0087051392, 8.09841537476, 3.60563135147, 3.26245307922, 1.95863926411, 2.26890206337, 1.19767868519, 0.687247812748, 0.431127488613, 0.193121388555, 0.14699280262, 0.116943709552, 0.0853118598461, 0.0582939460874, 0.030564840883, 0.0166110191494, 0.00434155808762, 0.000117827992653, 3.13900673063e-05],
        "median": [0.000794861000031, 0.0225071255118, 0.308380365372, 2.26358580589, 3.24320840836, 4.0165719986, 6.23092269897, 2.53389286995, 4.81563425064, 4.8957285881, 8.50909900665, 8.45287322998, 7.35680437088, 35.3815078735, 18.801897049, 40.8947143555, 45.4944190979, 35.2715873718, 32.2251243591, 44.6990356445, 24.9584236145, 10.158867836, 4.78747272491, 2.27565264702, 1.80980396271, 1.24017477036, 0.948598921299, 0.539183557034, 0.445114374161, 0.293555378914, 0.156064048409, 0.117186225951, 0.0933015346527, 0.0662936866283, 0.0476215966046, 0.0238481648266, 0.0134066324681, 0.00307764322497, 8.46597758937e-05, 2.89823274215e-05],
        "min": [5.35336254492e-11, 3.2368821512e-10, 1.14876408386e-09, 3.57039309229e-09, 7.272014102e-09, 8.60479598686e-09, 1.09211066857e-08, 8.48607140114e-09, 5.94987215052e-09, 1.11540741088e-08, 1.88180901972e-08, 1.52861101554e-08, 3.36945866763e-08, 1.64532494296e-07, 2.44874456712e-07, 9.16475997315e-08, 7.81788074278e-08, 1.6800183289e-07, 2.34412269151e-07, 2.37500060507e-07, 2.76737694094e-07, 3.04809390173e-07, 3.58836757641e-07, 2.38829244381e-07, 1.53741922304e-07, 2.09634819726e-07, 1.42359326105e-07, 2.50908186672e-07, 1.25902772652e-07, 1.18262306614e-07, 1.53661531499e-07, 8.79827410927e-08, 1.25744378465e-07, 1.09888205202e-07, 5.25111119032e-08, 3.43607666764e-08, 2.22295213348e-08, 7.69396368838e-09, 2.08173656091e-09, 1.68719774263e-10],
        "stdev": [0.0118080750108, 0.488153189421, 3.51251792908, 6.36786842346, 5.93892860413, 11.8828449249, 7.95857858658, 6.58953714371, 12.5072650909, 10.1607990265, 22.5005874634, 25.6945610046, 16.2614192963, 100.769599915, 239.624023438, 137.97883606, 393.925506592, 105.337966919, 136.02406311, 377.438781738, 93.959197998, 24.3945293427, 10.9452285767, 4.24053573608, 4.68125963211, 2.34441447258, 4.34208393097, 1.88994944096, 0.747826755047, 0.442232936621, 0.153202310205, 0.118800207973, 0.102058552206, 0.0684444159269, 0.0410947650671, 0.0242653638124, 0.0127703174949, 0.0042181937024, 0.000107758372906, 1.89752008737e-05],
        "var": [0.000139430645504, 0.238293543458, 12.3377828598, 40.549747467, 35.2708740234, 141.202011108, 63.338973999, 43.4219970703, 156.431686401, 103.241828918, 506.27645874, 660.210449219, 264.433746338, 10154.5117188, 57419.671875, 19038.1601562, 155177.3125, 11096.0869141, 18502.5449219, 142460.03125, 8828.33105469, 595.093078613, 119.798034668, 17.9821434021, 21.9141921997, 5.49627971649, 18.8536930084, 3.57190895081, 0.55924487114, 0.195569977164, 0.0234709456563, 0.0141134895384, 0.0104159479961, 0.00468463823199, 0.00168877956457, 0.000588807917666, 0.000163081014762, 1.77931597136e-05, 1.16118670235e-08, 3.60058260984e-10]
    },
    "gfcc": {
        "mean": [-24.4388828278, 95.5194015503, -140.921157837, -7.8998465538, -39.0272521973, 11.5934820175, -48.8956108093, -8.24628353119, -35.6233596802, -1.70816576481, -31.1160526276, -1.38060438633, -15.3886566162],
        "cov": [[5040.17724609, 818.98260498, -415.747833252, -222.256530762, 250.967254639, 52.7679290771, 19.621635437, -112.281936646, 0.266940951347, 72.0492782593, 41.6089096069, -57.847026825, 54.444694519], [818.98260498, 509.945831299, 100.168113708, -37.1471214294, 46.8634338379, 13.2679405212, 41.5658378601, 25.1215705872, 40.9888916016, 1.714017272, 42.9973754883, -20.0952320099, -2.25527763367], [-415.747833252, 100.168113708, 595.69732666, 110.037368774, -148.027984619, 38.2268257141, 3.6972630024, 84.0540847778, 11.0167188644, -15.3643045425, 21.8513736725, 11.190451622, -87.8503494263], [-222.256530762, -37.1471214294, 110.037368774, 272.01550293, 50.1587982178, -10.8449039459, 9.96052074432, 11.9895620346, 18.7929019928, 38.3100776672, -11.639705658, -23.7139129639, -28.3206958771], [250.967254639, 46.8634338379, -148.027984619, 50.1587982178, 232.335601807, 37.0498390198, -22.9014396667, -18.0562801361, 26.8430690765, 19.1483745575, -8.70842170715, -20.5423069, 30.8231601715], [52.7679290771, 13.2679405212, 38.2268257141, -10.8449039459, 37.0498390198, 97.0816268921, 24.5407371521, 2.79019427299, 12.7483444214, 2.43730640411, 14.3666658401, 13.8315382004, 2.16375112534], [19.621635437, 41.5658378601, 3.6972630024, 9.96052074432, -22.9014396667, 24.5407371521, 108.448638916, 31.7816066742, -0.100506313145, 6.38931369781, 14.0513677597, 14.575802803, 4.69552946091], [-112.281936646, 25.1215705872, 84.0540847778, 11.9895620346, -18.0562801361, 2.79019427299, 31.7816066742, 97.7299575806, 22.4658699036, -9.61482048035, 9.96883106232, 11.3739089966, -5.21593141556], [0.266940951347, 40.9888916016, 11.0167188644, 18.7929019928, 26.8430690765, 12.7483444214, -0.100506313145, 22.4658699036, 78.0689163208, 29.009021759, -8.98284339905, -0.930591702461, 0.347076714039], [72.0492782593, 1.714017272, -15.3643045425, 38.3100776672, 19.1483745575, 2.43730640411, 6.38931369781, -9.61482048035, 29.009021759, 90.7289276123, 30.3175735474, -21.2802619934, -23.9742698669], [41.6089096069, 42.9973754883, 21.8513736725, -11.639705658, -8.70842170715, 14.3666658401, 14.0513677597, 9.96883106232, -8.98284339905, 30.3175735474, 86.2555618286, 26.9153804779, -25.8829841614], [-57.847026825, -20.0952320099, 11.190451622, -23.7139129639, -20.5423069, 13.8315382004, 14.575802803, 11.3739089966, -0.930591702461, -21.2802619934, 26.9153804779, 87.5252532959, 28.0309391022], [54.444694519, -2.25527763367, -87.8503494263, -28.3206958771, 30.8231601715, 2.16375112534, 4.69552946091, -5.21593141556, 0.347076714039, -23.9742698669, -25.8829841614, 28.0309391022, 96.1987686157]],
        "icov": [[0.000370513618691, -0.000863710825797, 0.000462707394036, 3.34927754011e-05, 9.57150041359e-05, -0.000559942563996, 0.000438765302533, -0.000166632802575, 0.000899018486962, -0.000872013042681, 0.000838119420223, -0.000501880946103, 0.000305122550344], [-0.000863710825797, 0.00554645992815, -0.00302036013454, 0.00153537315782, -0.00254124542698, 0.00402355566621, -0.00417313119397, 0.00257651275024, -0.00583269679919, 0.00480591319501, -0.00632783863693, 0.00445423275232, -0.00240193703212], [0.000462707394036, -0.00302036013454, 0.00536923576146, -0.00297688599676, 0.0044230921194, -0.00551124848425, 0.00441583571956, -0.004090834409, 0.00295543507673, -0.00142295099795, 0.00317425164394, -0.00248321588151, 0.00317595689557], [3.34927754011e-05, 0.00153537315782, -0.00297688599676, 0.0065497411415, -0.00425177812576, 0.0041020126082, -0.00341382622719, 0.00150526582729, -0.000826251110993, -0.00189311406575, 0.000644091982394, 0.000491356884595, 0.000306335394271], [9.57150041359e-05, -0.00254124542698, 0.0044230921194, -0.00425177812576, 0.0101809399202, -0.00746232410893, 0.00572105729952, -0.00275435182266, 0.000714497058652, -0.000865631212946, 0.00114807242062, 0.000466811237857, -0.000894481374417], [-0.000559942563996, 0.00402355566621, -0.00551124848425, 0.0041020126082, -0.00746232410893, 0.0190982297063, -0.00883632712066, 0.00581926852465, -0.00680669443682, 0.00419584009796, -0.00623704306781, 0.00176695012487, -0.00182859192137], [0.000438765302533, -0.00417313119397, 0.00441583571956, -0.00341382622719, 0.00572105729952, -0.00883632712066, 0.0166884530336, -0.00797038897872, 0.00674745859578, -0.00557558657601, 0.00478590792045, -0.0042056646198, 0.000899647478946], [-0.000166632802575, 0.00257651275024, -0.004090834409, 0.00150526582729, -0.00275435182266, 0.00581926852465, -0.00797038897872, 0.0178757347167, -0.0098977740854, 0.00754160666838, -0.0074075893499, 0.00354160694405, -0.00213789753616], [0.000899018486962, -0.00583269679919, 0.00295543507673, -0.000826251110993, 0.000714497058652, -0.00680669443682, 0.00674745859578, -0.0098977740854, 0.0271225143224, -0.0163938142359, 0.0155421635136, -0.0095902569592, 0.00366105488501], [-0.000872013042681, 0.00480591319501, -0.00142295099795, -0.00189311406575, -0.000865631212946, 0.00419584009796, -0.00557558657601, 0.00754160666838, -0.0163938142359, 0.0270018726587, -0.0180891752243, 0.0118456613272, -0.0019167928258], [0.000838119420223, -0.00632783863693, 0.00317425164394, 0.000644091982394, 0.00114807242062, -0.00623704306781, 0.00478590792045, -0.0074075893499, 0.0155421635136, -0.0180891752243, 0.0311939790845, -0.0168466754258, 0.010340555571], [-0.000501880946103, 0.00445423275232, -0.00248321588151, 0.000491356884595, 0.000466811237857, 0.00176695012487, -0.0042056646198, 0.00354160694405, -0.0095902569592, 0.0118456613272, -0.0168466754258, 0.0238011963665, -0.0100079169497], [0.000305122550344, -0.00240193703212, 0.00317595689557, 0.000306335394271, -0.000894481374417, -0.00182859192137, 0.000899647478946, -0.00213789753616, 0.00366105488501, -0.0019167928258, 0.010340555571, -0.0100079169497, 0.0185320302844]]
    },
    "melbands": {
        "dmean": [4.76322493341e-05, 0.000283890869468, 0.000524426228367, 0.000225479961955, 0.000156233028974, 5.29904209543e-05, 5.59883155802e-05, 2.98404320347e-05, 5.55669030291e-05, 5.41764857189e-05, 2.90393272735e-05, 0.000120098229672, 0.000137026261655, 9.83309728326e-05, 0.000129429507069, 0.000110263012175, 5.64693873457e-05, 6.80657394696e-05, 8.54061436257e-05, 9.34194831643e-05, 2.70650652965e-05, 1.08888380055e-05, 8.87608803168e-06, 2.23740903493e-06, 1.53017401772e-06, 1.54357383053e-06, 8.05388026492e-07, 6.98869598637e-07, 1.12213172088e-06, 4.61456096446e-07, 3.8967758087e-07, 2.01361203267e-07, 2.54223692764e-07, 9.80246710469e-08, 5.69651170679e-08, 6.99272391103e-08, 5.19535312549e-08, 4.74300030362e-08, 5.81480072981e-08, 4.4359524054e-08],
        "dmean2": [7.41807016311e-05, 0.000458922586404, 0.000955529569183, 0.000397381314542, 0.000270293967333, 8.00968336989e-05, 8.2599799498e-05, 4.83447656734e-05, 8.37978659547e-05, 7.73296414991e-05, 4.17550145357e-05, 0.000177182198968, 0.000193838859559, 0.000144706107676, 0.000202460665605, 0.000170856728801, 8.77161874087e-05, 0.000113037451229, 0.000128336425405, 0.000139691357617, 4.24298013968e-05, 1.78936388693e-05, 1.50967543959e-05, 3.482234888e-06, 2.43359181695e-06, 2.42983105636e-06, 1.23967458876e-06, 1.09476820853e-06, 1.70196460658e-06, 7.21879018784e-07, 5.97294899762e-07, 3.23570958471e-07, 4.24242074359e-07, 1.65779326267e-07, 9.55536023639e-08, 1.20913369983e-07, 8.84435777948e-08, 8.07506168599e-08, 9.86898029964e-08, 7.57770735049e-08],
        "dvar": [1.30850787983e-08, 4.47653889069e-07, 6.33424690477e-07, 1.2859074161e-07, 4.06580262791e-08, 7.90188536826e-09, 7.45617345643e-09, 2.5617643562e-09, 6.26009066806e-09, 9.31396204606e-09, 1.93309834806e-09, 4.19026768839e-08, 9.80654277782e-08, 5.10680244759e-08, 7.02137370467e-08, 4.54690685103e-08, 9.63398694154e-09, 2.42287523378e-08, 3.44075949954e-08, 6.64717134669e-08, 3.26724602928e-09, 3.98331229112e-10, 3.69859309846e-10, 9.79818049612e-12, 7.05027702885e-12, 4.68655366251e-12, 2.69789030526e-12, 1.3897759896e-12, 6.97767451457e-12, 8.43680052036e-13, 6.04207330869e-13, 8.65384559802e-14, 2.70940659231e-13, 1.24251313855e-14, 4.65942702241e-15, 8.21193868385e-15, 3.04785684301e-15, 3.48194852298e-15, 5.59016376551e-15, 2.4850945056e-15],
        "dvar2": [2.62325485778e-08, 8.27001201742e-07, 1.84831071692e-06, 3.96684896486e-07, 1.21222583971e-07, 1.74711907164e-08, 1.37634978969e-08, 5.65254820728e-09, 1.1817900436e-08, 1.71341358879e-08, 3.78548037361e-09, 7.46823900499e-08, 1.42811785508e-07, 1.01293252897e-07, 1.36986386678e-07, 9.17902340802e-08, 1.89408844165e-08, 5.41693907508e-08, 6.26945535487e-08, 1.19295989975e-07, 6.4464518168e-09, 8.53036752346e-10, 1.03887864977e-09, 2.36683953686e-11, 1.60913261882e-11, 1.18329781737e-11, 5.46618913327e-12, 3.31667028911e-12, 1.60400321497e-11, 2.20039221219e-12, 1.21719160358e-12, 2.22950442288e-13, 7.25375488841e-13, 3.35360875897e-14, 1.21718863219e-14, 2.27813729388e-14, 7.83336154324e-15, 9.53461281824e-15, 1.50456548126e-14, 6.56041163099e-15],
        "max": [0.00223046494648, 0.0168052464724, 0.0112673118711, 0.00470316084102, 0.00243757665157, 0.00115977157839, 0.00112619751599, 0.000885452434886, 0.0016276712995, 0.00144952093251, 0.000580214953516, 0.00280097383074, 0.00576016167179, 0.00291216536425, 0.00425759516656, 0.0031796686817, 0.00120415550191, 0.00206072535366, 0.00301321852021, 0.00384603394195, 0.000752204388846, 0.000280494947219, 0.000316071585985, 5.67841052543e-05, 2.92053646263e-05, 2.22533999477e-05, 4.54877044831e-05, 2.24125542445e-05, 5.26365220139e-05, 1.4248142179e-05, 1.5299217921e-05, 3.3644710129e-06, 8.00857105787e-06, 1.13601288376e-06, 1.03862544165e-06, 1.22494225252e-06, 6.07990557455e-07, 6.96979554959e-07, 1.06090078589e-06, 6.81704193539e-07],
        "mean": [9.02980900719e-05, 0.000485923548695, 0.000723273784388, 0.000437291368144, 0.000297579914331, 0.00010579697846, 0.000152964814333, 8.11284480733e-05, 0.000131261156639, 0.000102606987639, 6.13962474745e-05, 0.000290387659334, 0.000501000031363, 0.000176599394763, 0.000351295690052, 0.000294377357932, 0.000115617200208, 0.000118044532428, 0.000181493276614, 0.000204389027203, 5.06621581735e-05, 1.85649732884e-05, 1.36032185765e-05, 4.01447005061e-06, 2.59604826169e-06, 2.80292965726e-06, 1.5253933725e-06, 1.19064009141e-06, 1.74508295459e-06, 7.53766244088e-07, 6.70408041969e-07, 3.41741809962e-07, 3.98456933226e-07, 1.68209936646e-07, 9.8769952217e-08, 1.07895431256e-07, 8.16576672946e-08, 7.4165193098e-08, 9.09218726974e-08, 6.50283880077e-08],
        "median": [1.06068491732e-05, 0.000151667481987, 0.000415428017732, 0.000275038706604, 0.000208471159567, 6.09181588516e-05, 7.8756675066e-05, 5.40010696568e-05, 7.26172147552e-05, 4.37385824625e-05, 3.05236790155e-05, 0.000138345247251, 4.7388162784e-05, 5.02554539707e-05, 8.41271830723e-05, 8.5845713329e-05, 3.54910152964e-05, 3.25294458889e-05, 4.84791526105e-05, 4.44653269369e-05, 1.45232042996e-05, 8.56247606862e-06, 5.91681646256e-06, 2.60134743257e-06, 1.4352301605e-06, 1.57305282755e-06, 8.28118174923e-07, 7.01731210029e-07, 5.95975279793e-07, 3.83538804272e-07, 2.73579900067e-07, 2.19477314545e-07, 2.1956302021e-07, 1.234077871e-07, 7.72636568058e-08, 8.5235711822e-08, 6.44619291279e-08, 5.90329030103e-08, 7.17573200859e-08, 4.89479461407e-08],
        "min": [5.30204298434e-13, 5.53236872546e-13, 6.95958969708e-13, 5.97809345429e-13, 4.00023276222e-13, 1.80417624742e-13, 9.82978618207e-14, 1.2606632589e-13, 1.50717397005e-13, 9.24072897737e-14, 1.55755901341e-13, 6.1204795572e-13, 8.62798114204e-13, 3.78130035963e-13, 1.35827059235e-13, 1.95919533852e-13, 3.27489554572e-13, 3.46529743919e-13, 3.9869469488e-13, 2.99353451099e-13, 3.28946098875e-13, 2.47557562557e-13, 4.75252216053e-13, 2.3942919045e-13, 1.91993366734e-13, 1.14315010908e-13, 1.24343027194e-13, 1.38318040832e-13, 8.55276204134e-14, 1.23376799771e-13, 1.52209313404e-13, 5.81783698907e-14, 7.1966907531e-14, 6.85281773818e-14, 1.05260567515e-13, 4.69799573593e-14, 5.88976499408e-14, 7.84163519166e-14, 9.72657420101e-14, 1.0032436443e-13],
        "stdev": [0.00026477695792, 0.00132192287128, 0.00101834814996, 0.00053235568339, 0.000326107081492, 0.000144951525726, 0.000190825623577, 0.000100167060737, 0.000176019297214, 0.000154940426, 8.63297245814e-05, 0.000379387638532, 0.00113450456411, 0.000349524314515, 0.000713208166417, 0.000531752244569, 0.000182247560588, 0.000230443634791, 0.000312517746352, 0.000413179048337, 0.000100555516838, 2.79134255834e-05, 2.63877391262e-05, 4.85380633108e-06, 3.51439121005e-06, 3.35925597028e-06, 3.40449855685e-06, 1.6090605186e-06, 3.90664854422e-06, 1.12204031666e-06, 1.3311046132e-06, 3.66351201819e-07, 5.66605137919e-07, 1.45963767295e-07, 8.17458030156e-08, 9.6070884581e-08, 7.00049866964e-08, 6.40164472543e-08, 7.94755905531e-08, 5.58807258244e-08],
