{
"metadata": {
    "version": {
        "essentia": "2.1-beta6-dev",
        "essentia_git_sha": "v2.1_beta5-778-gc9eadba6",
        "extractor": "music 2.0"
    },
    "audio_properties": {
        "analysis": {
            "equal_loudness": 0,
            "length": 14.9999771118,
            "sample_rate": 44100,
            "start_time": 0,
            "downmix": "mix"
        },
        "bit_rate": 128000,
        "length": 15,
        "lossless": 0,
        "number_channels": 2,
        "replay_gain": -4.18949890137,
        "sample_rate": 48000,
        "codec": "mp3",
        "md5_encoded": "34a27e97ce4eb30b183a6407b52e08f3"
    },
    "tags": {
        "file_name": "yes-tobeover.mp3",
        "encoding": ["Lavf59.16.100"]
    }
},
"lowlevel": {
    "average_loudness": 0.900708675385,
    "barkbands_crest": {
        "dmean": 2.18566179276,
        "dmean2": 3.35684871674,
        "dvar": 6.31900978088,
        "dvar2": 16.864774704,
        "max": 25.9006309509,
        "mean": 12.3482513428,
        "median": 11.8874530792,
        "min": 4.63633775711,
        "stdev": 3.85440254211,
        "var": 14.8564195633
    },
    "barkbands_flatness_db": {
        "dmean": 0.025932835415,
        "dmean2": 0.0353333838284,
        "dvar": 0.000705162121449,
        "dvar2": 0.00145145179704,
        "max": 0.414891123772,
        "mean": 0.247446775436,
        "median": 0.251490980387,
        "min": 0.0640822425485,
        "stdev": 0.0819798633456,
        "var": 0.00672069843858
    },
    "barkbands_kurtosis": {
        "dmean": 2.4680454731,
        "dmean2": 4.149933815,
        "dvar": 168.372436523,
        "dvar2": 408.156005859,
        "max": 258.695068359,
        "mean": 2.71764063835,
        "median": 0.188159227371,
        "min": -1.77646231651,
        "stdev": 17.8846054077,
        "var": 319.859100342
    },
    "barkbands_skewness": {
        "dmean": 0.501507937908,
        "dmean2": 0.734180510044,
        "dvar": 0.807106673717,
        "dvar2": 1.85446453094,
        "max": 15.3288965225,
        "mean": -0.0634126737714,
        "median": -0.259842276573,
        "min": -2.56902980804,
        "stdev": 1.5719949007,
        "var": 2.47116780281
    },
    "barkbands_spread": {
        "dmean": 4.73838949203,
        "dmean2": 7.6796541214,
        "dvar": 56.2599487305,
        "dvar2": 144.273117065,
        "max": 55.487701416,
        "mean": 15.5248365402,
        "median": 12.0557336807,
        "min": 1.89703202248,
        "stdev": 10.6017017365,
        "var": 112.396080017
    },
    "dissonance": {
        "dmean": 0.0315155684948,
        "dmean2": 0.0522409528494,
        "dvar": 0.000826097792014,
        "dvar2": 0.00220515276305,
        "max": 0.499112606049,
        "mean": 0.431715488434,
        "median": 0.439090311527,
        "min": 0.230208009481,
        "stdev": 0.0430316738784,
        "var": 0.0018517250428
    },
    "dynamic_complexity": 6.28946685791,
    "erbbands_crest": {
        "dmean": 2.31755185127,
        "dmean2": 3.42023682594,
        "dvar": 6.79092359543,
        "dvar2": 17.2610607147,
        "max": 30.3821277618,
        "mean": 15.0989303589,
        "median": 14.2058868408,
        "min": 2.39525270462,
        "stdev": 5.21621704102,
        "var": 27.2089214325
    },
    "erbbands_flatness_db": {
        "dmean": 0.0207169223577,
        "dmean2": 0.02656946145,
        "dvar": 0.000492592109367,
        "dvar2": 0.000607780821156,
        "max": 0.435023039579,
        "mean": 0.30757316947,
        "median": 0.326899856329,
        "min": 0.0404760465026,
        "stdev": 0.0874320566654,
        "var": 0.00764436461031
    },
    "erbbands_kurtosis": {
        "dmean": 1.17985486984,
        "dmean2": 1.69957101345,
        "dvar": 4.31201887131,
        "dvar2": 9.3099155426,
        "max": 27.7984542847,
        "mean": 1.04303336143,
        "median": 0.126907348633,
        "min": -1.66809689999,
        "stdev": 2.9232134819,
        "var": 8.54517650604
    },
    "erbbands_skewness": {
        "dmean": 0.372099041939,
        "dmean2": 0.484167814255,
        "dvar": 0.207326039672,
        "dvar2": 0.432881385088,
        "max": 5.0812664032,
        "mean": -0.331243783236,
        "median": -0.336244642735,
        "min": -2.85024237633,
        "stdev": 0.899659454823,
        "var": 0.809387087822
    },
    "erbbands_spread": {
        "dmean": 2.92048978806,
        "dmean2": 3.98748636246,
        "dvar": 37.4441337585,
        "dvar2": 67.6651916504,
        "max": 150.82635498,
        "mean": 15.8721809387,
        "median": 14.0338525772,
        "min": 2.77491927147,
        "stdev": 13.5422859192,
        "var": 183.393508911
    },
    "hfc": {
        "dmean": 4.16639566422,
        "dmean2": 3.48764228821,
        "dvar": 42.6304244995,
        "dvar2": 29.7657966614,
        "max": 120.241928101,
        "mean": 14.8612117767,
        "median": 9.16802120209,
        "min": 1.09626491427e-16,
        "stdev": 18.4013366699,
        "var": 338.609191895
    },
    "loudness_ebu128": {
        "integrated": -21.8801383972,
        "loudness_range": 3.77329826355,
        "momentary": {
            "dmean": 1.74495995045,
            "dmean2": 1.60295331478,
            "dvar": 4.69898748398,
            "dvar2": 1.95234119892,
            "max": -18.0088253021,
            "mean": -24.6997585297,
            "median": -22.9860477448,
            "min": -95.6536254883,
            "stdev": 9.9082698822,
            "var": 98.1738052368
        },
        "short_term": {
            "dmean": 0.147932529449,
            "dmean2": 0.172958761454,
            "dvar": 0.0262833274901,
            "dvar2": 0.031333681196,
            "max": -20.0806503296,
            "mean": -22.0614242554,
            "median": -21.648771286,
            "min": -24.8926525116,
            "stdev": 1.35889232159,
            "var": 1.84658825397
        }
    },
    "melbands_crest": {
        "dmean": 2.41657042503,
        "dmean2": 3.60420036316,
        "dvar": 10.3696966171,
        "dvar2": 25.2015838623,
        "max": 36.2298202515,
        "mean": 13.3797302246,
        "median": 12.3012504578,
        "min": 1.63131761551,
        "stdev": 5.42480659485,
        "var": 29.428527832
    },
    "melbands_flatness_db": {
        "dmean": 0.0202600322664,
        "dmean2": 0.0260496158153,
        "dvar": 0.000509962090291,
        "dvar2": 0.000864860077854,
        "max": 0.494807273149,
        "mean": 0.261643499136,
        "median": 0.265349417925,
        "min": 0.00479280343279,
        "stdev": 0.073250874877,
        "var": 0.00536569021642
    },
    "melbands_kurtosis": {
        "dmean": 4.20744752884,
        "dmean2": 6.8264708519,
        "dvar": 993.672668457,
        "dvar2": 2571.20629883,
        "max": 581.80682373,
        "mean": 4.03391456604,
        "median": 0.0308754444122,
        "min": -1.79698216915,
        "stdev": 35.9860687256,
        "var": 1294.99719238
    },
    "melbands_skewness": {
        "dmean": 0.454864352942,
        "dmean2": 0.658708751202,
        "dvar": 1.28013026714,
        "dvar2": 2.9716258049,
        "max": 22.6191997528,
        "mean": 0.458388537169,
        "median": 0.255013674498,
        "min": -1.69988334179,
        "stdev": 1.68066346645,
        "var": 2.82462978363
    },
    "melbands_spread": {
        "dmean": 5.95102357864,
        "dmean2": 8.99525737762,
        "dvar": 91.3035812378,
        "dvar2": 203.078964233,
        "max": 152.866607666,
        "mean": 28.2103729248,
        "median": 23.0723800659,
        "min": 1.19077157974,
        "stdev": 20.4642734528,
        "var": 418.786468506
    },
    "pitch_salience": {
        "dmean": 0.0564785897732,
        "dmean2": 0.0842932015657,
        "dvar": 0.0045849555172,
        "dvar2": 0.0104758199304,
        "max": 0.973935127258,
        "mean": 0.58806437254,
        "median": 0.596372902393,
        "min": 0.0832962021232,
        "stdev": 0.126505121589,
        "var": 0.0160035472363
    },
    "silence_rate_20dB": {
        "dmean": 0,
        "dmean2": 0,
        "dvar": 0,
        "dvar2": 0,
        "max": 1,
        "mean": 1,
        "median": 1,
        "min": 1,
        "stdev": 0,
        "var": 0
    },
    "silence_rate_30dB": {
        "dmean": 0.0030959751457,
        "dmean2": 0.00620155036449,
        "dvar": 0.00308636389673,
        "dvar2": 0.00926395505667,
        "max": 1,
        "mean": 0.998454391956,
        "median": 1,
        "min": 0,
        "stdev": 0.0392836295068,
        "var": 0.00154320360161
    },
    "silence_rate_60dB": {
        "dmean": 0.0897832810879,
        "dmean2": 0.17984496057,
        "dvar": 0.0817219540477,
        "dvar2": 0.147499859333,
        "max": 1,
        "mean": 0.352395683527,
        "median": 0,
        "min": 0,
        "stdev": 0.47771564126,
        "var": 0.228212237358
    },
    "spectral_centroid": {
        "dmean": 155.952972412,
        "dmean2": 207.001190186,
        "dvar": 116918.8125,
        "dvar2": 217474.984375,
        "max": 11602.8662109,
        "mean": 1860.65222168,
        "median": 1619.24157715,
        "min": 254.988571167,
        "stdev": 1437.07678223,
        "var": 2065189.75
    },
    "spectral_complexity": {
        "dmean": 0.820433437824,
        "dmean2": 1.20620155334,
        "dvar": 1.24329638481,
        "dvar2": 1.84740531445,
        "max": 12,
        "mean": 5.42349290848,
        "median": 6,
        "min": 0,
        "stdev": 2.83496809006,
        "var": 8.03704357147
    },
    "spectral_decrease": {
        "dmean": 8.10532085893e-10,
        "dmean2": 7.07978342618e-10,
        "dvar": 1.7058761725e-18,
        "dvar2": 1.21311258409e-18,
        "max": 1.35986434662e-28,
        "mean": -2.67118149821e-09,
        "median": -1.52004442366e-09,
        "min": -2.5870308562e-08,
        "stdev": 3.51985485203e-09,
        "var": 1.23893780387e-17
    },
    "spectral_energy": {
        "dmean": 0.00342934229411,
        "dmean2": 0.00296520069242,
        "dvar": 3.03351826005e-05,
        "dvar2": 2.14331630559e-05,
        "max": 0.108546733856,
        "mean": 0.0114296087995,
        "median": 0.00654613040388,
        "min": 1.02372211883e-20,
        "stdev": 0.0149250430986,
        "var": 0.000222756905714
    },
    "spectral_energyband_high": {
        "dmean": 1.55198340508e-05,
        "dmean2": 2.02082337637e-05,
        "dvar": 7.43903383338e-10,
        "dvar2": 1.55313251149e-09,
        "max": 0.000336550234351,
        "mean": 3.31279152306e-05,
        "median": 1.78304708243e-05,
        "min": 7.0070518157e-21,
        "stdev": 4.43131793872e-05,
        "var": 1.96365790295e-09
    },
    "spectral_energyband_low": {
        "dmean": 8.12613143353e-05,
        "dmean2": 0.000138931063702,
        "dvar": 3.43870283359e-08,
        "dvar2": 9.56029921895e-08,
        "max": 0.00305771036074,
        "mean": 0.000104055456177,
        "median": 2.67681152764e-05,
        "min": 1.55587967193e-23,
        "stdev": 0.000239024477196,
        "var": 5.71326985721e-08
    },
    "spectral_energyband_middle_high": {
        "dmean": 0.00233125011437,
        "dmean2": 0.00196118606254,
        "dvar": 1.4294142602e-05,
        "dvar2": 1.08828535303e-05,
        "max": 0.0686444044113,
        "mean": 0.00800500158221,
        "median": 0.00418303441256,
        "min": 1.4331594776e-21,
        "stdev": 0.0106688318774,
        "var": 0.000113823982247
    },
    "spectral_energyband_middle_low": {
        "dmean": 0.00106949417386,
        "dmean2": 0.000892392126843,
        "dvar": 6.0459587985e-06,
        "dvar2": 4.49442723038e-06,
        "max": 0.0582681819797,
        "mean": 0.00314504979178,
        "median": 0.00110843637958,
        "min": 1.49753731798e-22,
        "stdev": 0.00602059159428,
        "var": 3.62475220754e-05
    },
    "spectral_entropy": {
        "dmean": 0.199347198009,
        "dmean2": 0.240628555417,
        "dvar": 0.059038169682,
        "dvar2": 0.0757003650069,
        "max": 9.81297016144,
        "mean": 6.27232170105,
        "median": 6.02135658264,
        "min": 5.01475715637,
        "stdev": 0.884923815727,
        "var": 0.783090114594
    },
    "spectral_flux": {
        "dmean": 0.0102712092921,
        "dmean2": 0.0157394278795,
        "dvar": 0.000107321313408,
        "dvar2": 0.000244148628553,
        "max": 0.105740979314,
        "mean": 0.02645438537,
        "median": 0.0233859494328,
        "min": 6.4171175318e-11,
        "stdev": 0.0173579137772,
        "var": 0.000301297171973
    },
    "spectral_kurtosis": {
        "dmean": 6.44640159607,
        "dmean2": 11.0626010895,
        "dvar": 40.1895294189,
        "dvar2": 125.029884338,
        "max": 54.8017311096,
        "mean": 16.3556556702,
        "median": 13.903635025,
        "min": -1.2627209425,
        "stdev": 10.6484661102,
        "var": 113.389831543
    },
    "spectral_rms": {
        "dmean": 0.000486156903207,
        "dmean2": 0.000403177051339,
        "dvar": 2.67732701786e-07,
        "dvar2": 1.78962494601e-07,
        "max": 0.0102907363325,
        "mean": 0.0027316911146,
        "median": 0.00252714636736,
        "min": 3.16030578443e-12,
        "stdev": 0.00192059681285,
        "var": 3.68869223166e-06
    },
    "spectral_rolloff": {
        "dmean": 231.998336792,
        "dmean2": 415.406890869,
        "dvar": 567387.5,
        "dvar2": 1053180.25,
        "max": 19810.546875,
        "mean": 2366.9855957,
        "median": 2002.58789062,
        "min": 21.533203125,
        "stdev": 2613.15722656,
        "var": 6828590.5
    },
    "spectral_skewness": {
        "dmean": 0.545292019844,
        "dmean2": 0.919636964798,
        "dvar": 0.237017869949,
        "dvar2": 0.745827198029,
        "max": 5.62975406647,
        "mean": 2.60665225983,
        "median": 2.54762268066,
        "min": -0.0389941260219,
        "stdev": 0.870112538338,
        "var": 0.757095813751
    },
    "spectral_spread": {
        "dmean": 521250.78125,
        "dmean2": 779627.75,
        "dvar": 1.79633376461e+12,
        "dvar2": 3.50285044122e+12,
        "max": 42042796,
        "mean": 3718886.25,
        "median": 2315437.25,
        "min": 1189810.625,
        "stdev": 5744969.5,
        "var": 3.30046719918e+13
    },
    "spectral_strongpeak": {
        "dmean": 0.749296844006,
        "dmean2": 0.998901069164,
        "dvar": 0.884033381939,
        "dvar2": 1.77361655235,
        "max": 9.18105792999,
        "mean": 2.63480734825,
        "median": 2.30990839005,
        "min": 0,
        "stdev": 2.21548676491,
        "var": 4.9083814621
    },
    "zerocrossingrate": {
        "dmean": 0.00843078829348,
        "dmean2": 0.0101713901386,
        "dvar": 0.000227534183068,
        "dvar2": 0.000315850571496,
        "max": 0.5341796875,
        "mean": 0.0800947248936,
        "median": 0.06787109375,
        "min": 0.00390625,
        "stdev": 0.0676330327988,
        "var": 0.0045742271468
    },
    "barkbands": {
        "dmean": [0.000232998543652, 1.82245967153e-05, 3.69113740817e-06, 3.65244136447e-06, 9.12209725357e-06, 9.97613678919e-05, 0.000115013826871, 0.000342425162671, 0.000527372176293, 1.49368224811e-05, 0.000481908209622, 0.000732164946385, 0.000385961408028, 5.90354247834e-05, 0.000271413213341, 0.000320974038914, 0.000246296345722, 0.000188605088624, 7.27945462131e-06, 5.11401003678e-06, 1.23150921354e-05, 3.52632241629e-06, 4.56991188003e-07, 3.85505416034e-07, 4.69425287974e-07, 6.26679423021e-07, 3.0599980505e-07],
        "dmean2": [0.000412119668908, 3.26215304085e-05, 6.66529467708e-06, 6.4880427999e-06, 1.15262891995e-05, 8.9242705144e-05, 9.16763674468e-05, 0.00027512430097, 0.000476493849419, 1.67337111634e-05, 0.000417999282945, 0.000684413302224, 0.000356655131327, 5.71096643398e-05, 0.000267510738922, 0.000334153795848, 0.000270706485026, 0.000215981097426, 8.52166613186e-06, 6.75249293636e-06, 1.63386557688e-05, 4.71159046356e-06, 7.05477134488e-07, 6.3360812419e-07, 8.0046623907e-07, 1.03141519503e-06, 5.12414942477e-07],
        "dvar": [4.35201656046e-07, 1.19489662609e-09, 5.45337247582e-11, 4.65262550708e-11, 7.76759601084e-10, 1.41488072813e-07, 1.27587469478e-07, 1.30162345613e-06, 4.26453561886e-06, 1.92675742028e-09, 1.6487819039e-06, 5.94349057792e-06, 2.06089134736e-06, 2.42276971818e-08, 2.88201448484e-07, 3.73829209366e-07, 2.43459453486e-07, 1.88594597716e-07, 3.1301347625e-10, 1.84747508958e-10, 7.20978943214e-10, 6.61337790087e-11, 4.90191329368e-13, 3.25813242488e-13, 6.63489933567e-13, 1.28263881721e-12, 4.56520509329e-13],
        "dvar2": [1.22471919894e-06, 3.56416474112e-09, 1.65575331224e-10, 1.37864497596e-10, 7.38982985915e-10, 1.08367956386e-07, 9.42418481031e-08, 8.43269390316e-07, 3.33829575538e-06, 2.07930028751e-09, 1.28274007238e-06, 5.64244419365e-06, 1.62818594163e-06, 2.37290809224e-08, 2.63730925099e-07, 3.14642107924e-07, 2.9011158631e-07, 2.21860602778e-07, 3.62060159631e-10, 3.14671927404e-10, 1.50570078628e-09, 1.26563079461e-10, 1.11409449374e-12, 8.30793333434e-13, 1.8438412689e-12, 3.27836130638e-12, 1.21913340968e-12],
        "max": [0.0094404425472, 0.000388084736187, 5.3961211961e-05, 4.92316539749e-05, 0.000700602657162, 0.00996762700379, 0.00943468883634, 0.0260815676302, 0.0582207143307, 0.00114024151117, 0.0295159760863, 0.0500895082951, 0.0337157659233, 0.00449829548597, 0.0105897318572, 0.015449013561, 0.00868034549057, 0.0104840425774, 0.000403100886615, 0.000214249725104, 0.000318839855026, 0.000153005763423, 8.31685520097e-06, 5.89134242546e-06, 9.28893587115e-06, 1.18744810607e-05, 6.08422305959e-06],
        "mean": [0.000222571849008, 2.08316123462e-05, 3.96051564167e-06, 3.87124646295e-06, 1.72661984834e-05, 0.000335734512191, 0.000325512519339, 0.000904364511371, 0.00153457548004, 3.96971954615e-05, 0.00147270713933, 0.00207749335095, 0.00119786907453, 0.00020609072817, 0.00071869965177, 0.000995299778879, 0.000708116975147, 0.000588857976254, 1.57823033078e-05, 8.06205389381e-06, 2.22039398068e-05, 5.14983094035e-06, 1.0784983715e-06, 1.0064484286e-06, 1.14344106805e-06, 1.3449312064e-06, 3.27474083406e-07],
        "median": [2.89328418148e-05, 8.31041052152e-06, 1.09740528842e-06, 1.21860659874e-06, 2.59733815255e-06, 5.28472173755e-06, 2.67563291345e-06, 2.17530687223e-05, 5.04769486724e-05, 1.82232679435e-06, 3.91897629015e-05, 7.19662557458e-06, 1.64326138474e-05, 2.90725583909e-05, 0.000118343356007, 0.000294245925033, 9.74472277449e-05, 4.76499699289e-05, 3.84002760256e-06, 1.75077445874e-06, 4.78879883303e-06, 1.64658843005e-06, 6.00531734563e-07, 4.55910452501e-07, 2.75163728247e-07, 1.18952137029e-07, 1.33325395169e-09],
        "min": [3.97722881928e-24, 7.07747860363e-24, 1.43561759027e-24, 3.69507698861e-25, 2.09288064039e-23, 7.6036653935e-24, 1.75182514772e-23, 1.39686471941e-23, 1.21056590809e-23, 2.04095828893e-23, 2.23667010412e-23, 4.48403053568e-23, 2.57594608436e-23, 4.12444091381e-23, 9.05514437333e-23, 7.66535005644e-23, 1.01762236358e-22, 1.3945934942e-22, 1.61402910205e-22, 1.98528824863e-22, 2.78584221817e-22, 4.33458998798e-22, 4.51964135778e-22, 6.85986475961e-22, 8.65316142952e-22, 1.4545786289e-21, 1.86992538131e-21],
        "stdev": [0.000699372496456, 3.57913340849e-05, 7.21608603271e-06, 6.76665194987e-06, 6.13807933405e-05, 0.000925843138248, 0.0010089869611, 0.00304547278211, 0.00489951949567, 0.000120948134281, 0.00340887834318, 0.00642251502723, 0.003839984769, 0.000480360060465, 0.00134650163818, 0.0018549093511, 0.00131676881574, 0.00132384966128, 3.64064690075e-05, 2.01620914595e-05, 4.11376968259e-05, 1.14610547826e-05, 1.24415805658e-06, 1.11789040602e-06, 1.54436020239e-06, 2.12383224607e-06, 7.81918970461e-07],
        "var": [4.8912187367e-07, 1.28101951269e-09, 5.20718988761e-11, 4.57875785898e-11, 3.7676022302e-09, 8.57185511904e-07, 1.01805471786e-06, 9.2749041869e-06, 2.40052904701e-05, 1.4628450451e-08, 1.16204519145e-05, 4.12486988353e-05, 1.47454838952e-05, 2.30745783369e-07, 1.81306666036e-06, 3.4406884879e-06, 1.7338802536e-06, 1.75257798674e-06, 1.32543087616e-09, 4.06509964579e-10, 1.69230995883e-09, 1.31355773481e-10, 1.54792921103e-12, 1.24967885432e-12, 2.38504832203e-12, 4.51066354407e-12, 6.11397271786e-13]
    },
    "erbbands": {
        "dmean": [0.00157643726561, 0.00196740007959, 0.00373960286379, 0.00877579860389, 0.0127722164616, 0.0342202037573, 0.22308512032, 1.04155266285, 0.556567847729, 5.14291572571, 7.37144136429, 10.7128782272, 6.04565095901, 6.0852098465, 29.2664737701, 19.6204414368, 19.9107551575, 2.22988796234, 3.85099625587, 21.6030979156, 18.8358325958, 16.0639152527, 11.5624647141, 2.25112652779, 0.258846491575, 0.34076628089, 0.657348036766, 0.269289135933, 0.0880516245961, 0.0261619593948, 0.0119912521914, 0.00884331017733, 0.00623084884137, 0.00558629957959, 0.00361885665916, 0.00299348006956, 0.00124029477593, 0.000589874107391, 2.42732166953e-05, 4.2849737838e-06],
        "dmean2": [0.00277283298783, 0.00346960872412, 0.00675972551107, 0.0155240213498, 0.0225240364671, 0.0437210276723, 0.20947471261, 0.934047281742, 0.483466655016, 4.15938615799, 6.01885271072, 10.0552396774, 5.0620675087, 5.34478569031, 26.3617286682, 18.0881881714, 18.4586791992, 2.12412214279, 3.56539678574, 21.7221088409, 18.4375476837, 17.255689621, 12.9970521927, 2.46545219421, 0.283341020346, 0.446351289749, 0.866940796375, 0.370950311422, 0.116556189954, 0.0360055081546, 0.0191514901817, 0.0145709989592, 0.0103126056492, 0.0096791991964, 0.0060813613236, 0.00512744160369, 0.00207661977038, 0.000997878727503, 3.96021569031e-05, 3.78658933187e-06],
        "dvar": [9.79752621788e-06, 1.09942266135e-05, 5.23634116689e-05, 0.000269783078693, 0.00070796586806, 0.00807426031679, 0.332382589579, 18.2987518311, 2.51593923569, 132.770309448, 501.697174072, 2548.01757812, 485.241912842, 236.731307983, 3300.68579102, 3255.23730469, 5169.1953125, 24.775636673, 92.0604553223, 1461.52563477, 1690.31286621, 955.067626953, 718.681091309, 19.4869747162, 0.199310615659, 0.682060241699, 2.52162432671, 0.193318858743, 0.0258096046746, 0.0021511639934, 0.000317903875839, 0.000165601071785, 9.02985193534e-05, 9.97671595542e-05, 3.9194834244e-05, 2.93606335617e-05, 5.7208853832e-06, 1.57583906457e-06, 2.7251079171e-09, 4.50835063726e-11],
        "dvar2": [2.90878433589e-05, 3.37579913321e-05, 0.000161575691891, 0.000817453837954, 0.00208685710095, 0.00872905179858, 0.21747264266, 14.1513910294, 2.05576634407, 95.0573730469, 345.561645508, 2075.93188477, 317.907440186, 191.819458008, 3069.54150391, 2985.49267578, 4092.36010742, 19.064207077, 76.8919448853, 1424.10705566, 1368.33300781, 1133.86633301, 826.292907715, 21.1233711243, 0.228908851743, 1.24568533897, 5.39705467224, 0.36406353116, 0.046396240592, 0.00405275914818, 0.000736825109925, 0.000436579954112, 0.000246393348789, 0.000288640556391, 0.00010786511848, 7.99190383987e-05, 1.43558108903e-05, 4.20565629611e-06, 7.17037584863e-09, 3.19132498205e-11],
        "max": [0.0393490754068, 0.0240874458104, 0.0573875419796, 0.112458467484, 0.29081222415, 1.92511820793, 17.5457687378, 116.577812195, 37.8839988708, 240.439254761, 484.399993896, 1578.8449707, 649.465515137, 356.147521973, 1023.13549805, 1118.46948242, 1638.64831543, 152.003311157, 265.531585693, 688.979797363, 1054.25842285, 594.791503906, 678.779541016, 67.6144638062, 8.7442150116, 12.5404720306, 18.4268054962, 6.82549381256, 2.74429774284, 0.972047328949, 0.234072431922, 0.147242352366, 0.0882748812437, 0.10744689405, 0.0684567838907, 0.0577053502202, 0.026571681723, 0.0126220919192, 0.000507626333274, 0.000131933149532],
        "mean": [0.00181371055078, 0.00230932910927, 0.00428316090256, 0.00993647798896, 0.016417466104, 0.0704566836357, 0.835837125778, 3.36205530167, 1.55279612541, 14.1986923218, 19.6824607849, 30.2958278656, 18.7761745453, 17.8866100311, 86.4606933594, 56.8079910278, 62.2032699585, 7.17761516571, 13.027844429, 60.0560836792, 64.2344970703, 48.38256073, 38.3429641724, 6.06455850601, 0.647641539574, 0.573036789894, 1.1622812748, 0.423868924379, 0.146271705627, 0.0546424128115, 0.0283387247473, 0.0212364159524, 0.0161945261061, 0.0118183372542, 0.00895517226309, 0.00615817448124, 0.00233976752497, 0.00072802871, 3.39139296557e-05, 1.48067911141e-05],
        "median": [0.0005694758147, 0.00108623225242, 0.00135626911651, 0.00345195340924, 0.00574359344319, 0.019872257486, 0.0463830716908, 0.0817857161164, 0.267320930958, 0.577371060848, 2.28578710556, 1.93914949894, 1.16518723965, 3.49938845634, 22.2473049164, 6.40771102905, 1.917532444, 1.73769044876, 3.13831329346, 20.0903186798, 22.3207454681, 13.6200771332, 5.6082277298, 1.38617753983, 0.220894351602, 0.115429028869, 0.14765137434, 0.178229033947, 0.0668795108795, 0.0312277115881, 0.0174047201872, 0.0111812632531, 0.00626692641526, 0.00341046997346, 0.00184197840281, 0.000713330286089, 0.000176047848072, 1.61331990967e-05, 1.07176601887e-05, 9.07893354452e-06],
        "min": [1.2482307662e-22, 6.21705091181e-22, 2.52097428063e-21, 3.86386282712e-21, 1.47557776793e-20, 6.38167386892e-20, 1.41117891381e-19, 9.91563630746e-20, 1.61436626701e-19, 3.10729621624e-19, 3.32215327842e-19, 3.80396944162e-19, 6.38143734697e-19, 7.66523458235e-19, 1.13096951675e-18, 1.91271764775e-18, 2.01968595623e-18, 2.90990228095e-18, 3.17502442062e-18, 4.48745647746e-18, 4.88219409681e-18, 6.19058372199e-18, 8.12130557616e-18, 5.66511889223e-18, 8.11436387646e-18, 9.37039627759e-18, 6.80841526126e-18, 1.13961003864e-17, 1.55365496338e-17, 1.1531145066e-17, 1.32539099919e-17, 1.11627560443e-17, 1.1801347749e-17, 8.60785403964e-18, 6.82998275497e-18, 4.75619505077e-18, 2.5658220295e-18, 9.81013976009e-19, 2.41045936419e-19, 3.01540194318e-20],
        "stdev": [0.00370469060726, 0.00342820747755, 0.00729400571436, 0.0165279563516, 0.0272493362427, 0.191785410047, 1.89756333828, 10.2058238983, 3.82371592522, 32.0797195435, 58.4697761536, 112.865470886, 63.824382782, 38.7310142517, 151.465072632, 148.50479126, 193.868484497, 15.0903282166, 28.4119586945, 94.7110137939, 127.163482666, 83.3299484253, 84.6552886963, 10.4333276749, 1.06055188179, 1.24562394619, 2.36911582947, 0.665205776691, 0.244477257133, 0.0811352133751, 0.0310176536441, 0.023166038096, 0.0189553070813, 0.0158243682235, 0.0123476013541, 0.00949630141258, 0.00398063194007, 0.00156352855265, 6.3887120632e-05, 1.82775766007e-05],
        "var": [1.37247325256e-05, 1.17526060421e-05, 5.32025223947e-05, 0.000273173354799, 0.000742526375689, 0.036781642586, 3.60074663162, 104.158836365, 14.6208028793, 1029.10852051, 3418.71484375, 12738.6152344, 4073.55175781, 1500.09155273, 22941.6699219, 22053.671875, 37584.9921875, 227.718002319, 807.239379883, 8970.17578125, 16170.5517578, 6943.88037109, 7166.51757812, 108.854316711, 1.1247702837, 1.55157911777, 5.61270952225, 0.442498713732, 0.0597691312432, 0.00658292276785, 0.000962094869465, 0.000536665320396, 0.000359303638106, 0.000250410637818, 0.000152463268023, 9.01797466213e-05, 1.5845431335e-05, 2.44462148657e-06, 4.08156441978e-09, 3.34069799601e-10]
    },
    "gfcc": {
        "mean": [-185.967498779, 77.2772064209, -183.677352905, -14.433722496, -37.4758033752, 4.16829013824, -30.3183498383, 19.8502998352, -2.38802051544, -1.46461212635, -11.3403835297, 14.3399467468, 4.94439840317],
        "cov": [[39869.9882812, 2039.60351562, -7690.83496094, -1088.35632324, -1130.45202637, -431.399139404, -634.156188965, 902.604980469, 308.670074463, 10.2180728912, -318.435852051, 536.65234375, 177.2265625], [2039.60351562, 981.572387695, -1124.7154541, -439.972320557, -175.500762939, -56.4626541138, -131.432113647, -344.526000977, 91.1693191528, -83.0745620728, 171.298904419, -14.0845422745, 343.695373535], [-7690.83496094, -1124.7154541, 3680.98339844, 548.210510254, 212.991851807, 379.356811523, -111.853881836, 233.025177002, -416.870513916, 145.431747437, -394.430023193, 125.463317871, -340.514434814], [-1088.35632324, -439.972320557, 548.210510254, 553.940979004, 95.9811248779, 32.7997169495, 97.9019927979, 215.727722168, 1.73215103149, -9.80900859833, -64.8563308716, -80.7326660156, -172.745193481], [-1130.45202637, -175.500762939, 212.991851807, 95.9811248779, 195.419631958, 30.131608963, 29.9117584229, -7.71800994873, -52.5837898254, 16.3455944061, 21.226650238, -2.28221702576, -67.2451705933], [-431.399139404, -56.4626541138, 379.356811523, 32.7997169495, 30.131608963, 236.830108643, -81.043510437, -36.852432251, -79.7716827393, 52.1469726562, -56.3572845459, -20.7351894379, -58.3860168457], [-634.156188965, -131.432113647, -111.853881836, 97.9019927979, 29.9117584229, -81.043510437, 224.415374756, 79.8284835815, 93.3544769287, -21.390007019, 63.8168945312, -75.3696060181, -87.9696960449], [902.604980469, -344.526000977, 233.025177002, 215.727722168, -7.71800994873, -36.852432251, 79.8284835815, 500.393707275, 68.3568878174, -14.803071022, -136.707092285, 12.7262363434, -193.893447876], [308.670074463, 91.1693191528, -416.870513916, 1.73215103149, -52.5837898254, -79.7716827393, 93.3544769287, 68.3568878174, 228.188705444, -31.7867927551, 36.3555107117, -86.1860580444, 44.8828048706], [10.2180728912, -83.0745620728, 145.431747437, -9.80900859833, 16.3455944061, 52.1469726562, -21.390007019, -14.803071022, -31.7867927551, 117.97240448, -24.1063137054, 9.21730041504, -36.3337593079], [-318.435852051, 171.298904419, -394.430023193, -64.8563308716, 21.226650238, -56.3572845459, 63.8168945312, -136.707092285, 36.3555107117, -24.1063137054, 244.20892334, 0.700693070889, 48.3793411255], [536.65234375, -14.0845422745, 125.463317871, -80.7326660156, -2.28221702576, -20.7351894379, -75.3696060181, 12.7262363434, -86.1860580444, 9.21730041504, 0.700693070889, 228.425460815, 51.027633667], [177.2265625, 343.695373535, -340.514434814, -172.745193481, -67.2451705933, -58.3860168457, -87.9696960449, -193.893447876, 44.8828048706, -36.3337593079, 48.3793411255, 51.027633667, 322.879821777]],
        "icov": [[0.00014705544163, -0.00011598454148, 0.000473134539789, -0.000192476640223, 0.000464078970253, -0.000147129161633, 0.000290427386062, -0.000326296983985, 0.000374872906832, -0.000345657434082, 0.000504849420395, -0.000489004247356, 0.000302600994473], [-0.00011598454148, 0.00402482040226, 0.000227919765166, 0.00145956606138, 0.00120301742572, -0.000668817898259, 0.00139632169157, 0.000858219456859, -0.000338946992997, 0.00203384296037, -0.00174425030127, 0.00148911145516, -0.00187196303159], [0.000473134539789, 0.000227919765166, 0.00216110330075, -0.000841826840769, 0.00158842466772, -0.00111075746827, 0.000880422303453, -0.000919375626836, 0.00183182244655, -0.00101582554635, 0.00206949445419, -0.00176571146585, 0.000744185061194], [-0.000192476640223, 0.00145956606138, -0.000841826840769, 0.00379899633117, -0.00107537710574, -7.98875989858e-05, -0.000335010816343, -0.000510209414642, -0.00043040807941, 0.00163134839386, -0.00136315089185, 0.00221100333147, -0.000841143424623], [0.000464078970253, 0.00120301742572, 0.00158842466772, -0.00107537710574, 0.00877536088228, -0.00103919499088, 0.000641615362838, -0.000242147056269, 0.00244810432196, -0.000822836882435, 9.65599610936e-05, -0.00131559045985, 0.000994178582914], [-0.000147129161633, -0.000668817898259, -0.00111075746827, -7.98875989858e-05, -0.00103919499088, 0.00744043383747, 0.0024369021412, 0.000977654359303, -0.000235387211433, -0.00145905104, -0.00024356249196, 0.00192328472622, 0.00155965529848], [0.000290427386062, 0.00139632169157, 0.000880422303453, -0.000335010816343, 0.000641615362838, 0.0024369021412, 0.0106709860265, -0.000531343568582, -0.00231676339172, 0.000271354161669, -0.0020233434625, 0.00108673772775, 0.00275008426979], [-0.000326296983985, 0.000858219456859, -0.000919375626836, -0.000510209414642, -0.000242147056269, 0.000977654359303, -0.000531343568582, 0.00575192319229, -0.00360042066313, 0.0020044951234, 0.00126202090178, -0.00119655753952, 0.00218474888243], [0.000374872906832, -0.000338946992997, 0.00183182244655, -0.00043040807941, 0.00244810432196, -0.000235387211433, -0.00231676339172, -0.00360042066313, 0.0108554726467, -0.00158010539599, 0.000627586967312, 0.00211437651888, -0.00258437963203], [-0.000345657434082, 0.00203384296037, -0.00101582554635, 0.00163134839386, -0.000822836882435, -0.00145905104, 0.000271354161669, 0.0020044951234, -0.00158010539599, 0.0117760840803, -0.000949146400671, 0.000789123994764, 0.000231020792853], [0.000504849420395, -0.00174425030127, 0.00206949445419, -0.00136315089185, 9.65599610936e-05, -0.00024356249196, -0.0020233434625, 0.00126202090178, 0.000627586967312, -0.000949146400671, 0.00951295718551, -0.00392016023397, 0.00221556820907], [-0.000489004247356, 0.00148911145516, -0.00176571146585, 0.00221100333147, -0.00131559045985, 0.00192328472622, 0.00108673772775, -0.00119655753952, 0.00211437651888, 0.000789123994764, -0.00392016023397, 0.00950838904828, -0.00346502987668], [0.000302600994473, -0.00187196303159, 0.000744185061194, -0.000841143424623, 0.000994178582914, 0.00155965529848, 0.00275008426979, 0.00218474888243, -0.00258437963203, 0.000231020792853, 0.00221556820907, -0.00346502987668, 0.00840969011188]]
    },
    "melbands": {
        "dmean": [1.7578520783e-05, 1.85755834536e-06, 1.4886433064e-06, 1.38569657793e-06, 6.66145933792e-06, 2.15296640818e-05, 1.22448964248e-05, 6.89923035679e-05, 6.04836386628e-05, 6.94075861247e-05, 2.85525948129e-05, 1.91230319615e-05, 9.46983782342e-05, 0.000103261285403, 3.45147964254e-05, 2.62924677372e-05, 3.04452169075e-06, 5.53294739802e-06, 2.08732035389e-05, 2.32575021073e-05, 2.14396422962e-05, 1.90340670088e-05, 1.08108579298e-05, 9.6727262644e-06, 9.42432393458e-07, 2.84847061494e-07, 1.95232047417e-07, 1.67327499412e-07, 5.71042392039e-07, 1.309265798e-07, 1.75246057665e-07, 6.70870861086e-08, 2.56809826737e-08, 1.15611475948e-08, 7.61941887362e-09, 6.60635901539e-09, 5.59730306549e-09, 4.81399053953e-09, 4.63198457368e-09, 5.42374012369e-09],
        "dmean2": [3.03187680402e-05, 3.32231684297e-06, 2.63468928097e-06, 2.03287095246e-06, 6.28557108939e-06, 1.92502284335e-05, 1.03839020085e-05, 5.55199003429e-05, 5.16379004694e-05, 6.40700745862e-05, 2.37382355408e-05, 1.72147338162e-05, 8.37235638755e-05, 9.62000340223e-05, 3.17035264743e-05, 2.48656288022e-05, 3.05802882394e-06, 5.2691775636e-06, 2.02930841624e-05, 2.41429552261e-05, 2.12170998566e-05, 2.03691652132e-05, 1.32135892272e-05, 1.05993849502e-05, 1.06235393105e-06, 3.31025972855e-07, 2.56573827073e-07, 2.27849199064e-07, 7.54333768782e-07, 1.85418159049e-07, 2.37012798721e-07, 9.05407020468e-08, 3.71749671046e-08, 1.69967897534e-08, 1.23247136941e-08, 1.10037490231e-08, 9.21851306401e-09, 8.04437405577e-09, 7.87029730276e-09, 9.39307387426e-09],
        "dvar": [1.46795375855e-09, 1.13226017104e-11, 8.05979328417e-12, 9.68903516446e-12, 3.00119568086e-10, 7.51232231977e-09, 1.13896159171e-09, 2.7878833464e-08, 4.12505833935e-08, 8.21583086008e-08, 1.2490974477e-08, 2.73920863769e-09, 3.73523008079e-08, 1.19576938573e-07, 1.74627405869e-08, 8.37041724822e-09, 5.03879576952e-11, 2.26802035486e-10, 1.88693016767e-09, 1.34208610891e-09, 2.53224574642e-09, 1.79714887416e-09, 8.00014998692e-10, 3.99263760942e-10, 2.66943021507e-12, 4.26679253995e-13, 2.68471551414e-13, 2.03556640402e-13, 2.08196480889e-12, 5.14665384149e-14, 1.26701695468e-13, 1.89100579813e-14, 3.14992854832e-15, 3.92433858474e-16, 1.25251820702e-16, 1.06042112692e-16, 6.72413333234e-17, 5.60961135081e-17, 6.28570113791e-17, 8.79449956937e-17],
        "dvar2": [4.14659417913e-09, 3.55111634542e-11, 2.41314173505e-11, 1.51296440654e-11, 1.91514373804e-10, 5.81092107765e-09, 8.88411511024e-10, 1.8829130255e-08, 3.12032071292e-08, 6.57680772065e-08, 8.15741785232e-09, 2.28289542825e-09, 3.05517353638e-08, 1.11691768723e-07, 1.37944473622e-08, 6.67862698478e-09, 5.02918887091e-11, 2.19661566714e-10, 1.6211901821e-09, 1.34955990827e-09, 2.02262806503e-09, 2.16562168198e-09, 9.97132598712e-10, 4.40397968093e-10, 3.23178441473e-12, 4.89916213067e-13, 3.93003853202e-13, 4.06496667923e-13, 4.43633194416e-12, 9.87480971017e-14, 2.2898902826e-13, 3.49123534986e-14, 6.06006672794e-15, 8.74895249021e-16, 3.00551086018e-16, 2.52792271487e-16, 1.93443518374e-16, 1.54755473797e-16, 1.71901908809e-16, 2.6007839596e-16],
        "max": [0.000613121606875, 2.77391191048e-05, 2.20930687647e-05, 6.49227804388e-05, 0.000527963158675, 0.00234475382604, 0.000738661619835, 0.0035042478703, 0.00494234310463, 0.00847165845335, 0.0032999610994, 0.00121499411762, 0.00431976653636, 0.00697986409068, 0.00324442773126, 0.00202248711139, 0.000213782055653, 0.000385667575756, 0.00108671735507, 0.000641761289444, 0.00122500548605, 0.000801659829449, 0.000643706822302, 0.000302277301671, 2.59906337305e-05, 1.49700899783e-05, 8.88822341949e-06, 7.32020589567e-06, 1.6305652025e-05, 2.98160716738e-06, 6.40874577584e-06, 2.40482677327e-06, 1.13856606276e-06, 2.48804781222e-07, 1.22922841683e-07, 1.1855477311e-07, 7.48380841742e-08, 7.87228628951e-08, 9.26150818259e-08, 9.64385762359e-08],
        "mean": [2.14684423554e-05, 2.3758932457e-06, 1.83722272595e-06, 2.34541698774e-06, 2.49437525781e-05, 7.04445847077e-05, 3.38921599905e-05, 0.000187412588275, 0.000161971489433, 0.000199669520953, 8.87507048901e-05, 5.36416773684e-05, 0.000284527020995, 0.000294176250463, 0.000106088387838, 8.17317923065e-05, 9.62585181696e-06, 1.96158343897e-05, 5.70205484109e-05, 6.58965946059e-05, 7.2630464274e-05, 5.34119353688e-05, 3.57323697244e-05, 2.62438006757e-05, 2.41971451942e-06, 6.02850377618e-07, 3.08514785274e-07, 2.516844404e-07, 9.65590402302e-07, 2.35030327644e-07, 2.45994755232e-07, 9.88023316495e-08, 4.42843273163e-08, 2.30107719545e-08, 1.59224349261e-08, 1.42487595056e-08, 1.22190391139e-08, 1.14132179263e-08, 1.05518376259e-08, 9.66157109872e-09],
        "median": [5.57575140192e-06, 9.63153070188e-07, 6.26691473826e-07, 4.78114998259e-07, 1.59620810791e-06, 9.96501853479e-07, 8.17550642296e-07, 6.43153953206e-06, 7.82286770118e-06, 6.63568198433e-06, 4.75161044733e-07, 2.39226619669e-06, 6.37020057184e-05, 3.20792491948e-06, 1.61431262313e-06, 2.64031041297e-06, 2.11638507608e-06, 9.61982550507e-07, 1.08875119622e-05, 3.04865425278e-05, 9.42942824622e-06, 5.21162201039e-06, 5.25932136952e-06, 2.76124728771e-06, 6.74796467592e-07, 1.44554817894e-07, 7.07914082909e-08, 5.66508937538e-08, 6.93772719274e-08, 8.63233609039e-08, 7.20252799624e-08, 3.31377947305e-08, 1.82440125229e-08, 1.24858825501e-08, 9.78010206154e-09, 7.24050464029e-09, 5.7744831139e-09, 4.60037963279e-09, 3.48648976356e-09, 2.63163868475e-09],
        "min": [1.43754596075e-24, 1.39955146133e-24, 8.36115842811e-25, 2.51785704943e-24, 5.17166993714e-24, 1.90602264501e-24, 2.61756315139e-24, 3.35336132783e-24, 1.8923033678e-24, 2.29076233583e-24, 2.73492474928e-24, 3.05936943453e-24, 3.10199158924e-24, 6.06647328421e-24, 3.94048565046e-24, 4.38241696805e-24, 4.97001066293e-24, 4.21318539907e-24, 5.7751623347e-24, 5.90817217193e-24, 5.47356818886e-24, 5.05414425619e-24, 6.83096351506e-24, 6.56214377882e-24, 3.64741830215e-24, 5.90053520951e-24, 5.8384976102e-24, 6.13154997016e-24, 3.79568076498e-24, 5.67739170297e-24, 5.03768703999e-24, 8.12249684428e-24, 6.99583702197e-24, 5.64882862731e-24, 6.95237788584e-24, 5.54480587848e-24, 7.56700466065e-24, 6.81650685011e-24, 6.53220374645e-24, 6.91967881246e-24],
